"daysFromToday","Day","Korea","Italy","X","dif.Korea","dif.Italy","dif.X","growth.Korea","growth.Italy","growth.X","prj.grKO.X","prj.grIT.X","grKO.prj.tot.X","grIT.prj.tot.X","dif.grKO.prj.tot.X","dif.grIT.prj.tot.X","growth.grKO.prj.tot.X","growth.grIT.prj.tot.X"
-122,NA,NA,NA,548,NA,NA,NA,NA,NA,NA,NA,NA,NA,NA,NA,NA,NA,NA
-121,NA,NA,NA,643,NA,NA,95,NA,NA,17.3357664233577,NA,NA,NA,NA,NA,NA,NA,NA
-120,NA,NA,NA,920,NA,NA,277,NA,NA,43.0793157076205,NA,NA,NA,NA,NA,NA,NA,NA
-119,NA,NA,NA,1406,NA,NA,486,NA,NA,52.8260869565217,NA,NA,NA,NA,NA,NA,NA,NA
-118,NA,NA,NA,2075,NA,NA,669,NA,NA,47.5817923186344,NA,NA,NA,NA,NA,NA,NA,NA
-117,NA,NA,NA,2877,NA,NA,802,NA,NA,38.6506024096386,NA,NA,NA,NA,NA,NA,NA,NA
-116,NA,NA,NA,5509,NA,NA,2632,NA,NA,91.4841849148418,NA,NA,NA,NA,NA,NA,NA,NA
-115,NA,NA,NA,6087,NA,NA,578,NA,NA,10.491922308949,NA,NA,NA,NA,NA,NA,NA,NA
-114,NA,NA,NA,8141,NA,NA,2054,NA,NA,33.7440446853951,NA,NA,NA,NA,NA,NA,NA,NA
-113,NA,NA,NA,9802,NA,NA,1661,NA,NA,20.4028989067682,NA,NA,NA,NA,NA,NA,NA,NA
-112,NA,NA,NA,11891,NA,NA,2089,NA,NA,21.3119771475209,NA,NA,NA,NA,NA,NA,NA,NA
-111,NA,NA,NA,16630,NA,NA,4739,NA,NA,39.8536708434951,NA,NA,NA,NA,NA,NA,NA,NA
-110,NA,NA,NA,19716,NA,NA,3086,NA,NA,18.5568250150331,NA,NA,NA,NA,NA,NA,NA,NA
-109,NA,NA,NA,23707,NA,NA,3991,NA,NA,20.2424426861432,NA,NA,NA,NA,NA,NA,NA,NA
-108,NA,NA,NA,27440,NA,NA,3733,NA,NA,15.7464040156916,NA,NA,NA,NA,NA,NA,NA,NA
-107,NA,NA,NA,30587,NA,NA,3147,NA,NA,11.4686588921283,NA,NA,NA,NA,NA,NA,NA,NA
-106,NA,NA,NA,34110,NA,NA,3523,NA,NA,11.5179651485925,NA,NA,NA,NA,NA,NA,NA,NA
-105,NA,NA,NA,36814,NA,NA,2704,NA,NA,7.92729404866608,NA,NA,NA,NA,NA,NA,NA,NA
-104,NA,NA,NA,39829,NA,NA,3015,NA,NA,8.18981909056337,NA,NA,NA,NA,NA,NA,NA,NA
-103,NA,NA,NA,42354,NA,NA,2525,NA,NA,6.3396017976851,NA,NA,NA,NA,NA,NA,NA,NA
-102,NA,NA,NA,44386,NA,NA,2032,NA,NA,4.79765783633187,NA,NA,NA,NA,NA,NA,NA,NA
-101,NA,NA,NA,44759,NA,NA,373,NA,NA,0.840355066912991,NA,NA,NA,NA,NA,NA,NA,NA
-100,NA,NA,NA,59895,NA,NA,15136,NA,NA,33.8166625706562,NA,NA,NA,NA,NA,NA,NA,NA
-99,NA,NA,NA,66358,NA,NA,6463,NA,NA,10.7905501293931,NA,NA,NA,NA,NA,NA,NA,NA
-98,NA,NA,NA,68413,NA,NA,2055,NA,NA,3.09683836161427,NA,NA,NA,NA,NA,NA,NA,NA
-97,NA,NA,NA,70513,NA,NA,2100,NA,NA,3.06959203660123,NA,NA,NA,NA,NA,NA,NA,NA
-96,NA,NA,NA,72434,NA,NA,1921,NA,NA,2.72432033809368,NA,NA,NA,NA,NA,NA,NA,NA
-95,NA,NA,NA,74211,NA,NA,1777,NA,NA,2.45326780241323,NA,NA,NA,NA,NA,NA,NA,NA
-94,NA,NA,NA,74619,NA,NA,408,NA,NA,0.549783724784735,NA,NA,NA,NA,NA,NA,NA,NA
-93,NA,NA,NA,75077,NA,NA,458,NA,NA,0.613784692906632,NA,NA,NA,NA,NA,NA,NA,NA
-92,NA,NA,NA,75550,NA,NA,473,NA,NA,0.630019846291141,NA,NA,NA,NA,NA,NA,NA,NA
-91,NA,NA,NA,77001,NA,NA,1451,NA,NA,1.92058239576439,NA,NA,NA,NA,NA,NA,NA,NA
-90,NA,NA,3670,77022,NA,NA,21,NA,NA,0.0272723730860638,NA,NA,NA,NA,NA,NA,NA,NA
-89,NA,NA,5423,77241,NA,1753,219,NA,47.7656675749319,0.284334346031004,NA,NA,NA,NA,NA,NA,NA,NA
-88,NA,NA,7625,77754,NA,2202,513,NA,40.6048312742025,0.664155047189964,NA,NA,NA,NA,NA,NA,NA,NA
-87,NA,NA,10727,78166,NA,3102,412,NA,40.6819672131148,0.529876276461661,NA,NA,NA,NA,NA,NA,NA,NA
-86,NA,NA,15510,78600,NA,4783,434,NA,44.5884217395357,0.555228616022312,NA,NA,NA,NA,NA,NA,NA,NA
-85,NA,NA,21027,78928,NA,5517,328,NA,35.5705996131528,0.417302798982188,NA,NA,NA,NA,NA,NA,NA,NA
-84,NA,NA,26710,79356,NA,5683,428,NA,27.0271555618966,0.54226636934928,NA,NA,NA,NA,NA,NA,NA,NA
-83,NA,NA,40113,79932,NA,13403,576,NA,50.1797079745414,0.725843036443369,NA,NA,NA,NA,NA,NA,NA,NA
-82,NA,NA,48211,80136,NA,8098,204,NA,20.18796898761,0.255216934394235,NA,NA,NA,NA,NA,NA,NA,NA
-81,NA,NA,59246,80261,NA,11035,125,NA,22.8889672481384,0.155984825796147,NA,NA,NA,NA,NA,NA,NA,NA
-80,NA,NA,73145,80386,NA,13899,125,NA,23.4598116328529,0.155741892077098,NA,NA,NA,NA,NA,NA,NA,NA
-79,NA,NA,91355,80537,NA,18210,151,NA,24.8957550071775,0.187843654367676,NA,NA,NA,NA,NA,NA,NA,NA
-78,NA,NA,109777,80690,NA,18422,153,NA,20.1652892561983,0.189974794193973,NA,NA,NA,NA,NA,NA,NA,NA
-77,NA,NA,139305,80770,NA,29528,80,NA,26.8981662825546,0.0991448754492502,NA,NA,NA,NA,NA,NA,NA,NA
-76,0,2911,174635,80823,NA,35330,53,NA,25.3616165966764,0.0656184226816887,NA,NA,NA,NA,NA,NA,NA,NA
-75,1,5710,217187,80860,2799,42552,37,96.1525249055307,24.3662496063218,0.045779048043255,NA,NA,NA,NA,NA,NA,NA,NA
-74,2,12120,240321,80887,6410,23134,27,112.259194395797,10.6516504210657,0.0333910462527826,NA,NA,NA,NA,NA,NA,NA,NA
-73,3,16850,295091,80921,4730,54770,34,39.026402640264,22.7903512385518,0.0420339485949535,NA,NA,NA,NA,NA,NA,NA,NA
-72,4,23315,357865,80932,6465,62774,11,38.3679525222552,21.2727599282933,0.0135935047762633,NA,NA,NA,NA,NA,NA,NA,NA
-71,5,27346,418176,80945,4031,60311,13,17.2892987347201,16.853003227474,0.0160628675925468,NA,NA,NA,NA,NA,NA,NA,NA
-70,6,35295,500983,80977,7949,82807,32,29.0682366708111,19.8019494184267,0.0395330162455989,NA,NA,NA,NA,NA,NA,NA,NA
-69,7,49430,585992,81003,14135,85009,26,40.0481654625301,16.9684400468679,0.0321078824851501,NA,NA,NA,NA,NA,NA,NA,NA
-68,8,65412,662547,81033,15982,76555,30,32.332591543597,13.0641715245259,0.0370356653457279,NA,NA,NA,NA,NA,NA,NA,NA
-67,9,88168,746040,81058,22756,83493,25,34.7887237815691,12.6018229650123,0.0308516283489443,NA,NA,NA,NA,NA,NA,NA,NA
-66,10,104570,845659,81102,16402,99619,44,18.6031213138554,13.3530373706504,0.0542821189765353,NA,NA,NA,NA,NA,NA,NA,NA
-65,11,121336,971680,81156,16766,126021,54,16.0332791431577,14.9021059315871,0.066582821632019,NA,NA,NA,NA,NA,NA,NA,NA
-64,12,145155,1113424,81250,23819,141744,94,19.6306125140107,14.5875185246172,0.115826309823057,NA,NA,NA,NA,NA,NA,NA,NA
-63,13,157330,1268689,81305,12175,155265,55,8.38758568426854,13.9448224575723,0.0676923076923077,NA,NA,NA,NA,NA,NA,NA,NA
-62,14,170402,1400346,81435,13072,131657,130,8.30865060700438,10.3774053373207,0.159891765574073,NA,NA,NA,NA,NA,NA,NA,NA
-61,15,184536,1513747,81498,14134,113401,63,8.29450358563867,8.09807004840232,0.0773623135015657,NA,NA,NA,NA,NA,NA,NA,NA
-60,16,197076,1638039,81591,12540,124292,93,6.79542203147353,8.21088332462426,0.11411322977251,NA,NA,NA,NA,NA,NA,NA,NA
-59,17,204717,1761408,81661,7641,123369,70,3.87718443646106,7.53150566012165,0.085793776274344,NA,NA,NA,NA,NA,NA,NA,NA
-58,18,209307,1908291,81782,4590,146883,121,2.24211960902123,8.33895383693046,0.148173546735896,NA,NA,NA,NA,NA,NA,NA,NA
-57,19,210287,2048212,81897,980,139921,115,0.468211765492793,7.33226745816021,0.140617739844954,NA,NA,NA,NA,NA,NA,NA,NA
-56,20,217060,2189672,81999,6773,141460,102,3.22083628564771,6.90651163063199,0.12454668669182,NA,NA,NA,NA,NA,NA,NA,NA
-55,21,220251,2313207,82122,3191,123535,123,1.47010043305998,5.64171254872876,0.150001829290601,NA,NA,NA,NA,NA,NA,NA,NA
-54,22,223330,2409108,82198,3079,95901,76,1.39795052008844,4.14580277510832,0.0925452375733665,NA,NA,NA,NA,NA,NA,NA,NA
-53,23,226325,2505080,82279,2995,95972,81,1.34106479201182,3.98371513439829,0.0985425436141999,NA,NA,NA,NA,NA,NA,NA,NA
-52,24,228452,2618315,82361,2127,113235,82,0.939798961670165,4.5202149232759,0.0996609098311841,NA,NA,NA,NA,NA,NA,NA,NA
-51,25,230524,2728850,82432,2072,110535,71,0.906973893859542,4.22160817166766,0.0862058498561212,NA,NA,NA,NA,NA,NA,NA,NA
-50,26,232875,2837419,82511,2351,108569,79,1.01985042772119,3.97856239807978,0.0958365683229814,NA,NA,NA,NA,NA,NA,NA,NA
-49,27,235478,2951198,82543,2603,113779,32,1.11776704240472,4.00994706809252,0.0387827077601774,NA,NA,NA,NA,NA,NA,NA,NA
-48,28,239732,3053398,82602,4254,102200,59,1.8065381904042,3.46300044930906,0.0714778963691652,NA,NA,NA,NA,NA,NA,NA,NA
-47,29,242167,3138620,82665,2435,85222,63,1.01571755126558,2.79105442526654,0.0762693397254304,NA,NA,NA,NA,NA,NA,NA,NA
-46,30,246282,3210581,82718,4115,71961,53,1.69924060668877,2.29275923813651,0.0641141958507228,NA,NA,NA,NA,NA,NA,NA,NA
-45,31,249025,3301415,82809,2743,90834,91,1.1137638966713,2.82920754841569,0.110012331052492,NA,NA,NA,NA,NA,NA,NA,NA
-44,32,250816,3400963,82883,1791,99548,74,0.719204899106515,3.01531313088479,0.0893622673863952,NA,NA,NA,NA,NA,NA,NA,NA
-43,33,252943,3494520,82941,2127,93557,58,0.848032023475376,2.75089731937689,0.0699781619873798,NA,NA,NA,NA,NA,NA,NA,NA
-42,34,255742,3605670,83014,2799,111150,73,1.10657341772652,3.18069434428763,0.0880143716617837,NA,NA,NA,NA,NA,NA,NA,NA
-41,35,258653,3702566,83134,2911,96896,120,1.13825652415325,2.68732302179623,0.144553930662298,NA,NA,NA,NA,NA,NA,NA,NA
-40,36,261200,3777227,83213,2547,74661,79,0.984716976025795,2.01646641815433,0.0950273053143118,NA,NA,NA,NA,NA,NA,NA,NA
-39,37,265287,3847602,83306,4087,70375,93,1.56470137825421,1.86313928180647,0.111761383437684,NA,NA,NA,NA,NA,NA,NA,NA
-38,38,268226,3910755,83356,2939,63153,50,1.1078567739844,1.64135999513463,0.0600196864571579,NA,NA,NA,NA,NA,NA,NA,NA
-37,39,270409,4000404,83403,2183,89649,47,0.813865919038423,2.29237065477127,0.0563846633715629,NA,NA,NA,NA,NA,NA,NA,NA
-36,40,273908,4083116,83760,3499,82712,357,1.29396580735109,2.0675911732915,0.428042156756951,NA,NA,NA,NA,NA,NA,NA,NA
-35,41,276735,4165781,83787,2827,82665,27,1.03209836879536,2.02455673559115,0.0322349570200573,NA,NA,NA,NA,NA,NA,NA,NA
-34,42,279226,4237931,83805,2491,72150,18,0.900139122264983,1.73196814714936,0.0214830462959648,NA,NA,NA,NA,NA,NA,NA,NA
-33,43,281633,4291352,83817,2407,53421,12,0.862025742588441,1.2605443552526,0.0143189547163057,NA,NA,NA,NA,NA,NA,NA,NA
-32,44,284264,4355973,83853,2631,64621,36,0.9341945013546,1.50584244778802,0.0429507140556212,NA,NA,NA,NA,NA,NA,NA,NA
-31,45,286531,4435772,83868,2267,79799,15,0.797498100357414,1.83194432105066,0.0178884476405138,NA,NA,NA,NA,NA,NA,NA,NA
-30,46,287847,4498427,83884,1316,62655,16,0.45928712774534,1.41249369895477,0.0190775981303954,NA,NA,NA,NA,NA,NA,NA,NA
-29,47,289162,4569963,83899,1315,71536,15,0.456839918428888,1.59024476778216,0.0178818368222784,NA,NA,NA,NA,NA,NA,NA,NA
-28,48,290646,4625775,83909,1484,55812,10,0.513207129567509,1.22127903442544,0.0119190931953897,NA,NA,NA,NA,NA,NA,NA,NA
-27,49,291737,4680805,83912,1091,55030,3,0.375370725900236,1.18963849300928,0.00357530181506155,NA,NA,NA,NA,NA,NA,NA,NA
-26,50,292493,4721984,83918,756,41179,6,0.259137510840243,0.879741839277646,0.00715034798360187,NA,NA,NA,NA,NA,NA,NA,NA
-25,51,293333,4771497,83940,840,49513,22,0.287186360015453,1.04856348517911,0.0262160680664458,NA,NA,NA,NA,NA,NA,NA,NA
-24,52,294228,4820892,83944,895,49395,4,0.305113983084072,1.03520970462729,0.00476530855372885,NA,NA,NA,NA,NA,NA,NA,NA
-23,53,294928,4865220,83956,700,44328,12,0.237910735891893,0.919497885453563,0.0142952444486801,NA,NA,NA,NA,NA,NA,NA,NA
-22,54,295684,4911749,83959,756,46529,3,0.256333749254055,0.956359630191441,0.00357330030015722,NA,NA,NA,NA,NA,NA,NA,NA
-21,55,296439,4956740,83959,755,44991,0,0.255340160441552,0.915987360103295,0,NA,NA,NA,NA,NA,NA,NA,NA
-20,56,297055,4989631,83964,616,32891,5,0.207799918364318,0.663561130904586,0.00595528769994878,NA,NA,NA,NA,NA,NA,NA,NA
-19,57,297671,5018543,83966,616,28912,2,0.207369005739678,0.579441646085652,0.00238197322662093,NA,NA,NA,NA,NA,NA,NA,NA
-18,58,298175,5043998,83968,504,25455,2,0.169314444470573,0.507218927884049,0.00238191649000786,NA,NA,NA,NA,NA,NA,NA,NA
-17,59,298399,5078191,83970,224,34193,2,0.0751236689863335,0.677894796944804,0.00238185975609756,NA,NA,NA,NA,NA,NA,NA,NA
-16,60,298763,5111366,83975,364,33175,5,0.121984323003763,0.653283817012791,0.0059545075622246,NA,NA,NA,NA,NA,NA,NA,NA
-15,61,299014,5142788,83976,251,31422,1,0.0840130806023504,0.614747603673852,0.00119083060434653,NA,NA,NA,NA,NA,NA,NA,NA
-14,62,299322,5168433,83990,308,25645,14,0.103005210458373,0.49865948197748,0.0166714299323616,NA,NA,NA,NA,NA,NA,NA,NA
-13,63,299714,5187424,84010,392,18991,20,0.130962642238125,0.367442124140915,0.0238123586141207,NA,NA,NA,NA,NA,NA,NA,NA
-12,64,299994,5205041,84011,280,17617,1,0.0934223960175367,0.339609794765186,0.00119033448399,NA,NA,NA,NA,NA,NA,NA,NA
-11,65,300274,5238240,84018,280,33199,7,0.0933352000373341,0.637823986400876,0.00833224220637774,NA,NA,NA,NA,NA,NA,NA,NA
-10,66,300554,5259267,84024,280,21027,6,0.0932481666744373,0.401413451846422,0.00714132685853031,NA,NA,NA,NA,NA,NA,NA,NA
-9,67,300946,5282757,84029,392,23490,5,0.1304258136641,0.446640187691555,0.0059506807578787,NA,NA,NA,NA,NA,NA,NA,NA
-8,68,301198,5301440,84038,252,18683,9,0.0837359526293754,0.353660030169853,0.0107105880112818,NA,NA,NA,NA,NA,NA,NA,NA
-7,69,301310,5322159,84044,112,20719,6,0.0371848418648198,0.390818343695298,0.00713962731145434,NA,NA,NA,NA,NA,NA,NA,NA
-6,70,301562,5338143,84054,252,15984,10,0.0836347947296804,0.300329246082276,0.0118985293417734,NA,NA,NA,NA,NA,NA,NA,NA
-5,71,301729,5348822,84063,167,10679,9,0.0553783301609619,0.200050841650364,0.0107074023841816,NA,NA,NA,NA,NA,NA,NA,NA
-4,72,302093,5368073,84063,364,19251,0,0.120638056003898,0.359911023399171,0,NA,NA,NA,NA,NA,NA,NA,NA
-3,73,302317,5383820,84063,224,15747,0,0.0741493513586876,0.293345489154115,0,NA,NA,NA,NA,NA,NA,NA,NA
-2,74,302401,5399022,84063,84,15202,0,0.027785404062623,0.282364566423097,0,NA,NA,NA,NA,NA,NA,NA,NA
-1,75,302457,5414461,84081,56,15439,18,0.0185184572802339,0.285959197795453,0.021412512044538,NA,NA,NA,NA,NA,NA,NA,NA
0,76,302569,5430302,84084,112,15841,3,0.0370300571651508,0.292568364607299,0.00356798801156028,NA,NA,84084,84084,3,3,NA,NA
1,77,302905,NA,NA,336,NA,NA,0.111049049968767,NA,NA,0.111049049968767,NA,84177.3744831757,NA,93.3744831757358,NA,0.111049049968764,NA
2,78,303409,NA,NA,504,NA,NA,0.166388801769532,NA,NA,0.166388801769532,NA,84317.4362079393,NA,140.061724763611,NA,0.166388801769536,NA
3,79,304360,NA,NA,951,NA,NA,0.313438296161287,NA,NA,0.313438296161287,NA,84581.7193433564,NA,264.283135417048,NA,0.313438296161291,NA
4,80,305340,NA,NA,980,NA,NA,0.321987120515179,NA,NA,0.321987120515179,NA,84854.0615859523,NA,272.342242595914,NA,0.321987120515192,NA
5,81,306096,NA,NA,756,NA,NA,0.247592847317744,NA,NA,0.247592847317744,NA,85064.1541730977,NA,210.092587145409,NA,0.247592847317741,NA
6,82,306824,NA,NA,728,NA,NA,0.237833882180754,NA,NA,0.237833882180754,NA,85266.4655533118,NA,202.311380214102,NA,0.237833882180756,NA
7,83,307635,NA,NA,811,NA,NA,0.264320913618231,NA,NA,0.264320913618231,NA,85491.8426540723,NA,225.377100760496,NA,0.26432091361824,NA
8,84,308391,NA,NA,756,NA,NA,0.24574577014969,NA,NA,0.24574577014969,NA,85701.9352412177,NA,210.092587145409,NA,0.245745770149688,NA
9,85,308923,NA,NA,532,NA,NA,0.172508276830387,NA,NA,0.172508276830387,NA,85849.7781729127,NA,147.842931694933,NA,0.172508276830404,NA
10,86,309287,NA,NA,364,NA,NA,0.117828714598784,NA,NA,0.117828714598784,NA,85950.9338630197,NA,101.155690107043,NA,0.117828714598776,NA
11,87,309707,NA,NA,420,NA,NA,0.135796202232878,NA,NA,0.135796202232878,NA,86067.6519669894,NA,116.718103969673,NA,0.135796202232878,NA
12,88,310070,NA,NA,363,NA,NA,0.117207554236746,NA,NA,0.117207554236746,NA,86168.5297568489,NA,100.8777898595,NA,0.117207554236743,NA
13,89,310966,NA,NA,896,NA,NA,0.288967007449931,NA,NA,0.288967007449931,NA,86417.5283786509,NA,248.998621801977,NA,0.288967007449939,NA
14,90,311302,NA,NA,336,NA,NA,0.108050397792685,NA,NA,0.108050397792685,NA,86510.9028618266,NA,93.3744831757504,NA,0.108050397792698,NA
15,91,311862,NA,NA,560,NA,NA,0.179889624865886,NA,NA,0.179889624865886,NA,86666.5270004528,NA,155.624138626226,NA,0.179889624865881,NA
16,92,312506,NA,NA,644,NA,NA,0.206501593653603,NA,NA,0.206501593653603,NA,86845.494759873,NA,178.967759420164,NA,0.206501593653601,NA
17,93,313205,NA,NA,699,NA,NA,0.223675705426456,NA,NA,0.223675705426456,NA,87039.7470329082,NA,194.252273035236,NA,0.223675705426449,NA
18,94,NA,NA,NA,NA,NA,NA,NA,NA,NA,NA,NA,NA,NA,NA,NA,NA,NA
19,95,NA,NA,NA,NA,NA,NA,NA,NA,NA,NA,NA,NA,NA,NA,NA,NA,NA
20,96,NA,NA,NA,NA,NA,NA,NA,NA,NA,NA,NA,NA,NA,NA,NA,NA,NA
21,97,NA,NA,NA,NA,NA,NA,NA,NA,NA,NA,NA,NA,NA,NA,NA,NA,NA
22,98,NA,NA,NA,NA,NA,NA,NA,NA,NA,NA,NA,NA,NA,NA,NA,NA,NA
23,99,NA,NA,NA,NA,NA,NA,NA,NA,NA,NA,NA,NA,NA,NA,NA,NA,NA
24,100,NA,NA,NA,NA,NA,NA,NA,NA,NA,NA,NA,NA,NA,NA,NA,NA,NA
25,101,NA,NA,NA,NA,NA,NA,NA,NA,NA,NA,NA,NA,NA,NA,NA,NA,NA
26,102,NA,NA,NA,NA,NA,NA,NA,NA,NA,NA,NA,NA,NA,NA,NA,NA,NA
27,103,NA,NA,NA,NA,NA,NA,NA,NA,NA,NA,NA,NA,NA,NA,NA,NA,NA
28,104,NA,NA,NA,NA,NA,NA,NA,NA,NA,NA,NA,NA,NA,NA,NA,NA,NA
29,105,NA,NA,NA,NA,NA,NA,NA,NA,NA,NA,NA,NA,NA,NA,NA,NA,NA
30,106,NA,NA,NA,NA,NA,NA,NA,NA,NA,NA,NA,NA,NA,NA,NA,NA,NA
31,107,NA,NA,NA,NA,NA,NA,NA,NA,NA,NA,NA,NA,NA,NA,NA,NA,NA
32,108,NA,NA,NA,NA,NA,NA,NA,NA,NA,NA,NA,NA,NA,NA,NA,NA,NA
33,109,NA,NA,NA,NA,NA,NA,NA,NA,NA,NA,NA,NA,NA,NA,NA,NA,NA
34,110,NA,NA,NA,NA,NA,NA,NA,NA,NA,NA,NA,NA,NA,NA,NA,NA,NA
35,111,NA,NA,NA,NA,NA,NA,NA,NA,NA,NA,NA,NA,NA,NA,NA,NA,NA
36,112,NA,NA,NA,NA,NA,NA,NA,NA,NA,NA,NA,NA,NA,NA,NA,NA,NA
37,113,NA,NA,NA,NA,NA,NA,NA,NA,NA,NA,NA,NA,NA,NA,NA,NA,NA
38,114,NA,NA,NA,NA,NA,NA,NA,NA,NA,NA,NA,NA,NA,NA,NA,NA,NA
39,115,NA,NA,NA,NA,NA,NA,NA,NA,NA,NA,NA,NA,NA,NA,NA,NA,NA
40,116,NA,NA,NA,NA,NA,NA,NA,NA,NA,NA,NA,NA,NA,NA,NA,NA,NA
41,117,NA,NA,NA,NA,NA,NA,NA,NA,NA,NA,NA,NA,NA,NA,NA,NA,NA
42,118,NA,NA,NA,NA,NA,NA,NA,NA,NA,NA,NA,NA,NA,NA,NA,NA,NA
43,119,NA,NA,NA,NA,NA,NA,NA,NA,NA,NA,NA,NA,NA,NA,NA,NA,NA
44,120,NA,NA,NA,NA,NA,NA,NA,NA,NA,NA,NA,NA,NA,NA,NA,NA,NA
45,121,NA,NA,NA,NA,NA,NA,NA,NA,NA,NA,NA,NA,NA,NA,NA,NA,NA
46,122,NA,NA,NA,NA,NA,NA,NA,NA,NA,NA,NA,NA,NA,NA,NA,NA,NA
