"daysFromToday","Day","Korea","Italy","X","dif.Korea","dif.Italy","dif.X","growth.Korea","growth.Italy","growth.X","prj.grKO.X","prj.grIT.X","grKO.prj.tot.X","grIT.prj.tot.X","dif.grKO.prj.tot.X","dif.grIT.prj.tot.X","growth.grKO.prj.tot.X","growth.grIT.prj.tot.X"
-71,NA,NA,NA,262,NA,NA,NA,NA,NA,NA,NA,NA,NA,NA,NA,NA,NA,NA
-70,NA,NA,NA,262,NA,NA,0,NA,NA,0,NA,NA,NA,NA,NA,NA,NA,NA
-69,NA,NA,NA,320,NA,NA,58,NA,NA,22.1374045801527,NA,NA,NA,NA,NA,NA,NA,NA
-68,NA,NA,NA,337,NA,NA,17,NA,NA,5.3125,NA,NA,NA,NA,NA,NA,NA,NA
-67,NA,NA,NA,401,NA,NA,64,NA,NA,18.9910979228487,NA,NA,NA,NA,NA,NA,NA,NA
-66,NA,NA,NA,439,NA,NA,38,NA,NA,9.47630922693267,NA,NA,NA,NA,NA,NA,NA,NA
-65,NA,NA,NA,439,NA,NA,0,NA,NA,0,NA,NA,NA,NA,NA,NA,NA,NA
-64,NA,NA,NA,452,NA,NA,13,NA,NA,2.96127562642369,NA,NA,NA,NA,NA,NA,NA,NA
-63,NA,NA,NA,460,NA,NA,8,NA,NA,1.76991150442478,NA,NA,NA,NA,NA,NA,NA,NA
-62,NA,NA,NA,470,NA,NA,10,NA,NA,2.17391304347826,NA,NA,NA,NA,NA,NA,NA,NA
-61,NA,NA,NA,481,NA,NA,11,NA,NA,2.34042553191489,NA,NA,NA,NA,NA,NA,NA,NA
-60,NA,NA,NA,494,NA,NA,13,NA,NA,2.7027027027027,NA,NA,NA,NA,NA,NA,NA,NA
-59,NA,NA,NA,501,NA,NA,7,NA,NA,1.417004048583,NA,NA,NA,NA,NA,NA,NA,NA
-58,NA,NA,NA,526,NA,NA,25,NA,NA,4.99001996007984,NA,NA,NA,NA,NA,NA,NA,NA
-57,NA,NA,NA,537,NA,NA,11,NA,NA,2.09125475285171,NA,NA,NA,NA,NA,NA,NA,NA
-56,NA,NA,NA,549,NA,NA,12,NA,NA,2.23463687150838,NA,NA,NA,NA,NA,NA,NA,NA
-55,NA,NA,NA,562,NA,NA,13,NA,NA,2.36794171220401,NA,NA,NA,NA,NA,NA,NA,NA
-54,NA,NA,NA,590,NA,NA,28,NA,NA,4.98220640569395,NA,NA,NA,NA,NA,NA,NA,NA
-53,NA,NA,NA,634,NA,NA,44,NA,NA,7.45762711864407,NA,NA,NA,NA,NA,NA,NA,NA
-52,NA,NA,NA,693,NA,NA,59,NA,NA,9.30599369085174,NA,NA,NA,NA,NA,NA,NA,NA
-51,NA,NA,NA,781,NA,NA,88,NA,NA,12.6984126984127,NA,NA,NA,NA,NA,NA,NA,NA
-50,NA,NA,NA,835,NA,NA,54,NA,NA,6.91421254801537,NA,NA,NA,NA,NA,NA,NA,NA
-49,NA,NA,NA,949,NA,NA,114,NA,NA,13.6526946107784,NA,NA,NA,NA,NA,NA,NA,NA
-48,NA,NA,NA,1075,NA,NA,126,NA,NA,13.277133825079,NA,NA,NA,NA,NA,NA,NA,NA
-47,NA,NA,NA,1325,NA,NA,250,NA,NA,23.2558139534884,NA,NA,NA,NA,NA,NA,NA,NA
-46,NA,NA,NA,1604,NA,NA,279,NA,NA,21.0566037735849,NA,NA,NA,NA,NA,NA,NA,NA
-45,NA,NA,NA,1832,NA,NA,228,NA,NA,14.214463840399,NA,NA,NA,NA,NA,NA,NA,NA
-44,NA,NA,NA,2057,NA,NA,225,NA,NA,12.2816593886463,NA,NA,NA,NA,NA,NA,NA,NA
-43,NA,NA,NA,2210,NA,NA,153,NA,NA,7.43801652892562,NA,NA,NA,NA,NA,NA,NA,NA
-42,NA,NA,NA,2376,NA,NA,166,NA,NA,7.51131221719457,NA,NA,NA,NA,NA,NA,NA,NA
-41,NA,NA,NA,2512,NA,NA,136,NA,NA,5.72390572390572,NA,NA,NA,NA,NA,NA,NA,NA
-40,NA,NA,7,2728,NA,NA,216,NA,NA,8.59872611464968,NA,NA,NA,NA,NA,NA,NA,NA
-39,NA,NA,11,2979,NA,4,251,NA,57.1428571428571,9.20087976539589,NA,NA,NA,NA,NA,NA,NA,NA
-38,NA,NA,15,3231,NA,4,252,NA,36.3636363636364,8.45921450151057,NA,NA,NA,NA,NA,NA,NA,NA
-37,NA,NA,21,3428,NA,6,197,NA,40,6.09718353450944,NA,NA,NA,NA,NA,NA,NA,NA
-36,NA,NA,31,3711,NA,10,283,NA,47.6190476190476,8.25554259043174,NA,NA,NA,NA,NA,NA,NA,NA
-35,NA,NA,42,4103,NA,11,392,NA,35.4838709677419,10.5631905146861,NA,NA,NA,NA,NA,NA,NA,NA
-34,NA,NA,53,4663,NA,11,560,NA,26.1904761904762,13.6485498415793,NA,NA,NA,NA,NA,NA,NA,NA
-33,NA,NA,79,5008,NA,26,345,NA,49.0566037735849,7.39867038387304,NA,NA,NA,NA,NA,NA,NA,NA
-32,NA,NA,95,5448,NA,16,440,NA,20.253164556962,8.78594249201278,NA,NA,NA,NA,NA,NA,NA,NA
-31,NA,NA,117,6015,NA,22,567,NA,23.1578947368421,10.4074889867841,NA,NA,NA,NA,NA,NA,NA,NA
-30,NA,NA,144,6533,NA,27,518,NA,23.0769230769231,8.6118038237739,NA,NA,NA,NA,NA,NA,NA,NA
-29,NA,NA,180,7141,NA,36,608,NA,25,9.30659727537119,NA,NA,NA,NA,NA,NA,NA,NA
-28,NA,NA,217,7764,NA,37,623,NA,20.5555555555556,8.72426830976054,NA,NA,NA,NA,NA,NA,NA,NA
-27,NA,NA,275,8525,NA,58,761,NA,26.7281105990783,9.80164863472437,NA,NA,NA,NA,NA,NA,NA,NA
-26,NA,NA,345,9358,NA,70,833,NA,25.4545454545455,9.77126099706745,NA,NA,NA,NA,NA,NA,NA,NA
-25,NA,NA,429,10287,NA,84,929,NA,24.3478260869565,9.92733490061979,NA,NA,NA,NA,NA,NA,NA,NA
-24,NA,NA,475,11244,NA,46,957,NA,10.7226107226107,9.30300379119277,NA,NA,NA,NA,NA,NA,NA,NA
-23,NA,NA,583,11921,NA,108,677,NA,22.7368421052632,6.02098897189612,NA,NA,NA,NA,NA,NA,NA,NA
-22,NA,NA,707,12564,NA,124,643,NA,21.2692967409949,5.39384279842295,NA,NA,NA,NA,NA,NA,NA,NA
-21,NA,NA,826,13409,NA,119,845,NA,16.8316831683168,6.72556510665393,NA,NA,NA,NA,NA,NA,NA,NA
-20,NA,NA,990,14096,NA,164,687,NA,19.8547215496368,5.12342456559028,NA,NA,NA,NA,NA,NA,NA,NA
-19,NA,NA,1157,14872,NA,167,776,NA,16.8686868686869,5.50510783200908,NA,NA,NA,NA,NA,NA,NA,NA
-18,0,6,1309,15551,NA,152,679,NA,13.1374243733794,4.5656266810113,NA,NA,NA,NA,NA,NA,NA,NA
-17,1,11,1474,16191,5,165,640,83.3333333333333,12.6050420168067,4.11549096521124,NA,NA,NA,NA,NA,NA,NA,NA
-16,2,24,1670,17142,13,196,951,118.181818181818,13.2971506105834,5.87363350009264,NA,NA,NA,NA,NA,NA,NA,NA
-15,3,33,1919,17972,9,249,830,37.5,14.9101796407186,4.84190876210477,NA,NA,NA,NA,NA,NA,NA,NA
-14,4,46,2199,18890,13,280,918,39.3939393939394,14.5909327774883,5.10794569330069,NA,NA,NA,NA,NA,NA,NA,NA
-13,5,54,2506,20201,8,307,1311,17.3913043478261,13.9608913142337,6.94017998941239,NA,NA,NA,NA,NA,NA,NA,NA
-12,6,70,2766,21331,16,260,1130,29.6296296296296,10.3750997605746,5.59378248601554,NA,NA,NA,NA,NA,NA,NA,NA
-11,7,98,2990,22520,28,224,1189,40,8.09833694866233,5.57404716140828,NA,NA,NA,NA,NA,NA,NA,NA
-10,8,129,3236,23623,31,246,1103,31.6326530612245,8.22742474916388,4.89786856127886,NA,NA,NA,NA,NA,NA,NA,NA
-9,9,174,3479,25149,45,243,1526,34.8837209302326,7.50927070457355,6.45980612115311,NA,NA,NA,NA,NA,NA,NA,NA
-8,10,207,3769,26539,33,290,1390,18.9655172413793,8.33572865766025,5.52705872996938,NA,NA,NA,NA,NA,NA,NA,NA
-7,11,240,4046,28272,33,277,1733,15.9420289855072,7.34942955691165,6.53001243453031,NA,NA,NA,NA,NA,NA,NA,NA
-6,12,287,4325,29425,47,279,1153,19.5833333333333,6.89569945625309,4.07823995472552,NA,NA,NA,NA,NA,NA,NA,NA
-5,13,311,4569,30972,24,244,1547,8.36236933797909,5.64161849710983,5.25743415463042,NA,NA,NA,NA,NA,NA,NA,NA
-4,14,337,4759,32604,26,190,1632,8.36012861736334,4.15845918144014,5.26927547462224,NA,NA,NA,NA,NA,NA,NA,NA
-3,15,365,4948,33969,28,189,1365,8.30860534124629,3.97142256776634,4.1866028708134,NA,NA,NA,NA,NA,NA,NA,NA
-2,16,389,5172,35606,24,224,1637,6.57534246575342,4.52708164915117,4.81909976743501,NA,NA,NA,NA,NA,NA,NA,NA
-1,17,404,5390,37097,15,218,1491,3.8560411311054,4.21500386697602,4.18749648935573,NA,NA,NA,NA,NA,NA,NA,NA
0,18,413,5605,38651,9,215,1554,2.22772277227723,3.98886827458256,4.18901797989056,NA,NA,38651,38651,1554,1554,NA,NA
1,19,415,5829,NA,2,224,NA,0.484261501210654,3.9964317573595,NA,0.484261501210654,3.9964317573595,38838.1719128329,40195.660838537,187.171912832935,1544.66083853703,0.484261501210667,3.99643175735952
2,20,429,6031,NA,14,202,NA,3.37349397590361,3.46543146337279,NA,3.37349397590361,3.46543146337279,40148.3753026634,41588.6139161463,1310.20338983051,1392.95307760928,3.37349397590362,3.4654314633728
3,21,435,6200,NA,6,169,NA,1.3986013986014,2.80218869175924,NA,1.3986013986014,2.80218869175924,40709.8910411622,42754.005352364,561.515738498791,1165.39143621766,1.3986013986014,2.80218869175923
4,22,441,6342,NA,6,142,NA,1.37931034482759,2.29032258064516,NA,1.37931034482759,2.29032258064516,41271.406779661,43733.2099910794,561.515738498791,979.204638715433,1.37931034482759,2.29032258064516
5,23,447,6521,NA,6,179,NA,1.36054421768707,2.82245348470514,NA,1.36054421768707,2.82245348470514,41832.9225181598,44967.559500446,561.515738498791,1234.34950936664,1.36054421768708,2.82245348470514
6,24,451,6718,NA,4,197,NA,0.894854586129754,3.02100904769207,NA,0.894854586129754,3.02100904769207,42207.2663438257,46326.0335414808,374.343825665856,1358.47404103479,0.894854586129744,3.02100904769207
7,25,455,6903,NA,4,185,NA,0.886917960088692,2.75379577255135,NA,0.886917960088692,2.75379577255135,42581.6101694915,47601.7578947368,374.343825665856,1275.72435325602,0.886917960088682,2.75379577255134
8,26,460,7122,NA,5,219,NA,1.0989010989011,3.17253368100826,NA,1.0989010989011,3.17253368100826,43049.5399515738,49111.9396966994,467.929782082319,1510.18180196253,1.09890109890109,3.17253368100825
9,27,465,7313,NA,5,191,NA,1.08695652173913,2.68183094636338,NA,1.08695652173913,2.68183094636338,43517.4697336562,50429.0388938448,467.929782082327,1317.09919714541,1.08695652173914,2.68183094636338
10,28,474,7461,NA,9,148,NA,1.93548387096774,2.02379324490633,NA,1.93548387096774,2.02379324490633,44359.7433414044,51449.6183764496,842.273607748182,1020.57948260482,1.93548387096774,2.02379324490634
11,29,478,7600,NA,4,139,NA,0.843881856540084,1.86302104275566,NA,0.843881856540084,1.86302104275566,44734.0871670702,52408.1355932203,374.343825665856,958.517216770742,0.843881856540075,1.86302104275567
12,30,486,7725,NA,8,125,NA,1.67364016736402,1.64473684210526,NA,1.67364016736402,1.64473684210526,45482.7748184019,53270.1115075825,748.687651331718,861.975914362178,1.67364016736402,1.64473684210527
13,31,492,7902,NA,6,177,NA,1.23456790123457,2.29126213592233,NA,1.23456790123457,2.29126213592233,46044.2905569007,54490.6694023194,561.515738498791,1220.55789473684,1.23456790123457,2.29126213592233
14,32,495,8065,NA,3,163,NA,0.609756097560976,2.06276891926095,NA,0.609756097560976,2.06276891926095,46325.0484261501,55614.6859946476,280.757869249392,1124.01659232828,0.609756097560969,2.06276891926094
15,33,500,8228,NA,5,163,NA,1.01010101010101,2.02107873527588,NA,1.01010101010101,2.02107873527588,46792.9782082324,56738.7025869759,467.929782082327,1124.01659232828,1.01010101010102,2.02107873527588
16,34,505,8371,NA,5,143,NA,1,1.7379679144385,NA,1,1.7379679144385,47260.9079903148,57724.8030330062,467.929782082327,986.10044603033,1.00000000000001,1.7379679144385
17,35,511,8476,NA,6,105,NA,1.18811881188119,1.25433042647234,NA,1.18811881188119,1.25433042647234,47822.4237288136,58448.8628010705,561.515738498791,724.059768064224,1.18811881188119,1.25433042647234
18,36,516,8604,NA,5,128,NA,0.978473581213307,1.51014629542237,NA,0.978473581213307,1.51014629542237,48290.3535108959,59331.5261373773,467.929782082319,882.663336306869,0.978473581213297,1.51014629542237
19,37,524,8762,NA,8,158,NA,1.55038759689922,1.83635518363552,NA,1.55038759689922,1.83635518363552,49039.0411622276,60421.0636931311,748.687651331718,1089.53755575379,1.55038759689922,1.83635518363552
20,38,530,8885,NA,6,123,NA,1.14503816793893,1.40378908924903,NA,1.14503816793893,1.40378908924903,49600.5569007264,61269.2479928635,561.515738498791,848.184299732384,1.14503816793893,1.40378908924903
21,39,534,9027,NA,4,142,NA,0.754716981132076,1.59819921215532,NA,0.754716981132076,1.59819921215532,49974.9007263922,62248.4526315789,374.343825665863,979.204638715433,0.754716981132082,1.59819921215532
22,40,541,9137,NA,7,110,NA,1.31086142322097,1.21856652265426,NA,1.31086142322097,1.21856652265426,50630.0024213075,63006.9914362177,655.101694915247,758.538804638716,1.31086142322096,1.21856652265426
23,41,547,9246,NA,6,109,NA,1.1090573012939,1.19295173470505,NA,1.1090573012939,1.19295173470505,51191.5181598063,63758.6344335415,561.515738498783,751.642997323812,1.10905730129389,1.19295173470504
24,42,552,9327,NA,5,81,NA,0.914076782449726,0.876054510058404,NA,0.914076782449726,0.876054510058404,51659.4479418886,64317.1948260482,467.929782082327,558.560392506697,0.91407678244973,0.876054510058414
25,43,556,9425,NA,4,98,NA,0.72463768115942,1.05071298381044,NA,0.72463768115942,1.05071298381044,52033.7917675545,64992.9839429081,374.343825665863,675.789116859953,0.724637681159427,1.05071298381045
26,44,561,9522,NA,5,97,NA,0.899280575539568,1.02917771883289,NA,0.899280575539568,1.02917771883289,52501.7215496368,65661.8772524532,467.929782082319,668.893309545048,0.899280575539559,1.02917771883289
27,45,566,9610,NA,5,88,NA,0.89126559714795,0.924175593362739,NA,0.89126559714795,0.924175593362739,52969.6513317191,66268.7082961641,467.929782082327,606.831043710961,0.891265597147955,0.924175593362722
28,46,569,9702,NA,3,92,NA,0.530035335689046,0.957336108220604,NA,0.530035335689046,0.957336108220604,53250.4092009685,66903.1225691347,280.757869249399,634.414272970564,0.530035335689054,0.957336108220606
29,47,571,9791,NA,2,89,NA,0.351493848857645,0.917336631622346,NA,0.351493848857645,0.917336631622346,53437.5811138014,67516.8494201606,187.171912832928,613.726851025873,0.351493848857641,0.91733663162235
30,48,574,9856,NA,3,65,NA,0.525394045534151,0.663874987233173,NA,0.525394045534151,0.663874987233173,53718.3389830508,67965.0768956289,280.757869249399,448.227475468331,0.525394045534159,0.663874987233173
31,49,576,9913,NA,2,57,NA,0.348432055749129,0.578327922077922,NA,0.348432055749129,0.578327922077922,53905.5108958838,68358.1379125781,187.171912832928,393.061016949156,0.348432055749125,0.578327922077927
32,50,578,9963,NA,2,50,NA,0.347222222222222,0.504388177141128,NA,0.347222222222222,0.504388177141128,54092.6828087167,68702.9282783229,187.171912832935,344.790365744877,0.347222222222232,0.504388177141137
33,51,579,10031,NA,1,68,NA,0.173010380622837,0.682525343771956,NA,0.173010380622837,0.682525343771956,54186.2687651332,69171.843175736,93.5859564164639,468.914897413022,0.173010380622836,0.682525343771953
34,52,581,10096,NA,2,65,NA,0.345423143350604,0.647991227195693,NA,0.345423143350604,0.647991227195693,54373.4406779661,69620.0706512043,187.171912832928,448.227475468331,0.345423143350601,0.647991227195692
35,53,583,10158,NA,2,62,NA,0.344234079173838,0.614104595879556,NA,0.344234079173838,0.614104595879556,54560.612590799,70047.6107047279,187.171912832928,427.54005352364,0.344234079173835,0.614104595879557
36,54,584,10209,NA,1,51,NA,0.171526586620926,0.502067336089781,NA,0.171526586620926,0.502067336089781,54654.1985472155,70399.2968777877,93.5859564164639,351.686173059759,0.171526586620924,0.502067336089769
37,55,586,10246,NA,2,37,NA,0.342465753424658,0.362425311000098,NA,0.342465753424658,0.362425311000098,54841.3704600484,70654.4417484389,187.171912832928,255.144870651202,0.342465753424654,0.362425311000095
38,56,587,10281,NA,1,35,NA,0.170648464163823,0.341596720671482,NA,0.170648464163823,0.341596720671482,54934.9564164649,70895.7950044603,93.5859564164566,241.353256021408,0.170648464163807,0.34159672067148
39,57,588,10347,NA,1,66,NA,0.170357751277683,0.641960898745258,NA,0.170357751277683,0.641960898745258,55028.5423728813,71350.9182872435,93.5859564164566,455.123282783228,0.170357751277668,0.641960898745257
40,58,589,10388,NA,1,41,NA,0.170068027210884,0.396250120807964,NA,0.170068027210884,0.396250120807964,55122.1283292978,71633.6463871543,93.5859564164712,282.728099910804,0.170068027210896,0.396250120807978
41,59,589,10435,NA,0,47,NA,0,0.452445128994994,NA,0,0.452445128994994,55122.1283292978,71957.7493309545,0,324.102943800186,0,0.452445128995005
42,60,590,10472,NA,1,37,NA,0.169779286926995,0.354575946334451,NA,0.169779286926995,0.354575946334451,55215.7142857143,72212.8942016057,93.5859564164566,255.144870651202,0.16977928692698,0.354575946334448
43,61,591,10513,NA,1,41,NA,0.169491525423729,0.391520244461421,NA,0.169491525423729,0.391520244461421,55309.3002421307,72495.6223015165,93.5859564164712,282.728099910804,0.16949152542374,0.391520244461435
44,62,591,10544,NA,0,31,NA,0,0.294873014363169,NA,0,0.294873014363169,55309.3002421307,72709.3923282783,0,213.77002676182,0,0.29487301436317
45,63,592,10565,NA,1,21,NA,0.169204737732657,0.199165402124431,NA,0.169204737732657,0.199165402124431,55402.8861985472,72854.2042818912,93.5859564164639,144.811953612851,0.169204737732655,0.199165402124438
46,64,593,10603,NA,1,38,NA,0.168918918918919,0.359678182678656,NA,0.168918918918919,0.359678182678656,55496.4721549637,73116.2449598573,93.5859564164712,262.040677966099,0.16891891891893,0.359678182678652
47,65,593,10634,NA,0,31,NA,0,0.292370083938508,NA,0,0.292370083938508,55496.4721549637,73330.0149866191,0,213.770026761806,0,0.292370083938489
48,66,594,10664,NA,1,30,NA,0.168634064080944,0.282113974045514,NA,0.168634064080944,0.282113974045514,55590.0581113801,73536.889206066,93.5859564164639,206.874219446923,0.168634064080943,0.282113974045516
49,67,594,NA,NA,0,NA,NA,0,NA,NA,0,NA,55590.0581113801,NA,0,NA,0,NA
50,68,595,NA,NA,1,NA,NA,0.168350168350168,NA,NA,0.168350168350168,NA,55683.6440677966,NA,93.5859564164639,NA,0.168350168350167,NA
51,69,595,NA,NA,0,NA,NA,0,NA,NA,0,NA,55683.6440677966,NA,0,NA,0,NA
52,70,596,NA,NA,1,NA,NA,0.168067226890756,NA,NA,0.168067226890756,NA,55777.2300242131,NA,93.5859564164639,NA,0.168067226890755,NA
53,71,596,NA,NA,0,NA,NA,0,NA,NA,0,NA,55777.2300242131,NA,0,NA,0,NA
54,72,597,NA,NA,1,NA,NA,0.167785234899329,NA,NA,0.167785234899329,NA,55870.8159806295,NA,93.5859564164639,NA,0.167785234899327,NA
55,73,597,NA,NA,0,NA,NA,0,NA,NA,0,NA,55870.8159806295,NA,0,NA,0,NA
56,74,597,NA,NA,0,NA,NA,0,NA,NA,0,NA,55870.8159806295,NA,0,NA,0,NA
57,75,597,NA,NA,0,NA,NA,0,NA,NA,0,NA,55870.8159806295,NA,0,NA,0,NA
58,76,598,NA,NA,1,NA,NA,0.16750418760469,NA,NA,0.16750418760469,NA,55964.401937046,NA,93.5859564164639,NA,0.167504187604688,NA
59,77,598,NA,NA,0,NA,NA,0,NA,NA,0,NA,55964.401937046,NA,0,NA,0,NA
60,78,599,NA,NA,1,NA,NA,0.167224080267559,NA,NA,0.167224080267559,NA,56057.9878934625,NA,93.5859564164712,NA,0.16722408026757,NA
61,79,601,NA,NA,2,NA,NA,0.333889816360601,NA,NA,0.333889816360601,NA,56245.1598062954,NA,187.171912832928,NA,0.333889816360598,NA
62,80,603,NA,NA,2,NA,NA,0.332778702163062,NA,NA,0.332778702163062,NA,56432.3317191283,NA,187.171912832928,NA,0.332778702163058,NA
63,81,605,NA,NA,2,NA,NA,0.33167495854063,NA,NA,0.33167495854063,NA,56619.5036319612,NA,187.171912832928,NA,0.331674958540627,NA
64,82,606,NA,NA,1,NA,NA,0.165289256198347,NA,NA,0.165289256198347,NA,56713.0895883777,NA,93.5859564164639,NA,0.165289256198345,NA
65,83,608,NA,NA,2,NA,NA,0.33003300330033,NA,NA,0.33003300330033,NA,56900.2615012106,NA,187.171912832928,NA,0.330033003300327,NA
66,84,609,NA,NA,1,NA,NA,0.164473684210526,NA,NA,0.164473684210526,NA,56993.8474576271,NA,93.5859564164639,NA,0.164473684210525,NA
67,85,610,NA,NA,1,NA,NA,0.164203612479475,NA,NA,0.164203612479475,NA,57087.4334140436,NA,93.5859564164712,NA,0.164203612479486,NA
68,86,611,NA,NA,1,NA,NA,0.163934426229508,NA,NA,0.163934426229508,NA,57181.01937046,NA,93.5859564164639,NA,0.163934426229506,NA
69,87,612,NA,NA,1,NA,NA,0.16366612111293,NA,NA,0.16366612111293,NA,57274.6053268765,NA,93.5859564164712,NA,0.163666121112941,NA
70,88,612,NA,NA,0,NA,NA,0,NA,NA,0,NA,57274.6053268765,NA,0,NA,0,NA
71,89,614,NA,NA,2,NA,NA,0.326797385620915,NA,NA,0.326797385620915,NA,57461.7772397094,NA,187.171912832928,NA,0.326797385620912,NA
72,90,615,NA,NA,1,NA,NA,0.162866449511401,NA,NA,0.162866449511401,NA,57555.3631961259,NA,93.5859564164639,NA,0.162866449511399,NA
73,91,616,NA,NA,1,NA,NA,0.16260162601626,NA,NA,0.16260162601626,NA,57648.9491525424,NA,93.5859564164712,NA,0.162601626016271,NA
