"daysFromToday","Day","Korea","Italy","X","dif.Korea","dif.Italy","dif.X","growth.Korea","growth.Italy","growth.X","prj.grKO.X","prj.grIT.X","grKO.prj.tot.X","grIT.prj.tot.X","dif.grKO.prj.tot.X","dif.grIT.prj.tot.X","growth.grKO.prj.tot.X","growth.grIT.prj.tot.X"
-134,0,1,NA,NA,NA,NA,NA,NA,NA,NA,NA,NA,NA,NA,NA,NA,NA,NA
-133,1,2,NA,NA,1,NA,NA,100,NA,NA,NA,NA,NA,NA,NA,NA,NA,NA
-132,2,5,NA,NA,3,NA,NA,150,NA,NA,NA,NA,NA,NA,NA,NA,NA,NA
-131,3,7,NA,NA,2,NA,NA,40,NA,NA,NA,NA,NA,NA,NA,NA,NA,NA
-130,4,10,NA,NA,3,NA,NA,42.8571428571429,NA,NA,NA,NA,NA,NA,NA,NA,NA,NA
-129,5,12,NA,NA,2,NA,NA,20,NA,NA,NA,NA,NA,NA,NA,NA,NA,NA
-128,6,15,NA,NA,3,NA,NA,25,NA,NA,NA,NA,NA,NA,NA,NA,NA,NA
-127,7,21,NA,NA,6,NA,NA,40,NA,NA,NA,NA,NA,NA,NA,NA,NA,NA
-126,8,28,NA,NA,7,NA,NA,33.3333333333333,NA,NA,NA,NA,NA,NA,NA,NA,NA,NA
-125,9,38,NA,NA,10,NA,NA,35.7142857142857,NA,NA,NA,NA,NA,NA,NA,NA,NA,NA
-124,10,45,NA,NA,7,NA,NA,18.4210526315789,NA,NA,NA,NA,NA,NA,NA,NA,NA,NA
-123,11,53,NA,NA,8,NA,NA,17.7777777777778,NA,NA,NA,NA,NA,NA,NA,NA,NA,NA
-122,12,63,NA,NA,10,NA,NA,18.8679245283019,NA,NA,NA,NA,NA,NA,NA,NA,NA,NA
-121,13,68,NA,NA,5,NA,NA,7.93650793650794,NA,NA,NA,NA,NA,NA,NA,NA,NA,NA
-120,14,74,NA,NA,6,NA,NA,8.82352941176471,NA,NA,NA,NA,NA,NA,NA,NA,NA,NA
-119,15,80,NA,NA,6,NA,NA,8.10810810810811,NA,NA,NA,NA,NA,NA,NA,NA,NA,NA
-118,16,86,NA,NA,6,NA,NA,7.5,NA,NA,NA,NA,NA,NA,NA,NA,NA,NA
-117,17,89,NA,NA,3,NA,NA,3.48837209302326,NA,NA,NA,NA,NA,NA,NA,NA,NA,NA
-116,18,91,NA,NA,2,NA,NA,2.24719101123596,NA,NA,NA,NA,NA,NA,NA,NA,NA,NA
-115,19,91,NA,NA,0,NA,NA,0,NA,NA,NA,NA,NA,NA,NA,NA,NA,NA
-114,20,94,NA,NA,3,NA,NA,3.2967032967033,NA,NA,NA,NA,NA,NA,NA,NA,NA,NA
-113,21,96,NA,NA,2,NA,NA,2.12765957446809,NA,NA,NA,NA,NA,NA,NA,NA,NA,NA
-112,22,97,NA,NA,1,NA,NA,1.04166666666667,NA,NA,NA,NA,NA,NA,NA,NA,NA,NA
-111,23,98,NA,125,1,NA,NA,1.03092783505155,NA,NA,NA,NA,NA,NA,NA,NA,NA,NA
-110,24,99,NA,160,1,NA,35,1.02040816326531,NA,28,NA,NA,NA,NA,NA,NA,NA,NA
-109,25,100,NA,185,1,NA,25,1.01010101010101,NA,15.625,NA,NA,NA,NA,NA,NA,NA,NA
-108,26,101,NA,213,1,NA,28,1,NA,15.1351351351351,NA,NA,NA,NA,NA,NA,NA,NA
-107,27,102,NA,234,1,NA,21,0.99009900990099,NA,9.85915492957746,NA,NA,NA,NA,NA,NA,NA,NA
-106,28,104,NA,256,2,NA,22,1.96078431372549,NA,9.4017094017094,NA,NA,NA,NA,NA,NA,NA,NA
-105,29,105,NA,293,1,NA,37,0.961538461538462,NA,14.453125,NA,NA,NA,NA,NA,NA,NA,NA
-104,30,107,NA,320,2,NA,27,1.9047619047619,NA,9.21501706484642,NA,NA,NA,NA,NA,NA,NA,NA
-103,31,108,NA,359,1,NA,39,0.934579439252336,NA,12.1875,NA,NA,NA,NA,NA,NA,NA,NA
-102,32,109,NA,390,1,NA,31,0.925925925925926,NA,8.63509749303621,NA,NA,NA,NA,NA,NA,NA,NA
-101,33,110,NA,460,1,NA,70,0.917431192660551,NA,17.9487179487179,NA,NA,NA,NA,NA,NA,NA,NA
-100,34,111,NA,512,1,NA,52,0.909090909090909,NA,11.304347826087,NA,NA,NA,NA,NA,NA,NA,NA
-99,35,112,NA,543,1,NA,31,0.900900900900901,NA,6.0546875,NA,NA,NA,NA,NA,NA,NA,NA
-98,36,114,NA,575,2,NA,32,1.78571428571429,NA,5.89318600368324,NA,NA,NA,NA,NA,NA,NA,NA
-97,37,115,NA,608,1,NA,33,0.87719298245614,NA,5.73913043478261,NA,NA,NA,NA,NA,NA,NA,NA
-96,38,117,NA,631,2,NA,23,1.73913043478261,NA,3.78289473684211,NA,NA,NA,NA,NA,NA,NA,NA
-95,39,118,NA,680,1,NA,49,0.854700854700855,NA,7.76545166402536,NA,NA,NA,NA,NA,NA,NA,NA
-94,40,119,NA,713,1,NA,33,0.847457627118644,NA,4.85294117647059,NA,NA,NA,NA,NA,NA,NA,NA
-93,41,120,NA,733,1,NA,20,0.840336134453782,NA,2.80504908835905,NA,NA,NA,NA,NA,NA,NA,NA
-92,42,121,NA,754,1,NA,21,0.833333333333333,NA,2.86493860845839,NA,NA,NA,NA,NA,NA,NA,NA
-91,43,122,NA,761,1,NA,7,0.826446280991736,NA,0.928381962864721,NA,NA,NA,NA,NA,NA,NA,NA
-90,44,124,NA,770,2,NA,9,1.63934426229508,NA,1.1826544021025,NA,NA,NA,NA,NA,NA,NA,NA
-89,45,125,NA,779,1,NA,9,0.806451612903226,NA,1.16883116883117,NA,NA,NA,NA,NA,NA,NA,NA
-88,46,125,NA,792,0,NA,13,0,NA,1.66880616174583,NA,NA,NA,NA,NA,NA,NA,NA
-87,47,126,NA,802,1,NA,10,0.8,NA,1.26262626262626,NA,NA,NA,NA,NA,NA,NA,NA
-86,48,126,NA,813,0,NA,11,0,NA,1.3715710723192,NA,NA,NA,NA,NA,NA,NA,NA
-85,49,127,NA,817,1,NA,4,0.793650793650794,NA,0.4920049200492,NA,NA,NA,NA,NA,NA,NA,NA
-84,50,127,NA,820,0,NA,3,0,NA,0.367197062423501,NA,NA,NA,NA,NA,NA,NA,NA
-83,51,128,NA,828,1,NA,8,0.78740157480315,NA,0.975609756097561,NA,NA,NA,NA,NA,NA,NA,NA
-82,52,128,NA,831,0,NA,3,0,NA,0.36231884057971,NA,NA,NA,NA,NA,NA,NA,NA
-81,53,128,NA,834,0,NA,3,0,NA,0.36101083032491,NA,NA,NA,NA,NA,NA,NA,NA
-80,54,129,2,843,1,NA,9,0.78125,NA,1.07913669064748,NA,NA,NA,NA,NA,NA,NA,NA
-79,55,129,2,852,0,0,9,0,0,1.06761565836299,NA,NA,NA,NA,NA,NA,NA,NA
-78,56,129,3,855,0,1,3,0,50,0.352112676056338,NA,NA,NA,NA,NA,NA,NA,NA
-77,57,129,5,862,0,2,7,0,66.6666666666667,0.818713450292398,NA,NA,NA,NA,NA,NA,NA,NA
-76,58,130,7,862,1,2,0,0.775193798449612,40,0,NA,NA,NA,NA,NA,NA,NA,NA
-75,59,130,9,866,0,2,4,0,28.5714285714286,0.464037122969838,NA,NA,NA,NA,NA,NA,NA,NA
-74,60,130,12,879,0,3,13,0,33.3333333333333,1.50115473441109,NA,NA,NA,NA,NA,NA,NA,NA
-73,61,130,17,885,0,5,6,0,41.6666666666667,0.68259385665529,NA,NA,NA,NA,NA,NA,NA,NA
-72,62,130,21,896,0,4,11,0,23.5294117647059,1.24293785310734,NA,NA,NA,NA,NA,NA,NA,NA
-71,63,130,26,901,0,5,5,0,23.8095238095238,0.558035714285714,NA,NA,NA,NA,NA,NA,NA,NA
-70,64,130,32,906,0,6,5,0,23.0769230769231,0.554938956714761,NA,NA,NA,NA,NA,NA,NA,NA
-69,65,131,40,909,1,8,3,0.769230769230769,25,0.33112582781457,NA,NA,NA,NA,NA,NA,NA,NA
-68,66,131,48,914,0,8,5,0,20,0.55005500550055,NA,NA,NA,NA,NA,NA,NA,NA
-67,67,131,61,916,0,13,2,0,27.0833333333333,0.218818380743982,NA,NA,NA,NA,NA,NA,NA,NA
-66,68,131,76,918,0,15,2,0,24.5901639344262,0.218340611353712,NA,NA,NA,NA,NA,NA,NA,NA
-65,69,131,95,926,0,19,8,0,25,0.871459694989107,NA,NA,NA,NA,NA,NA,NA,NA
-64,70,131,105,926,0,10,0,0,10.5263157894737,0,NA,NA,NA,NA,NA,NA,NA,NA
-63,71,131,129,927,0,24,1,0,22.8571428571429,0.107991360691145,NA,NA,NA,NA,NA,NA,NA,NA
-62,72,131,156,929,0,27,2,0,20.9302325581395,0.215749730312837,NA,NA,NA,NA,NA,NA,NA,NA
-61,73,131,182,930,0,26,1,0,16.6666666666667,0.107642626480086,NA,NA,NA,NA,NA,NA,NA,NA
-60,74,131,218,931,0,36,1,0,19.7802197802198,0.10752688172043,NA,NA,NA,NA,NA,NA,NA,NA
-59,75,132,255,932,1,37,1,0.763358778625954,16.9724770642202,0.107411385606874,NA,NA,NA,NA,NA,NA,NA,NA
-58,76,132,289,940,0,34,8,0,13.3333333333333,0.858369098712446,NA,NA,NA,NA,NA,NA,NA,NA
-57,77,132,325,940,0,36,0,0,12.4567474048443,0,NA,NA,NA,NA,NA,NA,NA,NA
-56,78,132,369,944,0,44,4,0,13.5384615384615,0.425531914893617,NA,NA,NA,NA,NA,NA,NA,NA
-55,79,132,423,944,0,54,0,0,14.6341463414634,0,NA,NA,NA,NA,NA,NA,NA,NA
-54,80,133,485,944,1,62,0,0.757575757575758,14.6572104018913,0,NA,NA,NA,NA,NA,NA,NA,NA
-53,81,133,553,950,0,68,6,0,14.020618556701,0.635593220338983,NA,NA,NA,NA,NA,NA,NA,NA
-52,82,133,610,952,0,57,2,0,10.3074141048825,0.210526315789474,NA,NA,NA,NA,NA,NA,NA,NA
-51,83,134,660,954,1,50,2,0.75187969924812,8.19672131147541,0.210084033613445,NA,NA,NA,NA,NA,NA,NA,NA
-50,84,134,714,956,0,54,2,0,8.18181818181818,0.209643605870021,NA,NA,NA,NA,NA,NA,NA,NA
-49,85,134,768,962,0,54,6,0,7.56302521008403,0.627615062761506,NA,NA,NA,NA,NA,NA,NA,NA
-48,86,134,832,967,0,64,5,0,8.33333333333333,0.51975051975052,NA,NA,NA,NA,NA,NA,NA,NA
-47,87,135,893,971,1,61,4,0.746268656716418,7.33173076923077,0.413650465356774,NA,NA,NA,NA,NA,NA,NA,NA
-46,88,135,954,974,0,61,3,0,6.83090705487122,0.308959835221421,NA,NA,NA,NA,NA,NA,NA,NA
-45,89,135,1008,975,0,54,1,0,5.66037735849057,0.102669404517454,NA,NA,NA,NA,NA,NA,NA,NA
-44,90,135,1050,977,0,42,2,0,4.16666666666667,0.205128205128205,NA,NA,NA,NA,NA,NA,NA,NA
-43,91,136,1092,981,1,42,4,0.740740740740741,4,0.409416581371546,NA,NA,NA,NA,NA,NA,NA,NA
-42,92,136,1141,983,0,49,2,0,4.48717948717949,0.203873598369011,NA,NA,NA,NA,NA,NA,NA,NA
-41,93,136,1189,988,0,48,5,0,4.2068361086766,0.508646998982706,NA,NA,NA,NA,NA,NA,NA,NA
-40,94,136,1237,990,0,48,2,0,4.03700588730025,0.202429149797571,NA,NA,NA,NA,NA,NA,NA,NA
-39,95,137,1286,1026,1,49,36,0.735294117647059,3.96119644300728,3.63636363636364,NA,NA,NA,NA,NA,NA,NA,NA
-38,96,137,1331,1027,0,45,1,0,3.49922239502333,0.0974658869395711,NA,NA,NA,NA,NA,NA,NA,NA
-37,97,138,1368,1046,1,37,19,0.72992700729927,2.77986476333584,1.85004868549172,NA,NA,NA,NA,NA,NA,NA,NA
-36,98,139,1399,1063,1,31,17,0.72463768115942,2.26608187134503,1.62523900573614,NA,NA,NA,NA,NA,NA,NA,NA
-35,99,139,1439,1075,0,40,12,0,2.85918513223731,1.12888052681091,NA,NA,NA,NA,NA,NA,NA,NA
-34,100,140,1482,1084,1,43,9,0.719424460431655,2.98818624044475,0.837209302325581,NA,NA,NA,NA,NA,NA,NA,NA
-33,101,140,1523,1095,0,41,11,0,2.76653171390014,1.01476014760148,NA,NA,NA,NA,NA,NA,NA,NA
-32,102,140,1571,1110,0,48,15,0,3.15167432698621,1.36986301369863,NA,NA,NA,NA,NA,NA,NA,NA
-31,103,141,1614,1119,1,43,9,0.714285714285714,2.73711012094207,0.810810810810811,NA,NA,NA,NA,NA,NA,NA,NA
-30,104,142,1646,1125,1,32,6,0.709219858156028,1.98265179677819,0.536193029490617,NA,NA,NA,NA,NA,NA,NA,NA
-29,105,142,1677,1127,0,31,2,0,1.88335358444714,0.177777777777778,NA,NA,NA,NA,NA,NA,NA,NA
-28,106,143,1704,1128,1,27,1,0.704225352112676,1.61001788908766,0.0887311446317657,NA,NA,NA,NA,NA,NA,NA,NA
-27,107,143,1744,1131,0,40,3,0,2.34741784037559,0.265957446808511,NA,NA,NA,NA,NA,NA,NA,NA
-26,108,144,1780,1130,1,36,-1,0.699300699300699,2.06422018348624,-0.0884173297966401,NA,NA,NA,NA,NA,NA,NA,NA
-25,109,144,1816,1135,0,36,5,0,2.02247191011236,0.442477876106195,NA,NA,NA,NA,NA,NA,NA,NA
-24,110,145,1847,1144,1,31,9,0.694444444444444,1.70704845814978,0.79295154185022,NA,NA,NA,NA,NA,NA,NA,NA
-23,111,145,1870,1147,0,23,3,0,1.24526258798051,0.262237762237762,NA,NA,NA,NA,NA,NA,NA,NA
-22,112,146,1899,1159,1,29,12,0.689655172413793,1.55080213903743,1.0462074978204,NA,NA,NA,NA,NA,NA,NA,NA
-21,113,147,1933,1163,1,34,4,0.684931506849315,1.79041600842549,0.345125107851596,NA,NA,NA,NA,NA,NA,NA,NA
-20,114,147,1961,1164,0,28,1,0,1.44852560786342,0.0859845227858985,NA,NA,NA,NA,NA,NA,NA,NA
-19,115,148,1992,1184,1,31,20,0.680272108843537,1.580826109128,1.71821305841924,NA,NA,NA,NA,NA,NA,NA,NA
-18,116,148,2016,1191,0,24,7,0,1.20481927710843,0.591216216216216,NA,NA,NA,NA,NA,NA,NA,NA
-17,117,148,2040,1198,0,24,7,0,1.19047619047619,0.587741393786734,NA,NA,NA,NA,NA,NA,NA,NA
-16,118,149,2058,1200,1,18,2,0.675675675675676,0.882352941176471,0.1669449081803,NA,NA,NA,NA,NA,NA,NA,NA
-15,119,150,2080,1202,1,22,2,0.671140939597315,1.0689990281827,0.166666666666667,NA,NA,NA,NA,NA,NA,NA,NA
-14,120,151,2101,1208,1,21,6,0.666666666666667,1.00961538461538,0.499168053244592,NA,NA,NA,NA,NA,NA,NA,NA
-13,121,151,2120,1208,0,19,0,0,0.904331270823417,0,NA,NA,NA,NA,NA,NA,NA,NA
-12,122,151,2141,1210,0,21,2,0,0.990566037735849,0.165562913907285,NA,NA,NA,NA,NA,NA,NA,NA
-11,123,152,2160,1227,1,19,17,0.662251655629139,0.887435777673984,1.40495867768595,NA,NA,NA,NA,NA,NA,NA,NA
-10,124,153,2175,1236,1,15,9,0.657894736842105,0.694444444444444,0.733496332518337,NA,NA,NA,NA,NA,NA,NA,NA
-9,125,153,2187,1238,0,12,2,0,0.551724137931034,0.161812297734628,NA,NA,NA,NA,NA,NA,NA,NA
-8,126,153,2198,1249,0,11,11,0,0.50297210791038,0.888529886914378,NA,NA,NA,NA,NA,NA,NA,NA
-7,127,154,2213,1251,1,15,2,0.65359477124183,0.682438580527753,0.160128102481986,NA,NA,NA,NA,NA,NA,NA,NA
-6,128,155,2228,1254,1,15,3,0.649350649350649,0.677812923633077,0.239808153477218,NA,NA,NA,NA,NA,NA,NA,NA
-5,129,155,2241,1256,0,13,2,0,0.583482944344704,0.159489633173844,NA,NA,NA,NA,NA,NA,NA,NA
-4,130,156,2253,1272,1,12,16,0.645161290322581,0.535475234270415,1.27388535031847,NA,NA,NA,NA,NA,NA,NA,NA
-3,131,156,2261,1277,0,8,5,0,0.355082112738571,0.393081761006289,NA,NA,NA,NA,NA,NA,NA,NA
-2,132,157,2269,1283,1,8,6,0.641025641025641,0.353825740822645,0.469851213782302,NA,NA,NA,NA,NA,NA,NA,NA
-1,133,158,2283,1296,1,14,13,0.636942675159236,0.617011899515205,1.01325019485581,NA,NA,NA,NA,NA,NA,NA,NA
0,134,159,2292,1301,1,9,5,0.632911392405063,0.394218134034166,0.385802469135802,NA,NA,1301,1301,5,5,NA,NA
1,135,159,2302,NA,0,10,NA,0,0.43630017452007,NA,0,0.43630017452007,1301,1306.67626527051,0,5.67626527050629,0,0.436300174520084
2,136,160,2311,NA,1,9,NA,0.628930817610063,0.390964378801043,NA,0.628930817610063,0.390964378801043,1309.18238993711,1311.78490401396,8.18238993710702,5.10863874345546,0.628930817610071,0.390964378801039
3,137,160,2320,NA,0,9,NA,0,0.389441800086543,NA,0,0.389441800086543,1309.18238993711,1316.89354275742,0,5.10863874345546,0,0.38944180008654
4,138,161,2327,NA,1,7,NA,0.625,0.301724137931034,NA,0.625,0.301724137931034,1317.36477987421,1320.86692844677,8.18238993710702,3.97338568935425,0.625000000000008,0.301724137931032
5,139,162,2331,NA,1,4,NA,0.62111801242236,0.171895143962183,NA,0.62111801242236,0.171895143962183,1325.54716981132,1323.13743455497,8.18238993710679,2.27050610820243,0.621118012422351,0.171895143962182
6,140,162,2340,NA,0,9,NA,0,0.386100386100386,NA,0,0.386100386100386,1325.54716981132,1328.24607329843,0,5.10863874345546,0,0.386100386100383
7,141,163,2346,NA,1,6,NA,0.617283950617284,0.256410256410256,NA,0.617283950617284,0.256410256410256,1333.72955974843,1331.65183246073,8.18238993710702,3.40575916230364,0.617283950617291,0.256410256410254
8,142,163,2353,NA,0,7,NA,0,0.298380221653879,NA,0,0.298380221653879,1333.72955974843,1335.62521815009,0,3.97338568935425,0,0.298380221653877
9,143,164,2360,NA,1,7,NA,0.613496932515337,0.297492562685933,NA,0.613496932515337,0.297492562685933,1341.91194968553,1339.59860383944,8.18238993710679,3.97338568935447,0.613496932515328,0.297492562685948
10,144,164,2367,NA,0,7,NA,0,0.296610169491525,NA,0,0.296610169491525,1341.91194968553,1343.5719895288,0,3.97338568935425,0,0.296610169491523
11,NA,NA,2372,NA,NA,5,NA,NA,0.211237853823405,NA,NA,0.211237853823405,NA,1346.41012216405,NA,2.83813263525303,NA,0.211237853823404
12,NA,NA,2375,NA,NA,3,NA,NA,0.126475548060708,NA,NA,0.126475548060708,NA,1348.1130017452,NA,1.70287958115182,NA,0.126475548060707
13,NA,NA,2379,NA,NA,4,NA,NA,0.168421052631579,NA,NA,0.168421052631579,NA,1350.3835078534,NA,2.27050610820243,NA,0.168421052631578
14,NA,NA,2385,NA,NA,6,NA,NA,0.252206809583859,NA,NA,0.252206809583859,NA,1353.78926701571,NA,3.40575916230387,NA,0.252206809583874
15,NA,NA,2392,NA,NA,7,NA,NA,0.293501048218029,NA,NA,0.293501048218029,NA,1357.76265270506,NA,3.97338568935447,NA,0.293501048218044
16,NA,NA,2397,NA,NA,5,NA,NA,0.209030100334448,NA,NA,0.209030100334448,NA,1360.60078534031,NA,2.83813263525303,NA,0.209030100334446
17,NA,NA,2401,NA,NA,4,NA,NA,0.166875260742595,NA,NA,0.166875260742595,NA,1362.87129144852,NA,2.27050610820243,NA,0.166875260742594
18,NA,NA,2405,NA,NA,4,NA,NA,0.166597251145356,NA,NA,0.166597251145356,NA,1365.14179755672,NA,2.27050610820243,NA,0.166597251145355
19,NA,NA,2407,NA,NA,2,NA,NA,0.0831600831600832,NA,NA,0.0831600831600832,NA,1366.27705061082,NA,1.13525305410099,NA,0.0831600831600658
20,NA,NA,2410,NA,NA,3,NA,NA,0.124636476942252,NA,NA,0.124636476942252,NA,1367.97993019197,NA,1.70287958115182,NA,0.124636476942251
21,NA,NA,2413,NA,NA,3,NA,NA,0.12448132780083,NA,NA,0.12448132780083,NA,1369.68280977312,NA,1.70287958115182,NA,0.124481327800829
22,NA,NA,2415,NA,NA,2,NA,NA,0.0828843762950684,NA,NA,0.0828843762950684,NA,1370.81806282723,NA,1.13525305410121,NA,0.0828843762950677
23,NA,NA,2420,NA,NA,5,NA,NA,0.20703933747412,NA,NA,0.20703933747412,NA,1373.65619546248,NA,2.83813263525303,NA,0.207039337474118
24,NA,NA,2423,NA,NA,3,NA,NA,0.12396694214876,NA,NA,0.12396694214876,NA,1375.35907504363,NA,1.70287958115182,NA,0.123966942148759
25,NA,NA,2425,NA,NA,2,NA,NA,0.0825423029302518,NA,NA,0.0825423029302518,NA,1376.49432809773,NA,1.13525305410121,NA,0.0825423029302511
26,NA,NA,2428,NA,NA,3,NA,NA,0.123711340206186,NA,NA,0.123711340206186,NA,1378.19720767888,NA,1.70287958115182,NA,0.123711340206185
27,NA,NA,2431,NA,NA,3,NA,NA,0.123558484349259,NA,NA,0.123558484349259,NA,1379.90008726003,NA,1.70287958115182,NA,0.123558484349258
28,NA,NA,2433,NA,NA,2,NA,NA,0.0822706705059646,NA,NA,0.0822706705059646,NA,1381.03534031414,NA,1.13525305410121,NA,0.082270670505964
29,NA,NA,2437,NA,NA,4,NA,NA,0.164406083025072,NA,NA,0.164406083025072,NA,1383.30584642234,NA,2.27050610820265,NA,0.164406083025087
30,NA,NA,2439,NA,NA,2,NA,NA,0.0820681165367255,NA,NA,0.0820681165367255,NA,1384.44109947644,NA,1.13525305410121,NA,0.0820681165367248
31,NA,NA,2442,NA,NA,3,NA,NA,0.1230012300123,NA,NA,0.1230012300123,NA,1386.14397905759,NA,1.70287958115182,NA,0.123001230012299
32,NA,NA,2446,NA,NA,4,NA,NA,0.163800163800164,NA,NA,0.163800163800164,NA,1388.41448516579,NA,2.2705061082022,NA,0.163800163800146
33,NA,NA,2449,NA,NA,3,NA,NA,0.122649223221586,NA,NA,0.122649223221586,NA,1390.11736474695,NA,1.70287958115182,NA,0.122649223221585
34,NA,NA,2451,NA,NA,2,NA,NA,0.0816659861167824,NA,NA,0.0816659861167824,NA,1391.25261780105,NA,1.13525305410121,NA,0.0816659861167817
35,NA,NA,2454,NA,NA,3,NA,NA,0.122399020807834,NA,NA,0.122399020807834,NA,1392.9554973822,NA,1.70287958115182,NA,0.122399020807833
36,NA,NA,2458,NA,NA,4,NA,NA,0.162999185004075,NA,NA,0.162999185004075,NA,1395.2260034904,NA,2.2705061082022,NA,0.162999185004057
37,NA,NA,2456,NA,NA,-2,NA,NA,-0.081366965012205,NA,NA,-0.081366965012205,NA,1394.0907504363,NA,-1.13525305410121,NA,-0.0813669650122044
38,NA,NA,2459,NA,NA,3,NA,NA,0.12214983713355,NA,NA,0.12214983713355,NA,1395.79363001745,NA,1.70287958115182,NA,0.12214983713355
