"daysFromToday","Day","Korea","Italy","X","dif.Korea","dif.Italy","dif.X","growth.Korea","growth.Italy","growth.X","prj.grKO.X","prj.grIT.X","grKO.prj.tot.X","grIT.prj.tot.X","dif.grKO.prj.tot.X","dif.grIT.prj.tot.X","growth.grKO.prj.tot.X","growth.grIT.prj.tot.X"
-141,0,3,NA,NA,NA,NA,NA,NA,NA,NA,NA,NA,NA,NA,NA,NA,NA,NA
-140,1,5,NA,NA,2,NA,NA,66.6666666666667,NA,NA,NA,NA,NA,NA,NA,NA,NA,NA
-139,2,11,NA,NA,6,NA,NA,120,NA,NA,NA,NA,NA,NA,NA,NA,NA,NA
-138,3,16,NA,NA,5,NA,NA,45.4545454545455,NA,NA,NA,NA,NA,NA,NA,NA,NA,NA
-137,4,22,NA,NA,6,NA,NA,37.5,NA,NA,NA,NA,NA,NA,NA,NA,NA,NA
-136,5,26,NA,NA,4,NA,NA,18.1818181818182,NA,NA,NA,NA,NA,NA,NA,NA,NA,NA
-135,6,33,NA,NA,7,NA,NA,26.9230769230769,NA,NA,NA,NA,NA,NA,NA,NA,NA,NA
-134,7,47,NA,NA,14,NA,NA,42.4242424242424,NA,NA,NA,NA,NA,NA,NA,NA,NA,NA
-133,8,62,NA,NA,15,NA,NA,31.9148936170213,NA,NA,NA,NA,NA,NA,NA,NA,NA,NA
-132,9,84,NA,NA,22,NA,NA,35.4838709677419,NA,NA,NA,NA,NA,NA,NA,NA,NA,NA
-131,10,99,NA,NA,15,NA,NA,17.8571428571429,NA,NA,NA,NA,NA,NA,NA,NA,NA,NA
-130,11,115,NA,NA,16,NA,NA,16.1616161616162,NA,NA,NA,NA,NA,NA,NA,NA,NA,NA
-129,12,138,NA,NA,23,NA,NA,20,NA,NA,NA,NA,NA,NA,NA,NA,NA,NA
-128,13,149,NA,NA,11,NA,NA,7.97101449275362,NA,NA,NA,NA,NA,NA,NA,NA,NA,NA
-127,14,161,NA,NA,12,NA,NA,8.05369127516778,NA,NA,NA,NA,NA,NA,NA,NA,NA,NA
-126,15,175,NA,NA,14,NA,NA,8.69565217391304,NA,NA,NA,NA,NA,NA,NA,NA,NA,NA
-125,16,187,NA,NA,12,NA,NA,6.85714285714286,NA,NA,NA,NA,NA,NA,NA,NA,NA,NA
-124,17,194,NA,NA,7,NA,NA,3.74331550802139,NA,NA,NA,NA,NA,NA,NA,NA,NA,NA
-123,18,198,NA,NA,4,NA,NA,2.06185567010309,NA,NA,NA,NA,NA,NA,NA,NA,NA,NA
-122,19,199,NA,NA,1,NA,NA,0.505050505050505,NA,NA,NA,NA,NA,NA,NA,NA,NA,NA
-121,20,206,NA,NA,7,NA,NA,3.51758793969849,NA,NA,NA,NA,NA,NA,NA,NA,NA,NA
-120,21,209,NA,NA,3,NA,NA,1.45631067961165,NA,NA,NA,NA,NA,NA,NA,NA,NA,NA
-119,22,212,NA,NA,3,NA,NA,1.43540669856459,NA,NA,NA,NA,NA,NA,NA,NA,NA,NA
-118,23,214,NA,NA,2,NA,NA,0.943396226415094,NA,NA,NA,NA,NA,NA,NA,NA,NA,NA
-117,24,216,NA,NA,2,NA,NA,0.934579439252336,NA,NA,NA,NA,NA,NA,NA,NA,NA,NA
-116,25,218,NA,NA,2,NA,NA,0.925925925925926,NA,NA,NA,NA,NA,NA,NA,NA,NA,NA
-115,26,221,NA,NA,3,NA,NA,1.37614678899083,NA,NA,NA,NA,NA,NA,NA,NA,NA,NA
-114,27,223,NA,NA,2,NA,NA,0.904977375565611,NA,NA,NA,NA,NA,NA,NA,NA,NA,NA
-113,28,227,NA,101,4,NA,NA,1.79372197309417,NA,NA,NA,NA,NA,NA,NA,NA,NA,NA
-112,29,229,NA,108,2,NA,7,0.881057268722467,NA,6.93069306930693,NA,NA,NA,NA,NA,NA,NA,NA
-111,30,233,NA,137,4,NA,29,1.74672489082969,NA,26.8518518518519,NA,NA,NA,NA,NA,NA,NA,NA
-110,31,236,NA,158,3,NA,21,1.28755364806867,NA,15.3284671532847,NA,NA,NA,NA,NA,NA,NA,NA
-109,32,238,NA,187,2,NA,29,0.847457627118644,NA,18.3544303797468,NA,NA,NA,NA,NA,NA,NA,NA
-108,33,240,NA,214,2,NA,27,0.840336134453782,NA,14.4385026737968,NA,NA,NA,NA,NA,NA,NA,NA
-107,34,242,NA,314,2,NA,100,0.833333333333333,NA,46.7289719626168,NA,NA,NA,NA,NA,NA,NA,NA
-106,35,245,NA,314,3,NA,0,1.2396694214876,NA,0,NA,NA,NA,NA,NA,NA,NA,NA
-105,36,247,NA,415,2,NA,101,0.816326530612245,NA,32.1656050955414,NA,NA,NA,NA,NA,NA,NA,NA
-104,37,251,NA,415,4,NA,0,1.61943319838057,NA,0,NA,NA,NA,NA,NA,NA,NA,NA
-103,38,254,NA,479,3,NA,64,1.19521912350598,NA,15.421686746988,NA,NA,NA,NA,NA,NA,NA,NA
-102,39,256,NA,540,2,NA,61,0.78740157480315,NA,12.7348643006263,NA,NA,NA,NA,NA,NA,NA,NA
-101,40,260,NA,621,4,NA,81,1.5625,NA,15,NA,NA,NA,NA,NA,NA,NA,NA
-100,41,262,NA,669,2,NA,48,0.769230769230769,NA,7.72946859903382,NA,NA,NA,NA,NA,NA,NA,NA
-99,42,265,NA,715,3,NA,46,1.14503816793893,NA,6.87593423019432,NA,NA,NA,NA,NA,NA,NA,NA
-98,43,267,NA,788,2,NA,73,0.754716981132076,NA,10.2097902097902,NA,NA,NA,NA,NA,NA,NA,NA
-97,44,269,NA,788,2,NA,0,0.749063670411985,NA,0,NA,NA,NA,NA,NA,NA,NA,NA
-96,45,271,NA,819,2,NA,31,0.743494423791822,NA,3.93401015228426,NA,NA,NA,NA,NA,NA,NA,NA
-95,46,273,NA,885,2,NA,66,0.738007380073801,NA,8.05860805860806,NA,NA,NA,NA,NA,NA,NA,NA
-94,47,274,NA,929,1,NA,44,0.366300366300366,NA,4.97175141242938,NA,NA,NA,NA,NA,NA,NA,NA
-93,48,275,NA,985,1,NA,56,0.364963503649635,NA,6.02798708288482,NA,NA,NA,NA,NA,NA,NA,NA
-92,49,276,NA,1020,1,NA,35,0.363636363636364,NA,3.55329949238579,NA,NA,NA,NA,NA,NA,NA,NA
-91,50,277,NA,1139,1,NA,119,0.36231884057971,NA,11.6666666666667,NA,NA,NA,NA,NA,NA,NA,NA
-90,51,278,NA,1139,1,NA,0,0.36101083032491,NA,0,NA,NA,NA,NA,NA,NA,NA,NA
-89,52,279,NA,1287,1,NA,148,0.359712230215827,NA,12.9938542581212,NA,NA,NA,NA,NA,NA,NA,NA
-88,53,279,NA,1287,0,NA,0,0,NA,0,NA,NA,NA,NA,NA,NA,NA,NA
-87,54,280,NA,1342,1,NA,55,0.3584229390681,NA,4.27350427350427,NA,NA,NA,NA,NA,NA,NA,NA
-86,55,281,NA,1392,1,NA,50,0.357142857142857,NA,3.725782414307,NA,NA,NA,NA,NA,NA,NA,NA
-85,56,281,NA,1491,0,NA,99,0,NA,7.11206896551724,NA,NA,NA,NA,NA,NA,NA,NA
-84,57,282,NA,1491,1,NA,0,0.355871886120996,NA,0,NA,NA,NA,NA,NA,NA,NA,NA
-83,58,283,3,1588,1,NA,97,0.354609929078014,NA,6.50570087189806,NA,NA,NA,NA,NA,NA,NA,NA
-82,59,283,5,1670,0,2,82,0,66.6666666666667,5.16372795969773,NA,NA,NA,NA,NA,NA,NA,NA
-81,60,283,7,1720,0,2,50,0,40,2.9940119760479,NA,NA,NA,NA,NA,NA,NA,NA
-80,61,283,10,1787,0,3,67,0,42.8571428571429,3.8953488372093,NA,NA,NA,NA,NA,NA,NA,NA
-79,62,284,15,1864,1,5,77,0.353356890459364,50,4.30889759373251,NA,NA,NA,NA,NA,NA,NA,NA
-78,63,284,20,1938,0,5,74,0,33.3333333333333,3.96995708154506,NA,NA,NA,NA,NA,NA,NA,NA
-77,64,284,25,2010,0,5,72,0,25,3.71517027863777,NA,NA,NA,NA,NA,NA,NA,NA
-76,65,285,38,2054,1,13,44,0.352112676056338,52,2.18905472636816,NA,NA,NA,NA,NA,NA,NA,NA
-75,66,285,46,2146,0,8,92,0,21.0526315789474,4.47906523855891,NA,NA,NA,NA,NA,NA,NA,NA
-74,67,285,56,2310,0,10,164,0,21.7391304347826,7.64212488350419,NA,NA,NA,NA,NA,NA,NA,NA
-73,68,285,69,2429,0,13,119,0,23.2142857142857,5.15151515151515,NA,NA,NA,NA,NA,NA,NA,NA
-72,69,285,87,2588,0,18,159,0,26.0869565217391,6.54590366405928,NA,NA,NA,NA,NA,NA,NA,NA
-71,70,286,104,2588,1,17,0,0.350877192982456,19.5402298850575,0,NA,NA,NA,NA,NA,NA,NA,NA
-70,71,286,132,2636,0,28,48,0,26.9230769230769,1.85471406491499,NA,NA,NA,NA,NA,NA,NA,NA
-69,72,286,166,2740,0,34,104,0,25.7575757575758,3.9453717754173,NA,NA,NA,NA,NA,NA,NA,NA
-68,73,286,206,2843,0,40,103,0,24.0963855421687,3.75912408759124,NA,NA,NA,NA,NA,NA,NA,NA
-67,74,287,228,2947,1,22,104,0.34965034965035,10.6796116504854,3.65810763278227,NA,NA,NA,NA,NA,NA,NA,NA
-66,75,287,280,3011,0,52,64,0,22.8070175438596,2.17170003393281,NA,NA,NA,NA,NA,NA,NA,NA
-65,76,287,340,3160,0,60,149,0,21.4285714285714,4.94852208568582,NA,NA,NA,NA,NA,NA,NA,NA
-64,77,287,397,3160,0,57,0,0,16.7647058823529,0,NA,NA,NA,NA,NA,NA,NA,NA
-63,78,287,476,3239,0,79,79,0,19.8992443324937,2.5,NA,NA,NA,NA,NA,NA,NA,NA
-62,79,288,557,3299,1,81,60,0.348432055749129,17.0168067226891,1.85242358752701,NA,NA,NA,NA,NA,NA,NA,NA
-61,80,289,629,3464,1,72,165,0.347222222222222,12.9263913824057,5.00151561079115,NA,NA,NA,NA,NA,NA,NA,NA
-60,81,290,709,3464,1,80,0,0.346020761245675,12.7186009538951,0,NA,NA,NA,NA,NA,NA,NA,NA
-59,82,291,803,3556,1,94,92,0.344827586206897,13.2581100141044,2.65588914549654,NA,NA,NA,NA,NA,NA,NA,NA
-58,83,291,923,3596,0,120,40,0,14.9439601494396,1.12485939257593,NA,NA,NA,NA,NA,NA,NA,NA
-57,84,292,1057,3652,1,134,56,0.343642611683849,14.5178764897075,1.55728587319244,NA,NA,NA,NA,NA,NA,NA,NA
-56,85,293,1205,3721,1,148,69,0.342465753424658,14.0018921475875,1.88937568455641,NA,NA,NA,NA,NA,NA,NA,NA
-55,86,293,1330,3868,0,125,147,0,10.3734439834025,3.95055092717012,NA,NA,NA,NA,NA,NA,NA,NA
-54,87,293,1438,3935,0,108,67,0,8.1203007518797,1.73216132368149,NA,NA,NA,NA,NA,NA,NA,NA
-53,88,294,1556,4089,1,118,154,0.341296928327645,8.20584144645341,3.9135959339263,NA,NA,NA,NA,NA,NA,NA,NA
-52,89,295,1673,4089,1,117,0,0.340136054421769,7.51928020565553,0,NA,NA,NA,NA,NA,NA,NA,NA
-51,90,295,1812,4149,0,139,60,0,8.30842797369994,1.46735143066764,NA,NA,NA,NA,NA,NA,NA,NA
-50,91,295,1945,4197,0,133,48,0,7.33995584988963,1.15690527838033,NA,NA,NA,NA,NA,NA,NA,NA
-49,92,296,2080,4231,1,135,34,0.338983050847458,6.94087403598972,0.810102454133905,NA,NA,NA,NA,NA,NA,NA,NA
-48,93,297,2197,4286,1,117,55,0.337837837837838,5.625,1.29992909477665,NA,NA,NA,NA,NA,NA,NA,NA
-47,94,297,2288,4386,0,91,100,0,4.14201183431953,2.33317778814746,NA,NA,NA,NA,NA,NA,NA,NA
-46,95,298,2379,4492,1,91,106,0.336700336700337,3.97727272727273,2.41678066575467,NA,NA,NA,NA,NA,NA,NA,NA
-45,96,299,2487,4545,1,108,53,0.335570469798658,4.53972257250946,1.17987533392698,NA,NA,NA,NA,NA,NA,NA,NA
-44,97,301,2592,4651,2,105,106,0.668896321070234,4.22195416164053,2.33223322332233,NA,NA,NA,NA,NA,NA,NA,NA
-43,98,302,2695,4685,1,103,34,0.332225913621262,3.97376543209877,0.731025585895506,NA,NA,NA,NA,NA,NA,NA,NA
-42,99,303,2803,4749,1,108,64,0.33112582781457,4.00742115027829,1.36606189967983,NA,NA,NA,NA,NA,NA,NA,NA
-41,100,304,2900,4795,1,97,46,0.33003300330033,3.46057795219408,0.968624973678669,NA,NA,NA,NA,NA,NA,NA,NA
-40,101,305,2981,4876,1,81,81,0.328947368421053,2.79310344827586,1.68925964546403,NA,NA,NA,NA,NA,NA,NA,NA
-39,102,306,3049,5019,1,68,143,0.327868852459016,2.28111372022811,2.93273174733388,NA,NA,NA,NA,NA,NA,NA,NA
-38,103,307,3135,5019,1,86,0,0.326797385620915,2.82059691702197,0,NA,NA,NA,NA,NA,NA,NA,NA
-37,104,308,3230,5043,1,95,24,0.325732899022801,3.03030303030303,0.478182904961148,NA,NA,NA,NA,NA,NA,NA,NA
-36,105,309,3319,5079,1,89,36,0.324675324675325,2.75541795665635,0.713860797144557,NA,NA,NA,NA,NA,NA,NA,NA
-35,106,311,3424,5132,2,105,53,0.647249190938511,3.16360349502862,1.04351250246111,NA,NA,NA,NA,NA,NA,NA,NA
-34,107,312,3516,5178,1,92,46,0.321543408360129,2.68691588785047,0.896336710833983,NA,NA,NA,NA,NA,NA,NA,NA
-33,108,313,3587,5209,1,71,31,0.32051282051282,2.0193401592719,0.59868675164156,NA,NA,NA,NA,NA,NA,NA,NA
-32,109,314,3654,5251,1,67,42,0.319488817891374,1.86785614719822,0.806296794010367,NA,NA,NA,NA,NA,NA,NA,NA
-31,110,316,3714,5299,2,60,48,0.636942675159236,1.64203612479475,0.914111597790897,NA,NA,NA,NA,NA,NA,NA,NA
-30,111,317,3799,5345,1,85,46,0.316455696202532,2.28863758750673,0.86808831855067,NA,NA,NA,NA,NA,NA,NA,NA
-29,112,318,3878,5345,1,79,0,0.315457413249211,2.07949460384312,0,NA,NA,NA,NA,NA,NA,NA,NA
-28,113,320,3956,5364,2,78,19,0.628930817610063,2.01134605466735,0.355472404115996,NA,NA,NA,NA,NA,NA,NA,NA
-27,114,321,4025,5436,1,69,72,0.3125,1.74418604651163,1.34228187919463,NA,NA,NA,NA,NA,NA,NA,NA
-26,115,321,4076,5450,0,51,14,0,1.26708074534161,0.257542310522443,NA,NA,NA,NA,NA,NA,NA,NA
-25,116,322,4137,5486,1,61,36,0.311526479750779,1.49656526005888,0.660550458715596,NA,NA,NA,NA,NA,NA,NA,NA
-24,117,324,4213,5518,2,76,32,0.62111801242236,1.83708000966884,0.583302952971199,NA,NA,NA,NA,NA,NA,NA,NA
-23,118,325,4272,5544,1,59,26,0.308641975308642,1.40042724899122,0.471185212033345,NA,NA,NA,NA,NA,NA,NA,NA
-22,119,326,4340,5558,1,68,14,0.307692307692308,1.59176029962547,0.252525252525253,NA,NA,NA,NA,NA,NA,NA,NA
-21,120,328,4393,5571,2,53,13,0.613496932515337,1.22119815668203,0.233897085282476,NA,NA,NA,NA,NA,NA,NA,NA
-20,121,329,4445,5598,1,52,27,0.304878048780488,1.18370134304575,0.484652665589661,NA,NA,NA,NA,NA,NA,NA,NA
-19,122,330,4485,5671,1,40,73,0.303951367781155,0.899887514060743,1.30403715612719,NA,NA,NA,NA,NA,NA,NA,NA
-18,123,331,4532,5671,1,47,0,0.303030303030303,1.0479375696767,0,NA,NA,NA,NA,NA,NA,NA,NA
-17,124,332,4579,5717,1,47,46,0.302114803625378,1.03706972639011,0.811144418973726,NA,NA,NA,NA,NA,NA,NA,NA
-16,125,333,4621,5760,1,42,43,0.301204819277108,0.917230836427168,0.752142732202204,NA,NA,NA,NA,NA,NA,NA,NA
-15,126,334,4665,5760,1,44,0,0.3003003003003,0.952174853927721,0,NA,NA,NA,NA,NA,NA,NA,NA
-14,127,336,4708,5782,2,43,22,0.598802395209581,0.921757770632369,0.381944444444444,NA,NA,NA,NA,NA,NA,NA,NA
-13,128,337,4739,5802,1,31,20,0.297619047619048,0.658453695836873,0.345901072293324,NA,NA,NA,NA,NA,NA,NA,NA
-12,129,338,4766,5822,1,27,20,0.29673590504451,0.569740451572062,0.344708721130645,NA,NA,NA,NA,NA,NA,NA,NA
-11,130,339,4790,5857,1,24,35,0.29585798816568,0.503566932438103,0.601167983510821,NA,NA,NA,NA,NA,NA,NA,NA
-10,131,341,4823,5857,2,33,0,0.589970501474926,0.688935281837161,0,NA,NA,NA,NA,NA,NA,NA,NA
-9,132,342,4854,5897,1,31,40,0.293255131964809,0.642753472942152,0.682943486426498,NA,NA,NA,NA,NA,NA,NA,NA
-8,133,344,4884,5914,2,30,17,0.584795321637427,0.618046971569839,0.288282177378328,NA,NA,NA,NA,NA,NA,NA,NA
-7,134,346,4909,5932,2,25,18,0.581395348837209,0.511875511875512,0.304362529590802,NA,NA,NA,NA,NA,NA,NA,NA
-6,135,347,4927,5952,1,18,20,0.289017341040462,0.366673456915869,0.337154416722859,NA,NA,NA,NA,NA,NA,NA,NA
-5,136,348,4943,5973,1,16,21,0.288184438040346,0.324741221838847,0.352822580645161,NA,NA,NA,NA,NA,NA,NA,NA
-4,137,350,4975,5991,2,32,18,0.574712643678161,0.647380133522153,0.301356102461075,NA,NA,NA,NA,NA,NA,NA,NA
-3,138,351,4995,6024,1,20,33,0.285714285714286,0.402010050251256,0.550826239359039,NA,NA,NA,NA,NA,NA,NA,NA
-2,139,353,5017,6054,2,22,30,0.56980056980057,0.44044044044044,0.49800796812749,NA,NA,NA,NA,NA,NA,NA,NA
-1,140,354,5035,6068,1,18,14,0.28328611898017,0.358780147498505,0.231252064750578,NA,NA,NA,NA,NA,NA,NA,NA
0,141,355,5055,6091,1,20,23,0.282485875706215,0.397219463753724,0.379037574159525,NA,NA,6091,6091,23,23,NA,NA
1,142,356,5070,NA,1,15,NA,0.28169014084507,0.29673590504451,NA,0.28169014084507,0.29673590504451,6108.15774647887,6109.07418397626,17.1577464788734,18.0741839762613,0.281690140845073,0.296735905044514
2,143,357,5080,NA,1,10,NA,0.280898876404494,0.19723865877712,NA,0.280898876404494,0.19723865877712,6125.31549295775,6121.12363996044,17.1577464788734,12.0494559841745,0.280898876404497,0.197238658777128
3,144,358,5098,NA,1,18,NA,0.280112044817927,0.354330708661417,NA,0.280112044817927,0.354330708661417,6142.47323943662,6142.81266073195,17.1577464788734,21.6890207715132,0.280112044817929,0.354330708661415
4,145,359,5113,NA,1,15,NA,0.279329608938547,0.294233032561789,NA,0.279329608938547,0.294233032561789,6159.63098591549,6160.88684470821,17.1577464788734,18.0741839762613,0.27932960893855,0.294233032561792
5,146,361,5128,NA,2,15,NA,0.557103064066852,0.293369841580286,NA,0.557103064066852,0.293369841580286,6193.94647887324,6178.96102868447,34.3154929577458,18.0741839762613,0.557103064066842,0.293369841580289
6,NA,NA,5142,NA,NA,14,NA,NA,0.273010920436817,NA,NA,0.273010920436817,NA,6195.83026706232,NA,16.8692383778434,NA,0.273010920436813
7,NA,NA,5157,NA,NA,15,NA,NA,0.29171528588098,NA,NA,0.29171528588098,NA,6213.90445103858,NA,18.0741839762613,NA,0.291715285880984
8,NA,NA,5169,NA,NA,12,NA,NA,0.232693426410704,NA,NA,0.232693426410704,NA,6228.36379821959,NA,14.4593471810085,NA,0.232693426410698
9,NA,NA,5176,NA,NA,7,NA,NA,0.135422712323467,NA,NA,0.135422712323467,NA,6236.79841740851,NA,8.43461918892262,NA,0.135422712323479
10,NA,NA,5185,NA,NA,9,NA,NA,0.173879443585781,NA,NA,0.173879443585781,NA,6247.64292779426,NA,10.8445103857566,NA,0.17387944358578
11,NA,NA,5198,NA,NA,13,NA,NA,0.250723240115718,NA,NA,0.250723240115718,NA,6263.30722057369,NA,15.6642927794264,NA,0.25072324011572
12,NA,NA,5211,NA,NA,13,NA,NA,0.250096190842632,NA,NA,0.250096190842632,NA,6278.97151335312,NA,15.6642927794273,NA,0.250096190842648
13,NA,NA,5223,NA,NA,12,NA,NA,0.23028209556707,NA,NA,0.23028209556707,NA,6293.43086053413,NA,14.4593471810094,NA,0.230282095567078
14,NA,NA,5232,NA,NA,9,NA,NA,0.172314761631246,NA,NA,0.172314761631246,NA,6304.27537091988,NA,10.8445103857566,NA,0.172314761631245
15,NA,NA,5240,NA,NA,8,NA,NA,0.152905198776758,NA,NA,0.152905198776758,NA,6313.91493570722,NA,9.63956478733871,NA,0.15290519877675
16,NA,NA,5244,NA,NA,4,NA,NA,0.0763358778625954,NA,NA,0.0763358778625954,NA,6318.73471810089,NA,4.81978239366981,NA,0.0763358778625982
17,NA,NA,5251,NA,NA,7,NA,NA,0.13348588863463,NA,NA,0.13348588863463,NA,6327.16933728981,NA,8.43461918892172,NA,0.133485888634628
18,NA,NA,5259,NA,NA,8,NA,NA,0.15235193296515,NA,NA,0.15235193296515,NA,6336.80890207715,NA,9.63956478733871,NA,0.152351932965141
19,NA,NA,5263,NA,NA,4,NA,NA,0.0760600874691006,NA,NA,0.0760600874691006,NA,6341.62868447082,NA,4.81978239366981,NA,0.0760600874691034
20,NA,NA,5274,NA,NA,11,NA,NA,0.209006270188106,NA,NA,0.209006270188106,NA,6354.88308605341,NA,13.2544015825906,NA,0.209006270188092
21,NA,NA,5280,NA,NA,6,NA,NA,0.113765642775882,NA,NA,0.113765642775882,NA,6362.11275964392,NA,7.22967359050381,NA,0.113765642775872
22,NA,NA,5285,NA,NA,5,NA,NA,0.0946969696969697,NA,NA,0.0946969696969697,NA,6368.137487636,NA,6.02472799208681,NA,0.094696969696966
23,NA,NA,5291,NA,NA,6,NA,NA,0.11352885525071,NA,NA,0.11352885525071,NA,6375.36716122651,NA,7.22967359050472,NA,0.113528855250714
24,NA,NA,5297,NA,NA,6,NA,NA,0.113400113400113,NA,NA,0.113400113400113,NA,6382.59683481701,NA,7.22967359050381,NA,0.113400113400103
25,NA,NA,5302,NA,NA,5,NA,NA,0.0943930526713234,NA,NA,0.0943930526713234,NA,6388.6215628091,NA,6.02472799208681,NA,0.0943930526713197
26,NA,NA,5311,NA,NA,9,NA,NA,0.16974726518295,NA,NA,0.16974726518295,NA,6399.46607319486,NA,10.8445103857566,NA,0.169747265182949
27,NA,NA,5314,NA,NA,3,NA,NA,0.0564865373752589,NA,NA,0.0564865373752589,NA,6403.08090999011,NA,3.61483679525281,NA,0.0564865373752681
28,NA,NA,5322,NA,NA,8,NA,NA,0.15054572826496,NA,NA,0.15054572826496,NA,6412.72047477745,NA,9.63956478733962,NA,0.150545728264966
29,NA,NA,5330,NA,NA,8,NA,NA,0.150319428786171,NA,NA,0.150319428786171,NA,6422.36003956479,NA,9.63956478733871,NA,0.150319428786162
30,NA,NA,5336,NA,NA,6,NA,NA,0.112570356472795,NA,NA,0.112570356472795,NA,6429.58971315529,NA,7.22967359050381,NA,0.112570356472785
31,NA,NA,5341,NA,NA,5,NA,NA,0.0937031484257871,NA,NA,0.0937031484257871,NA,6435.61444114738,NA,6.02472799208681,NA,0.0937031484257835
32,NA,NA,5348,NA,NA,7,NA,NA,0.131061598951507,NA,NA,0.131061598951507,NA,6444.0490603363,NA,8.43461918892172,NA,0.131061598951505
