"daysFromToday","Day","Korea","Italy","X","dif.Korea","dif.Italy","dif.X","growth.Korea","growth.Italy","growth.X","prj.grKO.X","prj.grIT.X","grKO.prj.tot.X","grIT.prj.tot.X","dif.grKO.prj.tot.X","dif.grIT.prj.tot.X","growth.grKO.prj.tot.X","growth.grIT.prj.tot.X"
-107,NA,NA,120,NA,NA,NA,NA,NA,NA,NA,NA,NA,NA,NA,NA,NA,NA,NA
-106,NA,NA,177,NA,NA,57,NA,NA,47.5,NA,NA,NA,NA,NA,NA,NA,NA,NA
-105,NA,NA,249,NA,NA,72,NA,NA,40.6779661016949,NA,NA,NA,NA,NA,NA,NA,NA,NA
-104,NA,NA,350,NA,NA,101,NA,NA,40.5622489959839,NA,NA,NA,NA,NA,NA,NA,NA,NA
-103,NA,NA,506,NA,NA,156,NA,NA,44.5714285714286,NA,NA,NA,NA,NA,NA,NA,NA,NA
-102,NA,NA,685,NA,NA,179,NA,NA,35.3754940711462,NA,NA,NA,NA,NA,NA,NA,NA,NA
-101,NA,NA,871,NA,NA,186,NA,NA,27.1532846715328,NA,NA,NA,NA,NA,NA,NA,NA,NA
-100,NA,NA,1308,120,NA,437,NA,NA,50.1722158438576,NA,NA,NA,NA,NA,NA,NA,NA,NA
-99,NA,NA,1572,165,NA,264,45,NA,20.1834862385321,37.5,NA,NA,NA,NA,NA,NA,NA,NA
-98,NA,NA,1931,222,NA,359,57,NA,22.8371501272265,34.5454545454545,NA,NA,NA,NA,NA,NA,NA,NA
-97,NA,NA,2384,259,NA,453,37,NA,23.459347488348,16.6666666666667,NA,NA,NA,NA,NA,NA,NA,NA
-96,NA,NA,2978,400,NA,594,141,NA,24.9161073825503,54.4401544401544,NA,NA,NA,NA,NA,NA,NA,NA
-95,NA,NA,3578,500,NA,600,100,NA,20.1477501678979,25,NA,NA,NA,NA,NA,NA,NA,NA
-94,NA,NA,4541,673,NA,963,173,NA,26.9144773616546,34.6,NA,NA,NA,NA,NA,NA,NA,NA
-93,NA,NA,5693,1073,NA,1152,400,NA,25.3688614842546,59.4353640416048,NA,NA,NA,NA,NA,NA,NA,NA
-92,NA,NA,7080,1695,NA,1387,622,NA,24.363253117864,57.9683131407269,NA,NA,NA,NA,NA,NA,NA,NA
-91,NA,NA,7834,2277,NA,754,582,NA,10.6497175141243,34.3362831858407,NA,NA,NA,NA,NA,NA,NA,NA
-90,NA,NA,9619,2277,NA,1785,0,NA,22.7852948685218,0,NA,NA,NA,NA,NA,NA,NA,NA
-89,NA,NA,11665,5232,NA,2046,2955,NA,21.2704023287244,129.776021080369,NA,NA,NA,NA,NA,NA,NA,NA
-88,NA,NA,13631,6391,NA,1966,1159,NA,16.8538362623232,22.1521406727829,NA,NA,NA,NA,NA,NA,NA,NA
-87,NA,NA,16330,7798,NA,2699,1407,NA,19.8004548455726,22.0153340635268,NA,NA,NA,NA,NA,NA,NA,NA
-86,NA,NA,19101,9942,NA,2771,2144,NA,16.9687691365585,27.4942292895614,NA,NA,NA,NA,NA,NA,NA,NA
-85,NA,NA,21597,11748,NA,2496,1806,NA,13.0673786712738,18.1653590826795,NA,NA,NA,NA,NA,NA,NA,NA
-84,NA,NA,24319,13910,NA,2722,2162,NA,12.6036023521785,18.4031324480763,NA,NA,NA,NA,NA,NA,NA,NA
-83,NA,NA,27566,17963,NA,3247,4053,NA,13.3517003166249,29.137311286844,NA,NA,NA,NA,NA,NA,NA,NA
-82,NA,NA,31674,20410,NA,4108,2447,NA,14.9024160197345,13.6224461392863,NA,NA,NA,NA,NA,NA,NA,NA
-81,NA,NA,36294,25374,NA,4620,4964,NA,14.586095851487,24.3214110730034,NA,NA,NA,NA,NA,NA,NA,NA
-80,NA,NA,41355,28768,NA,5061,3394,NA,13.944453628699,13.3758965870576,NA,NA,NA,NA,NA,NA,NA,NA
-79,NA,NA,45647,35136,NA,4292,6368,NA,10.3784306613469,22.1357063403782,NA,NA,NA,NA,NA,NA,NA,NA
-78,NA,NA,49343,39885,NA,3696,4749,NA,8.09691765066708,13.5160519125683,NA,NA,NA,NA,NA,NA,NA,NA
-77,NA,NA,53395,49515,NA,4052,9630,NA,8.21190442413311,24.1444151936818,NA,NA,NA,NA,NA,NA,NA,NA
-76,NA,NA,57416,57786,NA,4021,8271,NA,7.53066766551175,16.7040290820963,NA,NA,NA,NA,NA,NA,NA,NA
-75,NA,NA,62204,65719,NA,4788,7933,NA,8.33913891598161,13.7282386737272,NA,NA,NA,NA,NA,NA,NA,NA
-74,NA,NA,66765,73235,NA,4561,7516,NA,7.33232589544081,11.4365708546996,NA,NA,NA,NA,NA,NA,NA,NA
-73,NA,NA,71376,80110,NA,4611,6875,NA,6.90631318804763,9.38758790195945,NA,NA,NA,NA,NA,NA,NA,NA
-72,NA,NA,75403,87956,NA,4027,7846,NA,5.64195247702309,9.79403320434403,NA,NA,NA,NA,NA,NA,NA,NA
-71,NA,NA,78529,95923,NA,3126,7967,NA,4.14572364494781,9.05793805993906,NA,NA,NA,NA,NA,NA,NA,NA
-70,NA,NA,81658,104118,NA,3129,8195,NA,3.98451527461193,8.54331078052188,NA,NA,NA,NA,NA,NA,NA,NA
-69,NA,NA,85349,112065,NA,3691,7947,NA,4.52007151779372,7.63268599089495,NA,NA,NA,NA,NA,NA,NA,NA
-68,NA,NA,88952,119199,NA,3603,7134,NA,4.22149058571278,6.36594833355642,NA,NA,NA,NA,NA,NA,NA,NA
-67,NA,NA,92491,126168,NA,3539,6969,NA,3.97855022933717,5.84652555810032,NA,NA,NA,NA,NA,NA,NA,NA
-66,NA,NA,96200,131646,NA,3709,5478,NA,4.01011990355818,4.34182994103101,NA,NA,NA,NA,NA,NA,NA,NA
-65,NA,NA,99531,136675,NA,3331,5029,NA,3.46257796257796,3.82009328046428,NA,NA,NA,NA,NA,NA,NA,NA
-64,NA,NA,102309,141942,NA,2778,5267,NA,2.79109021309944,3.85366745930126,NA,NA,NA,NA,NA,NA,NA,NA
-63,0,95,104655,148220,NA,2346,6278,NA,2.29305339706184,4.42293331078891,NA,NA,NA,NA,NA,NA,NA,NA
-62,1,186,107616,153222,91,2961,5002,95.7894736842105,2.82929625913717,3.37471326406693,NA,NA,NA,NA,NA,NA,NA,NA
-61,2,395,110861,158273,209,3245,5051,112.365591397849,3.01535087719298,3.29652399785932,NA,NA,NA,NA,NA,NA,NA,NA
-60,3,549,113910,163027,154,3049,4754,38.9873417721519,2.75029090482676,3.00367087247983,NA,NA,NA,NA,NA,NA,NA,NA
-59,4,760,117533,166831,211,3623,3804,38.4335154826958,3.18058116056536,2.33335582449533,NA,NA,NA,NA,NA,NA,NA,NA
-58,5,891,120692,170099,131,3159,3268,17.2368421052632,2.68775577922796,1.95886855560417,NA,NA,NA,NA,NA,NA,NA,NA
-57,6,1151,123126,172541,260,2434,2442,29.1806958473625,2.01670367547145,1.43563454223717,NA,NA,NA,NA,NA,NA,NA,NA
-56,7,1611,125420,177644,460,2294,5103,39.9652476107732,1.86313207608466,2.95755791377122,NA,NA,NA,NA,NA,NA,NA,NA
-55,8,2132,127478,184948,521,2058,7304,32.3401613904407,1.6408866209536,4.11159397446579,NA,NA,NA,NA,NA,NA,NA,NA
-54,9,2874,130400,190839,742,2922,5891,34.8030018761726,2.29216021588039,3.18521962930121,NA,NA,NA,NA,NA,NA,NA,NA
-53,10,3409,133097,191726,535,2697,887,18.6151704940849,2.06825153374233,0.464789691834478,NA,NA,NA,NA,NA,NA,NA,NA
-52,11,3955,135791,198674,546,2694,6948,16.0164271047228,2.02408769544017,3.62392163817114,NA,NA,NA,NA,NA,NA,NA,NA
-51,12,4732,138143,200210,777,2352,1536,19.646017699115,1.73207355421199,0.773125824214542,NA,NA,NA,NA,NA,NA,NA,NA
-50,13,5128,139884,204178,396,1741,3968,8.36855452240068,1.26028825202869,1.98191898506568,NA,NA,NA,NA,NA,NA,NA,NA
-49,14,5555,141991,208389,427,2107,4211,8.32683307332293,1.50624803408538,2.06241612710478,NA,NA,NA,NA,NA,NA,NA,NA
-48,15,6015,144592,213024,460,2601,4635,8.28082808280828,1.83180624124064,2.22420569223903,NA,NA,NA,NA,NA,NA,NA,NA
-47,16,6424,146634,202990,409,2042,-10034,6.79966749792186,1.41224964036738,-4.71026738771218,NA,NA,NA,NA,NA,NA,NA,NA
-46,17,6673,148966,205905,249,2332,2915,3.8760896637609,1.59035421525703,1.43603133159269,NA,NA,NA,NA,NA,NA,NA,NA
-45,18,6823,150786,207634,150,1820,1729,2.24786452869774,1.22175529986708,0.839707632160462,NA,NA,NA,NA,NA,NA,NA,NA
-44,19,6855,152579,209465,32,1793,1831,0.46900190532024,1.18910243656573,0.881840161052621,NA,NA,NA,NA,NA,NA,NA,NA
-43,20,7075,153922,210773,220,1343,1308,3.20933625091174,0.880199765367449,0.624447998472298,NA,NA,NA,NA,NA,NA,NA,NA
-42,21,7179,155536,212917,104,1614,2144,1.46996466431095,1.04858304855706,1.01720808642473,NA,NA,NA,NA,NA,NA,NA,NA
-41,22,7280,157146,213435,101,1610,518,1.40688118122301,1.035130130645,0.243287290352579,NA,NA,NA,NA,NA,NA,NA,NA
-40,23,7377,158591,215216,97,1445,1781,1.33241758241758,0.919527064004174,0.834446084287956,NA,NA,NA,NA,NA,NA,NA,NA
-39,24,7447,160107,216582,70,1516,1366,0.948895214856988,0.955918053357378,0.634711173890417,NA,NA,NA,NA,NA,NA,NA,NA
-38,25,7514,161574,217466,67,1467,884,0.899691150798979,0.916262249620566,0.40815949617235,NA,NA,NA,NA,NA,NA,NA,NA
-37,26,7591,162646,218011,77,1072,545,1.02475379291988,0.663473083540669,0.250613889067716,NA,NA,NA,NA,NA,NA,NA,NA
-36,27,7676,163589,219329,85,943,1318,1.11974706889738,0.579786776188778,0.604556650811198,NA,NA,NA,NA,NA,NA,NA,NA
-35,28,7815,164418,220325,139,829,996,1.81083897863471,0.506757789337914,0.454112315288904,NA,NA,NA,NA,NA,NA,NA,NA
-34,29,7894,165533,221447,79,1115,1122,1.01087651951376,0.678149594326655,0.509247702258028,NA,NA,NA,NA,NA,NA,NA,NA
-33,30,8028,166614,222857,134,1081,1410,1.69749176589815,0.653041991627047,0.636721201912873,NA,NA,NA,NA,NA,NA,NA,NA
-32,31,8117,167639,223578,89,1025,721,1.10861983059292,0.615194401430852,0.323525848414005,NA,NA,NA,NA,NA,NA,NA,NA
-31,32,8176,168474,224350,59,835,772,0.726869533078724,0.498094118910277,0.345293365179043,NA,NA,NA,NA,NA,NA,NA,NA
-30,33,8245,169093,227436,69,619,3086,0.843933463796477,0.367415743675582,1.37552930688656,NA,NA,NA,NA,NA,NA,NA,NA
-29,34,8336,169668,228030,91,575,594,1.10369921164342,0.340049558526964,0.261172373766686,NA,NA,NA,NA,NA,NA,NA,NA
-28,35,8431,170750,228691,95,1082,661,1.13963531669866,0.637716010090294,0.289874139367627,NA,NA,NA,NA,NA,NA,NA,NA
-27,36,8514,171435,229540,83,685,849,0.984462104139485,0.401171303074671,0.371243293352165,NA,NA,NA,NA,NA,NA,NA,NA
-26,37,8648,172201,230183,134,766,643,1.57387831806436,0.446816577711669,0.28012546832796,NA,NA,NA,NA,NA,NA,NA,NA
-25,38,8743,172810,230698,95,609,515,1.09851988899167,0.35365648283111,0.22373502821668,NA,NA,NA,NA,NA,NA,NA,NA
-24,39,8814,173485,230698,71,675,0,0.812078234015784,0.390602395694694,0,NA,NA,NA,NA,NA,NA,NA,NA
-23,40,8929,174006,231606,115,521,908,1.30474245518493,0.30031414819725,0.393588154210266,NA,NA,NA,NA,NA,NA,NA,NA
-22,41,9021,174355,232037,92,349,431,1.03035054317393,0.200567796512764,0.186091897446526,NA,NA,NA,NA,NA,NA,NA,NA
-21,42,9102,174982,232555,81,627,518,0.897904888593282,0.359611138195062,0.22324025909661,NA,NA,NA,NA,NA,NA,NA,NA
-20,43,9180,175495,233037,78,513,482,0.856954515491101,0.293173012081243,0.207262798047774,NA,NA,NA,NA,NA,NA,NA,NA
-19,44,9266,175991,234824,86,496,1787,0.93681917211329,0.282629134733183,0.766831018250321,NA,NA,NA,NA,NA,NA,NA,NA
-18,45,9340,176494,235290,74,503,466,0.798618605655083,0.285810069833116,0.198446496099206,NA,NA,NA,NA,NA,NA,NA,NA
-17,46,9383,177011,235772,43,517,482,0.460385438972163,0.292927804911215,0.204853584937736,NA,NA,NA,NA,NA,NA,NA,NA
-16,47,9426,177420,235400,43,409,-372,0.458275604817223,0.231059086723424,-0.157779549734489,NA,NA,NA,NA,NA,NA,NA,NA
-15,48,9474,177652,236259,48,232,859,0.509229789942712,0.130763160861233,0.364910790144435,NA,NA,NA,NA,NA,NA,NA,NA
-14,49,9510,177958,236259,36,306,0,0.379987333755541,0.172246864656745,0,NA,NA,NA,NA,NA,NA,NA,NA
-13,50,9534,178409,237906,24,451,1647,0.252365930599369,0.253430584744715,0.697116300331416,NA,NA,NA,NA,NA,NA,NA,NA
-12,51,9562,178867,238564,28,458,658,0.293685756240822,0.256713506605608,0.276579825645423,NA,NA,NA,NA,NA,NA,NA,NA
-11,52,9591,179265,239228,29,398,664,0.303283831834344,0.222511698636417,0.278332019919183,NA,NA,NA,NA,NA,NA,NA,NA
-10,53,9614,179586,239479,23,321,251,0.239808153477218,0.179064513429839,0.104920828665541,NA,NA,NA,NA,NA,NA,NA,NA
-9,54,9638,179843,239638,24,257,159,0.249635947576451,0.143106923702293,0.0663941305918264,NA,NA,NA,NA,NA,NA,NA,NA
-8,55,9663,179998,239932,25,155,294,0.259389914920108,0.0861862847038806,0.122685049950342,NA,NA,NA,NA,NA,NA,NA,NA
-7,56,9683,180243,240326,20,245,394,0.20697505950533,0.136112623473594,0.164213193738226,NA,NA,NA,NA,NA,NA,NA,NA
-6,57,9703,180491,240660,20,248,334,0.206547557575132,0.13759202853925,0.1389778883683,NA,NA,NA,NA,NA,NA,NA,NA
-5,58,9720,180628,240978,17,137,318,0.175203545295269,0.0759040616983672,0.132136624283221,NA,NA,NA,NA,NA,NA,NA,NA
-4,59,9727,181027,241310,7,399,332,0.0720164609053498,0.220895985118586,0.137771912788719,NA,NA,NA,NA,NA,NA,NA,NA
-3,60,9739,181236,241550,12,209,240,0.123367944895651,0.115452391079784,0.0994571298329949,NA,NA,NA,NA,NA,NA,NA,NA
-2,61,9747,181388,241717,8,152,167,0.0821439572851422,0.0838685470877751,0.0691368246739805,NA,NA,NA,NA,NA,NA,NA,NA
-1,62,9757,181604,241966,10,216,249,0.102595670462706,0.119081747414382,0.103013027631486,NA,NA,NA,NA,NA,NA,NA,NA
0,63,9770,181822,242280,13,218,314,0.133237675515015,0.120041408779542,0.129770298306374,NA,NA,242280,242280,314,314,NA,NA
1,64,9779,181978,NA,9,156,NA,0.0921187308085978,0.085798198237837,NA,0.0921187308085978,0.085798198237837,242503.185261003,242487.871874691,223.185261003033,207.871874690638,0.0921187308085821,0.0857981982378397
2,65,9788,NA,NA,9,NA,NA,0.0920339503016668,NA,NA,0.0920339503016668,NA,242726.370522006,NA,223.185261003062,NA,0.0920339503016633,NA
3,66,9797,NA,NA,9,NA,NA,0.0919493257049448,NA,NA,0.0919493257049448,NA,242949.555783009,NA,223.185261003091,NA,0.0919493257049532,NA
4,67,9810,NA,NA,13,NA,NA,0.132693681739308,NA,NA,0.132693681739308,NA,243271.934493347,NA,322.378710337798,NA,0.13269368173932,NA
5,68,9818,NA,NA,8,NA,NA,0.0815494393476045,NA,NA,0.0815494393476045,NA,243470.321392016,NA,198.386898669385,NA,0.0815494393476,NA
6,69,9822,NA,NA,4,NA,NA,0.0407414952128743,NA,NA,0.0407414952128743,NA,243569.514841351,NA,99.193449334678,NA,0.0407414952128661,NA
7,70,9830,NA,NA,8,NA,NA,0.0814498065567094,NA,NA,0.0814498065567094,NA,243767.90174002,NA,198.386898669385,NA,0.0814498065567049,NA
8,71,9835,NA,NA,5,NA,NA,0.0508646998982706,NA,NA,0.0508646998982706,NA,243891.893551689,NA,123.991811668384,NA,0.0508646998982753,NA
9,72,9847,NA,NA,12,NA,NA,0.122013218098627,NA,NA,0.122013218098627,NA,244189.473899693,NA,297.580348004121,NA,0.122013218098639,NA
10,73,9855,NA,NA,8,NA,NA,0.0812430181781253,NA,NA,0.0812430181781253,NA,244387.860798362,NA,198.386898669414,NA,0.0812430181781327,NA
11,74,9857,NA,NA,2,NA,NA,0.0202942668696093,NA,NA,0.0202942668696093,NA,244437.45752303,NA,49.5967246673245,NA,0.0202942668695993,NA
12,75,9859,NA,NA,2,NA,NA,0.0202901491325961,NA,NA,0.0202901491325961,NA,244487.054247697,NA,49.5967246673827,NA,0.0202901491326099,NA
13,76,9863,NA,NA,4,NA,NA,0.0405720661324678,NA,NA,0.0405720661324678,NA,244586.247697032,NA,99.193449334678,NA,0.0405720661324596,NA
14,77,9874,NA,NA,11,NA,NA,0.111527932677684,NA,NA,0.111527932677684,NA,244859.029682702,NA,272.781985670415,NA,0.111527932677683,NA
15,78,9890,NA,NA,16,NA,NA,0.162041725744379,NA,NA,0.162041725744379,NA,245255.803480041,NA,396.773797338828,NA,0.162041725744394,NA
16,79,9921,NA,NA,31,NA,NA,0.313447927199191,NA,NA,0.313447927199191,NA,246024.552712385,NA,768.749232343893,NA,0.313447927199184,NA
17,80,9953,NA,NA,32,NA,NA,0.322548130228808,NA,NA,0.322548130228808,NA,246818.100307062,NA,793.54759467757,NA,0.322548130228802,NA
18,81,9978,NA,NA,25,NA,NA,0.251180548578318,NA,NA,0.251180548578318,NA,247438.059365404,NA,619.959058341832,NA,0.251180548578306,NA
19,82,10001,NA,NA,23,NA,NA,0.23050711565444,NA,NA,0.23050711565444,NA,248008.421699079,NA,570.362333674537,NA,0.230507115654449,NA
20,83,10028,NA,NA,27,NA,NA,0.26997300269973,NA,NA,0.26997300269973,NA,248677.977482088,NA,669.555783009215,NA,0.269973002699731,NA
21,84,10053,NA,NA,25,NA,NA,0.249301954527323,NA,NA,0.249301954527323,NA,249297.93654043,NA,619.959058341861,NA,0.249301954527323,NA
22,85,10070,NA,NA,17,NA,NA,0.169103750124341,NA,NA,0.169103750124341,NA,249719.508700102,NA,421.572159672447,NA,0.169103750124333,NA
23,86,10082,NA,NA,12,NA,NA,0.119165839126117,NA,NA,0.119165839126117,NA,250017.089048106,NA,297.580348004121,NA,0.119165839126128,NA
24,87,10095,NA,NA,13,NA,NA,0.128942670105138,NA,NA,0.128942670105138,NA,250339.467758444,NA,322.378710337798,NA,0.12894267010515,NA
25,88,10107,NA,NA,12,NA,NA,0.11887072808321,NA,NA,0.11887072808321,NA,250637.048106448,NA,297.580348004092,NA,0.118870728083209,NA
26,89,10137,NA,NA,30,NA,NA,0.296823983377857,NA,NA,0.296823983377857,NA,251380.998976459,NA,743.950870010216,NA,0.296823983377849,NA
27,90,10147,NA,NA,10,NA,NA,0.0986485153398441,NA,NA,0.0986485153398441,NA,251628.982599795,NA,247.983623336768,NA,0.0986485153398531,NA
28,91,10166,NA,NA,19,NA,NA,0.187247462304129,NA,NA,0.187247462304129,NA,252100.151484135,NA,471.168884339801,NA,0.187247462304123,NA
29,92,10187,NA,NA,21,NA,NA,0.206570922683455,NA,NA,0.206570922683455,NA,252620.917093142,NA,520.765609007183,NA,0.206570922683462,NA
30,93,10209,NA,NA,22,NA,NA,0.215961519583783,NA,NA,0.215961519583783,NA,253166.481064483,NA,545.563971340831,NA,0.21596151958378,NA
31,94,10224,NA,NA,15,NA,NA,0.146929180135175,NA,NA,0.146929180135175,NA,253538.456499488,NA,371.975435005093,NA,0.146929180135165,NA
32,95,10241,NA,NA,17,NA,NA,0.166275430359937,NA,NA,0.166275430359937,NA,253960.028659161,NA,421.572159672476,NA,0.166275430359941,NA
33,96,10278,NA,NA,37,NA,NA,0.36129284249585,NA,NA,0.36129284249585,NA,254877.568065507,NA,917.539406345924,NA,0.361292842495837,NA
34,97,10350,NA,NA,72,NA,NA,0.700525394045534,NA,NA,0.700525394045534,NA,256663.050153531,NA,1785.48208802455,NA,0.70052539404553,NA
35,98,10403,NA,NA,53,NA,NA,0.51207729468599,NA,NA,0.51207729468599,NA,257977.363357216,NA,1314.31320368475,NA,0.512077294685992,NA
36,99,10439,NA,NA,36,NA,NA,0.346054022878016,NA,NA,0.346054022878016,NA,258870.104401228,NA,892.741044012277,NA,0.346054022878014,NA
37,100,10463,NA,NA,24,NA,NA,0.229907079222148,NA,NA,0.229907079222148,NA,259465.265097236,NA,595.160696008184,NA,0.229907079222146,NA
38,101,10495,NA,NA,32,NA,NA,0.305839625346459,NA,NA,0.305839625346459,NA,260258.812691914,NA,793.54759467757,NA,0.305839625346453,NA
39,102,10530,NA,NA,35,NA,NA,0.333492139113864,NA,NA,0.333492139113864,NA,261126.755373593,NA,867.942681678629,NA,0.333492139113872,NA
40,103,10574,NA,NA,44,NA,NA,0.417853751187085,NA,NA,0.417853751187085,NA,262217.883316274,NA,1091.12794268166,NA,0.417853751187078,NA
41,104,10610,NA,NA,36,NA,NA,0.34045772649896,NA,NA,0.34045772649896,NA,263110.624360287,NA,892.741044012248,NA,0.340457726498946,NA
42,105,10646,NA,NA,36,NA,NA,0.339302544769086,NA,NA,0.339302544769086,NA,264003.365404299,NA,892.741044012248,NA,0.339302544769073,NA
43,106,10692,NA,NA,46,NA,NA,0.432087168889724,NA,NA,0.432087168889724,NA,265144.090071648,NA,1140.72466734902,NA,0.432087168889719,NA
44,107,10744,NA,NA,52,NA,NA,0.486344930789375,NA,NA,0.486344930789375,NA,266433.604912999,NA,1289.51484135108,NA,0.486344930789376,NA
45,108,10779,NA,NA,35,NA,NA,0.325763216679077,NA,NA,0.325763216679077,NA,267301.547594677,NA,867.942681678629,NA,0.325763216679085,NA
46,109,10813,NA,NA,34,NA,NA,0.315428147323499,NA,NA,0.315428147323499,NA,268144.691914022,NA,843.144319344952,NA,0.315428147323507,NA
47,110,10859,NA,NA,46,NA,NA,0.425413853694627,NA,NA,0.425413853694627,NA,269285.416581372,NA,1140.72466734907,NA,0.425413853694644,NA
48,111,10900,NA,NA,41,NA,NA,0.377566995119256,NA,NA,0.377566995119256,NA,270302.149437052,NA,1016.73285568069,NA,0.377566995119269,NA
