"daysFromToday","Day","Korea","Italy","X","dif.Korea","dif.Italy","dif.X","growth.Korea","growth.Italy","growth.X","prj.grKO.X","prj.grIT.X","grKO.prj.tot.X","grIT.prj.tot.X","dif.grKO.prj.tot.X","dif.grIT.prj.tot.X","growth.grKO.prj.tot.X","growth.grIT.prj.tot.X"
-81,NA,NA,0,NA,NA,NA,NA,NA,NA,NA,NA,NA,NA,NA,NA,NA,NA,NA
-80,NA,NA,0,NA,NA,0,NA,NA,NA,NA,NA,NA,NA,NA,NA,NA,NA,NA
-79,NA,NA,0,NA,NA,0,NA,NA,NA,NA,NA,NA,NA,NA,NA,NA,NA,NA
-78,NA,NA,1,NA,NA,1,NA,NA,Inf,NA,NA,NA,NA,NA,NA,NA,NA,NA
-77,NA,NA,1,NA,NA,0,NA,NA,0,NA,NA,NA,NA,NA,NA,NA,NA,NA
-76,NA,NA,1,NA,NA,0,NA,NA,0,NA,NA,NA,NA,NA,NA,NA,NA,NA
-75,NA,NA,2,NA,NA,1,NA,NA,100,NA,NA,NA,NA,NA,NA,NA,NA,NA
-74,NA,NA,2,NA,NA,0,NA,NA,0,NA,NA,NA,NA,NA,NA,NA,NA,NA
-73,NA,NA,3,NA,NA,1,NA,NA,50,NA,NA,NA,NA,NA,NA,NA,NA,NA
-72,NA,NA,4,NA,NA,1,NA,NA,33.3333333333333,NA,NA,NA,NA,NA,NA,NA,NA,NA
-71,NA,NA,5,NA,NA,1,NA,NA,25,NA,NA,NA,NA,NA,NA,NA,NA,NA
-70,NA,NA,6,NA,NA,1,NA,NA,20,NA,NA,NA,NA,NA,NA,NA,NA,NA
-69,NA,NA,8,NA,NA,2,NA,NA,33.3333333333333,NA,NA,NA,NA,NA,NA,NA,NA,NA
-68,NA,NA,9,NA,NA,1,NA,NA,12.5,NA,NA,NA,NA,NA,NA,NA,NA,NA
-67,NA,NA,12,NA,NA,3,NA,NA,33.3333333333333,NA,NA,NA,NA,NA,NA,NA,NA,NA
-66,NA,NA,15,NA,NA,3,NA,NA,25,NA,NA,NA,NA,NA,NA,NA,NA,NA
-65,NA,NA,18,NA,NA,3,NA,NA,20,NA,NA,NA,NA,NA,NA,NA,NA,NA
-64,NA,NA,20,NA,NA,2,NA,NA,11.1111111111111,NA,NA,NA,NA,NA,NA,NA,NA,NA
-63,NA,NA,25,NA,NA,5,NA,NA,25,NA,NA,NA,NA,NA,NA,NA,NA,NA
-62,NA,NA,30,NA,NA,5,NA,NA,20,NA,NA,NA,NA,NA,NA,NA,NA,NA
-61,NA,NA,35,NA,NA,5,NA,NA,16.6666666666667,NA,NA,NA,NA,NA,NA,NA,NA,NA
-60,NA,NA,42,NA,NA,7,NA,NA,20,NA,NA,NA,NA,NA,NA,NA,NA,NA
-59,NA,NA,49,NA,NA,7,NA,NA,16.6666666666667,NA,NA,NA,NA,NA,NA,NA,NA,NA
-58,NA,NA,55,NA,NA,6,NA,NA,12.2448979591837,NA,NA,NA,NA,NA,NA,NA,NA,NA
-57,NA,NA,62,NA,NA,7,NA,NA,12.7272727272727,NA,NA,NA,NA,NA,NA,NA,NA,NA
-56,NA,NA,71,NA,NA,9,NA,NA,14.5161290322581,NA,NA,NA,NA,NA,NA,NA,NA,NA
-55,NA,NA,81,NA,NA,10,NA,NA,14.0845070422535,NA,NA,NA,NA,NA,NA,NA,NA,NA
-54,NA,NA,93,NA,NA,12,NA,NA,14.8148148148148,NA,NA,NA,NA,NA,NA,NA,NA,NA
-53,NA,NA,106,NA,NA,13,NA,NA,13.9784946236559,NA,NA,NA,NA,NA,NA,NA,NA,NA
-52,NA,NA,117,NA,NA,11,NA,NA,10.377358490566,NA,NA,NA,NA,NA,NA,NA,NA,NA
-51,NA,NA,127,NA,NA,10,NA,NA,8.54700854700855,NA,NA,NA,NA,NA,NA,NA,NA,NA
-50,NA,NA,137,NA,NA,10,NA,NA,7.8740157480315,NA,NA,NA,NA,NA,NA,NA,NA,NA
-49,NA,NA,147,NA,NA,10,NA,NA,7.2992700729927,NA,NA,NA,NA,NA,NA,NA,NA,NA
-48,NA,NA,159,58,NA,12,NA,NA,8.16326530612245,NA,NA,NA,NA,NA,NA,NA,NA,NA
-47,NA,NA,171,66,NA,12,8,NA,7.54716981132075,13.7931034482759,NA,NA,NA,NA,NA,NA,NA,NA
-46,NA,NA,183,66,NA,12,0,NA,7.01754385964912,0,NA,NA,NA,NA,NA,NA,NA,NA
-45,NA,NA,193,70,NA,10,4,NA,5.46448087431694,6.06060606060606,NA,NA,NA,NA,NA,NA,NA,NA
-44,NA,NA,201,70,NA,8,0,NA,4.14507772020725,0,NA,NA,NA,NA,NA,NA,NA,NA
-43,NA,NA,209,79,NA,8,9,NA,3.98009950248756,12.8571428571429,NA,NA,NA,NA,NA,NA,NA,NA
-42,NA,NA,219,79,NA,10,0,NA,4.78468899521531,0,NA,NA,NA,NA,NA,NA,NA,NA
-41,NA,NA,228,92,NA,9,13,NA,4.10958904109589,16.4556962025316,NA,NA,NA,NA,NA,NA,NA,NA
-40,NA,NA,237,101,NA,9,9,NA,3.94736842105263,9.78260869565217,NA,NA,NA,NA,NA,NA,NA,NA
-39,NA,NA,247,110,NA,10,9,NA,4.21940928270042,8.91089108910891,NA,NA,NA,NA,NA,NA,NA,NA
-38,NA,NA,255,130,NA,8,20,NA,3.23886639676113,18.1818181818182,NA,NA,NA,NA,NA,NA,NA,NA
-37,NA,NA,262,142,NA,7,12,NA,2.74509803921569,9.23076923076923,NA,NA,NA,NA,NA,NA,NA,NA
-36,NA,NA,268,160,NA,6,18,NA,2.29007633587786,12.6760563380282,NA,NA,NA,NA,NA,NA,NA,NA
-35,NA,NA,276,204,NA,8,44,NA,2.98507462686567,27.5,NA,NA,NA,NA,NA,NA,NA,NA
-34,NA,NA,284,221,NA,8,17,NA,2.89855072463768,8.33333333333333,NA,NA,NA,NA,NA,NA,NA,NA
-33,NA,NA,292,280,NA,8,59,NA,2.8169014084507,26.6968325791855,NA,NA,NA,NA,NA,NA,NA,NA
-32,NA,NA,301,326,NA,9,46,NA,3.08219178082192,16.4285714285714,NA,NA,NA,NA,NA,NA,NA,NA
-31,NA,NA,309,333,NA,8,7,NA,2.6578073089701,2.14723926380368,NA,NA,NA,NA,NA,NA,NA,NA
-30,NA,NA,316,396,NA,7,63,NA,2.26537216828479,18.9189189189189,NA,NA,NA,NA,NA,NA,NA,NA
-29,NA,NA,322,396,NA,6,0,NA,1.89873417721519,0,NA,NA,NA,NA,NA,NA,NA,NA
-28,NA,NA,327,499,NA,5,103,NA,1.5527950310559,26.010101010101,NA,NA,NA,NA,NA,NA,NA,NA
-27,NA,NA,334,572,NA,7,73,NA,2.14067278287462,14.6292585170341,NA,NA,NA,NA,NA,NA,NA,NA
-26,NA,NA,341,684,NA,7,112,NA,2.09580838323353,19.5804195804196,NA,NA,NA,NA,NA,NA,NA,NA
-25,0,0,348,766,NA,7,82,NA,2.05278592375367,11.9883040935673,NA,NA,NA,NA,NA,NA,NA,NA
-24,1,0,354,818,0,6,52,NA,1.72413793103448,6.78851174934726,NA,NA,NA,NA,NA,NA,NA,NA
-23,2,1,359,876,1,5,58,Inf,1.41242937853107,7.09046454767726,NA,NA,NA,NA,NA,NA,NA,NA
-22,3,1,364,907,0,5,31,0,1.39275766016713,3.53881278538813,NA,NA,NA,NA,NA,NA,NA,NA
-21,4,2,371,971,1,7,64,100,1.92307692307692,7.05622932745314,NA,NA,NA,NA,NA,NA,NA,NA
-20,5,2,376,1027,0,5,56,0,1.34770889487871,5.76725025746653,NA,NA,NA,NA,NA,NA,NA,NA
-19,6,3,382,1101,1,6,74,50,1.59574468085106,7.20545277507303,NA,NA,NA,NA,NA,NA,NA,NA
-18,7,4,387,1101,1,5,0,33.3333333333333,1.30890052356021,0,NA,NA,NA,NA,NA,NA,NA,NA
-17,8,5,391,1124,1,4,23,25,1.03359173126615,2.08900999091735,NA,NA,NA,NA,NA,NA,NA,NA
-16,9,7,395,1179,2,4,55,40,1.0230179028133,4.8932384341637,NA,NA,NA,NA,NA,NA,NA,NA
-15,10,9,399,1327,2,4,148,28.5714285714286,1.0126582278481,12.5530110262935,NA,NA,NA,NA,NA,NA,NA,NA
-14,11,10,403,1421,1,4,94,11.1111111111111,1.00250626566416,7.08364732479277,NA,NA,NA,NA,NA,NA,NA,NA
-13,12,12,407,1462,2,4,41,20,0.992555831265509,2.88529204785362,NA,NA,NA,NA,NA,NA,NA,NA
-12,13,13,410,2080,1,3,618,8.33333333333333,0.737100737100737,42.2708618331053,NA,NA,NA,NA,NA,NA,NA,NA
-11,14,14,414,2129,1,4,49,7.69230769230769,0.975609756097561,2.35576923076923,NA,NA,NA,NA,NA,NA,NA,NA
-10,15,15,417,2129,1,3,0,7.14285714285714,0.72463768115942,0,NA,NA,NA,NA,NA,NA,NA,NA
-9,16,16,419,2145,1,2,16,6.66666666666667,0.479616306954436,0.751526538280883,NA,NA,NA,NA,NA,NA,NA,NA
-8,17,17,422,2193,1,3,48,6.25,0.715990453460621,2.23776223776224,NA,NA,NA,NA,NA,NA,NA,NA
-7,18,17,424,2196,0,2,3,0,0.4739336492891,0.136798905608755,NA,NA,NA,NA,NA,NA,NA,NA
-6,19,18,427,2202,1,3,6,5.88235294117647,0.707547169811321,0.273224043715847,NA,NA,NA,NA,NA,NA,NA,NA
-5,20,18,430,2229,0,3,27,0,0.702576112412178,1.22615803814714,NA,NA,NA,NA,NA,NA,NA,NA
-4,21,18,432,2238,0,2,9,0,0.465116279069767,0.403768506056528,NA,NA,NA,NA,NA,NA,NA,NA
-3,22,19,434,2238,1,2,0,5.55555555555556,0.462962962962963,0,NA,NA,NA,NA,NA,NA,NA,NA
-2,23,19,435,2238,0,1,0,0,0.230414746543779,0,NA,NA,NA,NA,NA,NA,NA,NA
-1,24,19,438,2251,0,3,13,0,0.689655172413793,0.580875781948168,NA,NA,NA,NA,NA,NA,NA,NA
0,25,19,440,2266,0,2,15,0,0.45662100456621,0.666370501999112,NA,NA,2266,2266,15,15,NA,NA
1,26,19,441,NA,0,1,NA,0,0.227272727272727,NA,0,0.227272727272727,2266,2271.15,0,5.14999999999964,0,0.227272727272711
2,27,20,443,NA,1,2,NA,5.26315789473684,0.453514739229025,NA,5.26315789473684,0.453514739229025,2385.26315789474,2281.45,119.263157894737,10.3000000000002,5.26315789473683,0.453514739229033
3,28,20,445,NA,0,2,NA,0,0.451467268623025,NA,0,0.451467268623025,2385.26315789474,2291.75,0,10.2999999999997,0,0.451467268623013
4,29,20,446,NA,0,1,NA,0,0.224719101123596,NA,0,0.224719101123596,2385.26315789474,2296.9,0,5.15000000000009,0,0.2247191011236
5,30,21,447,NA,1,1,NA,5,0.224215246636771,NA,5,0.224215246636771,2504.52631578947,2302.05,119.263157894737,5.14999999999964,5.00000000000001,0.224215246636756
6,31,21,449,NA,0,2,NA,0,0.447427293064877,NA,0,0.447427293064877,2504.52631578947,2312.35,0,10.3000000000002,0,0.447427293064885
7,32,21,450,NA,0,1,NA,0,0.22271714922049,NA,0,0.22271714922049,2504.52631578947,2317.5,0,5.15000000000009,0,0.222717149220494
8,33,21,451,NA,0,1,NA,0,0.222222222222222,NA,0,0.222222222222222,2504.52631578947,2322.65,0,5.14999999999964,0,0.222222222222207
9,34,21,452,NA,0,1,NA,0,0.221729490022173,NA,0,0.221729490022173,2504.52631578947,2327.8,0,5.15000000000009,0,0.221729490022177
10,35,22,454,NA,1,2,NA,4.76190476190476,0.442477876106195,NA,4.76190476190476,0.442477876106195,2623.78947368421,2338.1,119.263157894737,10.2999999999997,4.76190476190477,0.442477876106183
11,36,22,455,NA,0,1,NA,0,0.220264317180617,NA,0,0.220264317180617,2623.78947368421,2343.25,0,5.14999999999964,0,0.220264317180601
12,37,22,455,NA,0,0,NA,0,0,NA,0,0,2623.78947368421,2343.25,0,0,0,0
13,38,22,456,NA,0,1,NA,0,0.21978021978022,NA,0,0.21978021978022,2623.78947368421,2348.4,0,5.15000000000009,0,0.219780219780224
14,39,23,457,NA,1,1,NA,4.54545454545455,0.219298245614035,NA,4.54545454545455,0.219298245614035,2743.05263157895,2353.55,119.263157894737,5.15000000000009,4.54545454545454,0.219298245614039
15,40,23,NA,NA,0,NA,NA,0,NA,NA,0,NA,2743.05263157895,NA,0,NA,0,NA
16,41,23,NA,NA,0,NA,NA,0,NA,NA,0,NA,2743.05263157895,NA,0,NA,0,NA
17,42,23,NA,NA,0,NA,NA,0,NA,NA,0,NA,2743.05263157895,NA,0,NA,0,NA
18,43,23,NA,NA,0,NA,NA,0,NA,NA,0,NA,2743.05263157895,NA,0,NA,0,NA
19,44,24,NA,NA,1,NA,NA,4.34782608695652,NA,NA,4.34782608695652,NA,2862.31578947368,NA,119.263157894737,NA,4.34782608695651,NA
20,45,24,NA,NA,0,NA,NA,0,NA,NA,0,NA,2862.31578947368,NA,0,NA,0,NA
21,46,24,NA,NA,0,NA,NA,0,NA,NA,0,NA,2862.31578947368,NA,0,NA,0,NA
22,47,24,NA,NA,0,NA,NA,0,NA,NA,0,NA,2862.31578947368,NA,0,NA,0,NA
23,48,24,NA,NA,0,NA,NA,0,NA,NA,0,NA,2862.31578947368,NA,0,NA,0,NA
24,49,24,NA,NA,0,NA,NA,0,NA,NA,0,NA,2862.31578947368,NA,0,NA,0,NA
25,50,24,NA,NA,0,NA,NA,0,NA,NA,0,NA,2862.31578947368,NA,0,NA,0,NA
26,51,24,NA,NA,0,NA,NA,0,NA,NA,0,NA,2862.31578947368,NA,0,NA,0,NA
27,52,25,NA,NA,1,NA,NA,4.16666666666667,NA,NA,4.16666666666667,NA,2981.57894736842,NA,119.263157894737,NA,4.16666666666668,NA
28,53,25,NA,NA,0,NA,NA,0,NA,NA,0,NA,2981.57894736842,NA,0,NA,0,NA
29,54,25,NA,NA,0,NA,NA,0,NA,NA,0,NA,2981.57894736842,NA,0,NA,0,NA
30,55,25,NA,NA,0,NA,NA,0,NA,NA,0,NA,2981.57894736842,NA,0,NA,0,NA
31,56,25,NA,NA,0,NA,NA,0,NA,NA,0,NA,2981.57894736842,NA,0,NA,0,NA
32,57,25,NA,NA,0,NA,NA,0,NA,NA,0,NA,2981.57894736842,NA,0,NA,0,NA
33,58,25,NA,NA,0,NA,NA,0,NA,NA,0,NA,2981.57894736842,NA,0,NA,0,NA
34,59,25,NA,NA,0,NA,NA,0,NA,NA,0,NA,2981.57894736842,NA,0,NA,0,NA
35,60,25,NA,NA,0,NA,NA,0,NA,NA,0,NA,2981.57894736842,NA,0,NA,0,NA
36,61,25,NA,NA,0,NA,NA,0,NA,NA,0,NA,2981.57894736842,NA,0,NA,0,NA
37,62,25,NA,NA,0,NA,NA,0,NA,NA,0,NA,2981.57894736842,NA,0,NA,0,NA
38,63,25,NA,NA,0,NA,NA,0,NA,NA,0,NA,2981.57894736842,NA,0,NA,0,NA
39,64,25,NA,NA,0,NA,NA,0,NA,NA,0,NA,2981.57894736842,NA,0,NA,0,NA
40,65,25,NA,NA,0,NA,NA,0,NA,NA,0,NA,2981.57894736842,NA,0,NA,0,NA
41,66,25,NA,NA,0,NA,NA,0,NA,NA,0,NA,2981.57894736842,NA,0,NA,0,NA
42,67,25,NA,NA,0,NA,NA,0,NA,NA,0,NA,2981.57894736842,NA,0,NA,0,NA
43,68,25,NA,NA,0,NA,NA,0,NA,NA,0,NA,2981.57894736842,NA,0,NA,0,NA
44,69,25,NA,NA,0,NA,NA,0,NA,NA,0,NA,2981.57894736842,NA,0,NA,0,NA
45,70,25,NA,NA,0,NA,NA,0,NA,NA,0,NA,2981.57894736842,NA,0,NA,0,NA
46,71,25,NA,NA,0,NA,NA,0,NA,NA,0,NA,2981.57894736842,NA,0,NA,0,NA
47,72,25,NA,NA,0,NA,NA,0,NA,NA,0,NA,2981.57894736842,NA,0,NA,0,NA
48,73,25,NA,NA,0,NA,NA,0,NA,NA,0,NA,2981.57894736842,NA,0,NA,0,NA
49,74,25,NA,NA,0,NA,NA,0,NA,NA,0,NA,2981.57894736842,NA,0,NA,0,NA
50,75,25,NA,NA,0,NA,NA,0,NA,NA,0,NA,2981.57894736842,NA,0,NA,0,NA
51,76,25,NA,NA,0,NA,NA,0,NA,NA,0,NA,2981.57894736842,NA,0,NA,0,NA
52,77,25,NA,NA,0,NA,NA,0,NA,NA,0,NA,2981.57894736842,NA,0,NA,0,NA
53,78,25,NA,NA,0,NA,NA,0,NA,NA,0,NA,2981.57894736842,NA,0,NA,0,NA
54,79,25,NA,NA,0,NA,NA,0,NA,NA,0,NA,2981.57894736842,NA,0,NA,0,NA
55,80,25,NA,NA,0,NA,NA,0,NA,NA,0,NA,2981.57894736842,NA,0,NA,0,NA
56,81,26,NA,NA,1,NA,NA,4,NA,NA,4,NA,3100.84210526316,NA,119.263157894737,NA,4.00000000000001,NA
57,82,26,NA,NA,0,NA,NA,0,NA,NA,0,NA,3100.84210526316,NA,0,NA,0,NA
58,83,26,NA,NA,0,NA,NA,0,NA,NA,0,NA,3100.84210526316,NA,0,NA,0,NA
59,84,26,NA,NA,0,NA,NA,0,NA,NA,0,NA,3100.84210526316,NA,0,NA,0,NA
60,85,26,NA,NA,0,NA,NA,0,NA,NA,0,NA,3100.84210526316,NA,0,NA,0,NA
61,86,26,NA,NA,0,NA,NA,0,NA,NA,0,NA,3100.84210526316,NA,0,NA,0,NA
62,87,26,NA,NA,0,NA,NA,0,NA,NA,0,NA,3100.84210526316,NA,0,NA,0,NA
63,88,26,NA,NA,0,NA,NA,0,NA,NA,0,NA,3100.84210526316,NA,0,NA,0,NA
64,89,26,NA,NA,0,NA,NA,0,NA,NA,0,NA,3100.84210526316,NA,0,NA,0,NA
65,90,26,NA,NA,0,NA,NA,0,NA,NA,0,NA,3100.84210526316,NA,0,NA,0,NA
66,91,26,NA,NA,0,NA,NA,0,NA,NA,0,NA,3100.84210526316,NA,0,NA,0,NA
67,92,26,NA,NA,0,NA,NA,0,NA,NA,0,NA,3100.84210526316,NA,0,NA,0,NA
68,93,26,NA,NA,0,NA,NA,0,NA,NA,0,NA,3100.84210526316,NA,0,NA,0,NA
69,94,26,NA,NA,0,NA,NA,0,NA,NA,0,NA,3100.84210526316,NA,0,NA,0,NA
70,95,26,NA,NA,0,NA,NA,0,NA,NA,0,NA,3100.84210526316,NA,0,NA,0,NA
71,96,26,NA,NA,0,NA,NA,0,NA,NA,0,NA,3100.84210526316,NA,0,NA,0,NA
72,97,26,NA,NA,0,NA,NA,0,NA,NA,0,NA,3100.84210526316,NA,0,NA,0,NA
