"daysFromToday","Day","Korea","Italy","X","dif.Korea","dif.Italy","dif.X","growth.Korea","growth.Italy","growth.X","prj.grKO.X","prj.grIT.X","grKO.prj.tot.X","grIT.prj.tot.X","dif.grKO.prj.tot.X","dif.grIT.prj.tot.X","growth.grKO.prj.tot.X","growth.grIT.prj.tot.X"
-75,NA,NA,NA,62,NA,NA,NA,NA,NA,NA,NA,NA,NA,NA,NA,NA,NA,NA
-74,NA,NA,NA,79,NA,NA,17,NA,NA,27.4193548387097,NA,NA,NA,NA,NA,NA,NA,NA
-73,NA,NA,NA,79,NA,NA,0,NA,NA,0,NA,NA,NA,NA,NA,NA,NA,NA
-72,NA,NA,NA,79,NA,NA,0,NA,NA,0,NA,NA,NA,NA,NA,NA,NA,NA
-71,NA,NA,NA,119,NA,NA,40,NA,NA,50.6329113924051,NA,NA,NA,NA,NA,NA,NA,NA
-70,NA,NA,NA,137,NA,NA,18,NA,NA,15.1260504201681,NA,NA,NA,NA,NA,NA,NA,NA
-69,NA,NA,NA,160,NA,NA,23,NA,NA,16.7883211678832,NA,NA,NA,NA,NA,NA,NA,NA
-68,NA,NA,NA,160,NA,NA,0,NA,NA,0,NA,NA,NA,NA,NA,NA,NA,NA
-67,NA,NA,NA,179,NA,NA,19,NA,NA,11.875,NA,NA,NA,NA,NA,NA,NA,NA
-66,NA,NA,NA,206,NA,NA,27,NA,NA,15.0837988826816,NA,NA,NA,NA,NA,NA,NA,NA
-65,NA,NA,NA,206,NA,NA,0,NA,NA,0,NA,NA,NA,NA,NA,NA,NA,NA
-64,NA,NA,NA,244,NA,NA,38,NA,NA,18.4466019417476,NA,NA,NA,NA,NA,NA,NA,NA
-63,NA,NA,NA,305,NA,NA,61,NA,NA,25,NA,NA,NA,NA,NA,NA,NA,NA
-62,NA,NA,NA,351,NA,NA,46,NA,NA,15.0819672131148,NA,NA,NA,NA,NA,NA,NA,NA
-61,NA,NA,NA,430,NA,NA,79,NA,NA,22.5071225071225,NA,NA,NA,NA,NA,NA,NA,NA
-60,NA,NA,NA,460,NA,NA,30,NA,NA,6.97674418604651,NA,NA,NA,NA,NA,NA,NA,NA
-59,NA,NA,NA,502,NA,NA,42,NA,NA,9.1304347826087,NA,NA,NA,NA,NA,NA,NA,NA
-58,NA,NA,NA,502,NA,NA,0,NA,NA,0,NA,NA,NA,NA,NA,NA,NA,NA
-57,NA,NA,1,596,NA,NA,94,NA,NA,18.7250996015936,NA,NA,NA,NA,NA,NA,NA,NA
-56,NA,NA,3,597,NA,2,1,NA,200,0.167785234899329,NA,NA,NA,NA,NA,NA,NA,NA
-55,NA,NA,5,642,NA,2,45,NA,66.6666666666667,7.53768844221105,NA,NA,NA,NA,NA,NA,NA,NA
-54,NA,NA,7,690,NA,2,48,NA,40,7.47663551401869,NA,NA,NA,NA,NA,NA,NA,NA
-53,NA,NA,9,774,NA,2,84,NA,28.5714285714286,12.1739130434783,NA,NA,NA,NA,NA,NA,NA,NA
-52,NA,NA,14,856,NA,5,82,NA,55.5555555555556,10.594315245478,NA,NA,NA,NA,NA,NA,NA,NA
-51,NA,NA,18,900,NA,4,44,NA,28.5714285714286,5.14018691588785,NA,NA,NA,NA,NA,NA,NA,NA
-50,NA,NA,23,900,NA,5,0,NA,27.7777777777778,0,NA,NA,NA,NA,NA,NA,NA,NA
-49,NA,NA,35,977,NA,12,77,NA,52.1739130434783,8.55555555555556,NA,NA,NA,NA,NA,NA,NA,NA
-48,NA,NA,42,1074,NA,7,97,NA,20,9.92835209825998,NA,NA,NA,NA,NA,NA,NA,NA
-47,NA,NA,52,1092,NA,10,18,NA,23.8095238095238,1.67597765363128,NA,NA,NA,NA,NA,NA,NA,NA
-46,NA,NA,64,1108,NA,12,16,NA,23.0769230769231,1.46520146520147,NA,NA,NA,NA,NA,NA,NA,NA
-45,NA,NA,80,1174,NA,16,66,NA,25,5.95667870036101,NA,NA,NA,NA,NA,NA,NA,NA
-44,NA,NA,96,1233,NA,16,59,NA,20,5.02555366269165,NA,NA,NA,NA,NA,NA,NA,NA
-43,NA,NA,122,1263,NA,26,30,NA,27.0833333333333,2.4330900243309,NA,NA,NA,NA,NA,NA,NA,NA
-42,NA,NA,152,1312,NA,30,49,NA,24.5901639344262,3.87965162311956,NA,NA,NA,NA,NA,NA,NA,NA
-41,NA,NA,189,1379,NA,37,67,NA,24.3421052631579,5.10670731707317,NA,NA,NA,NA,NA,NA,NA,NA
-40,NA,NA,210,1396,NA,21,17,NA,11.1111111111111,1.23277737490935,NA,NA,NA,NA,NA,NA,NA,NA
-39,NA,NA,257,1412,NA,47,16,NA,22.3809523809524,1.14613180515759,NA,NA,NA,NA,NA,NA,NA,NA
-38,NA,NA,312,1464,NA,55,52,NA,21.4007782101167,3.68271954674221,NA,NA,NA,NA,NA,NA,NA,NA
-37,NA,NA,365,1539,NA,53,75,NA,16.9871794871795,5.12295081967213,NA,NA,NA,NA,NA,NA,NA,NA
-36,NA,NA,437,1591,NA,72,52,NA,19.7260273972603,3.37881741390513,NA,NA,NA,NA,NA,NA,NA,NA
-35,NA,NA,511,1654,NA,74,63,NA,16.9336384439359,3.95977372721559,NA,NA,NA,NA,NA,NA,NA,NA
-34,NA,NA,578,1683,NA,67,29,NA,13.1115459882583,1.75332527206771,NA,NA,NA,NA,NA,NA,NA,NA
-33,NA,NA,651,1714,NA,73,31,NA,12.6297577854671,1.84194890077243,NA,NA,NA,NA,NA,NA,NA,NA
-32,NA,NA,738,1756,NA,87,42,NA,13.3640552995392,2.45040840140023,NA,NA,NA,NA,NA,NA,NA,NA
-31,NA,NA,848,1816,NA,110,60,NA,14.9051490514905,3.41685649202733,NA,NA,NA,NA,NA,NA,NA,NA
-30,0,3,971,1876,NA,123,60,NA,14.5047169811321,3.30396475770925,NA,NA,NA,NA,NA,NA,NA,NA
-29,1,5,1107,1946,2,136,70,66.6666666666667,14.0061791967044,3.73134328358209,NA,NA,NA,NA,NA,NA,NA,NA
-28,2,11,1221,2002,6,114,56,120,10.2981029810298,2.87769784172662,NA,NA,NA,NA,NA,NA,NA,NA
-27,3,15,1320,2071,4,99,69,36.3636363636364,8.10810810810811,3.44655344655345,NA,NA,NA,NA,NA,NA,NA,NA
-26,4,20,1429,2095,5,109,24,33.3333333333333,8.25757575757576,1.15886045388701,NA,NA,NA,NA,NA,NA,NA,NA
-25,5,24,1536,2127,4,107,32,20,7.48775367389783,1.52744630071599,NA,NA,NA,NA,NA,NA,NA,NA
-24,6,31,1664,2171,7,128,44,29.1666666666667,8.33333333333333,2.06864127879643,NA,NA,NA,NA,NA,NA,NA,NA
-23,7,43,1786,2235,12,122,64,38.7096774193548,7.33173076923077,2.94795025333947,NA,NA,NA,NA,NA,NA,NA,NA
-22,8,57,1910,2288,14,124,53,32.5581395348837,6.94288913773796,2.37136465324385,NA,NA,NA,NA,NA,NA,NA,NA
-21,9,77,2018,2345,20,108,57,35.0877192982456,5.6544502617801,2.49125874125874,NA,NA,NA,NA,NA,NA,NA,NA
-20,10,91,2101,2381,14,83,36,18.1818181818182,4.11298315163528,1.53518123667377,NA,NA,NA,NA,NA,NA,NA,NA
-19,11,106,2185,2425,15,84,44,16.4835164835165,3.998096144693,1.84796304073919,NA,NA,NA,NA,NA,NA,NA,NA
-18,12,126,2284,2459,20,99,34,18.8679245283019,4.53089244851259,1.4020618556701,NA,NA,NA,NA,NA,NA,NA,NA
-17,13,137,2380,2537,11,96,78,8.73015873015873,4.2031523642732,3.17202114680765,NA,NA,NA,NA,NA,NA,NA,NA
-16,14,148,2475,2595,11,95,58,8.02919708029197,3.99159663865546,2.28616476152937,NA,NA,NA,NA,NA,NA,NA,NA
-15,15,161,2574,2644,13,99,49,8.78378378378378,4,1.88824662813102,NA,NA,NA,NA,NA,NA,NA,NA
-14,16,171,2663,2712,10,89,68,6.2111801242236,3.45765345765346,2.57186081694402,NA,NA,NA,NA,NA,NA,NA,NA
-13,17,178,2738,2761,7,75,49,4.09356725146199,2.81637251220428,1.80678466076696,NA,NA,NA,NA,NA,NA,NA,NA
-12,18,182,2800,2788,4,62,27,2.24719101123596,2.26442658875091,0.977906555595799,NA,NA,NA,NA,NA,NA,NA,NA
-11,19,183,2880,2847,1,80,59,0.549450549450549,2.85714285714286,2.11621233859397,NA,NA,NA,NA,NA,NA,NA,NA
-10,20,189,2966,2933,6,86,86,3.27868852459016,2.98611111111111,3.02072356866877,NA,NA,NA,NA,NA,NA,NA,NA
-9,21,192,3048,2984,3,82,51,1.58730158730159,2.76466621712744,1.73883395840436,NA,NA,NA,NA,NA,NA,NA,NA
-8,22,194,3145,3057,2,97,73,1.04166666666667,3.18241469816273,2.44638069705094,NA,NA,NA,NA,NA,NA,NA,NA
-7,23,197,3229,3124,3,84,67,1.54639175257732,2.67090620031796,2.19169120052339,NA,NA,NA,NA,NA,NA,NA,NA
-6,24,199,3295,3186,2,66,62,1.01522842639594,2.04397646330133,1.98463508322663,NA,NA,NA,NA,NA,NA,NA,NA
-5,25,201,3356,3232,2,61,46,1.00502512562814,1.85128983308042,1.44381669805399,NA,NA,NA,NA,NA,NA,NA,NA
-4,26,203,3411,3272,2,55,40,0.995024875621891,1.6388557806913,1.23762376237624,NA,NA,NA,NA,NA,NA,NA,NA
-3,27,205,3489,3360,2,78,88,0.985221674876847,2.28671943711522,2.68948655256724,NA,NA,NA,NA,NA,NA,NA,NA
-2,28,209,3561,3433,4,72,73,1.95121951219512,2.06362854686156,2.17261904761905,NA,NA,NA,NA,NA,NA,NA,NA
-1,29,211,3633,3501,2,72,68,0.956937799043062,2.02190395956192,1.98077483250801,NA,NA,NA,NA,NA,NA,NA,NA
0,30,214,3696,3562,3,63,61,1.4218009478673,1.73410404624277,1.74235932590688,NA,NA,3562,3562,61,61,NA,NA
1,31,217,3743,NA,3,47,NA,1.4018691588785,1.27164502164502,NA,1.4018691588785,1.27164502164502,3611.93457943925,3607.295995671,49.934579439252,45.295995670996,1.4018691588785,1.27164502164503
2,32,218,3799,NA,1,56,NA,0.460829493087558,1.49612610205717,NA,0.460829493087558,1.49612610205717,3628.57943925234,3661.26569264069,16.6448598130846,53.9696969696975,0.460829493087572,1.49612610205719
3,33,220,3869,NA,2,70,NA,0.917431192660551,1.84259015530403,NA,0.917431192660551,1.84259015530403,3661.8691588785,3728.72781385281,33.2897196261679,67.4621212121215,0.917431192660541,1.84259015530403
4,34,223,3924,NA,3,55,NA,1.36363636363636,1.42155595761179,NA,1.36363636363636,1.42155595761179,3711.80373831776,3781.73376623377,49.9345794392525,53.0059523809518,1.36363636363637,1.42155595761177
5,35,225,3986,NA,2,62,NA,0.896860986547085,1.58002038735984,NA,0.896860986547085,1.58002038735984,3745.09345794393,3841.48593073593,33.2897196261683,59.7521645021643,0.896860986547088,1.58002038735983
6,36,227,4035,NA,2,49,NA,0.888888888888889,1.22930255895635,NA,0.888888888888889,1.22930255895635,3778.38317757009,3888.70941558442,33.2897196261683,47.223484848485,0.888888888888892,1.22930255895635
7,37,231,4083,NA,4,48,NA,1.76211453744493,1.18959107806691,NA,1.76211453744493,1.18959107806691,3844.96261682243,3934.96915584416,66.5794392523362,46.2597402597403,1.76211453744493,1.18959107806691
8,38,233,4119,NA,2,36,NA,0.865800865800866,0.881704628949302,NA,0.865800865800866,0.881704628949302,3878.2523364486,3969.66396103896,33.2897196261679,34.6948051948052,0.865800865800857,0.881704628949302
9,39,235,4162,NA,2,43,NA,0.858369098712446,1.04394270453994,NA,0.858369098712446,1.04394270453994,3911.54205607477,4011.10497835498,33.2897196261679,41.4410173160172,0.858369098712437,1.04394270453993
10,40,238,4205,NA,3,43,NA,1.27659574468085,1.03315713599231,NA,1.27659574468085,1.03315713599231,3961.47663551402,4052.545995671,49.934579439252,41.4410173160168,1.27659574468084,1.0331571359923
11,41,241,4244,NA,3,39,NA,1.26050420168067,0.927467300832342,NA,1.26050420168067,0.927467300832342,4011.41121495327,4090.13203463203,49.934579439252,37.5860389610393,1.26050420168067,0.927467300832351
12,42,243,4284,NA,2,40,NA,0.829875518672199,0.942507068803016,NA,0.829875518672199,0.942507068803016,4044.70093457944,4128.68181818182,33.2897196261679,38.5497835497831,0.829875518672191,0.942507068803005
13,43,245,4323,NA,2,39,NA,0.823045267489712,0.910364145658263,NA,0.823045267489712,0.910364145658263,4077.99065420561,4166.26785714286,33.2897196261679,37.5860389610389,0.823045267489704,0.910364145658261
14,44,247,4352,NA,2,29,NA,0.816326530612245,0.670830441822808,NA,0.816326530612245,0.670830441822808,4111.28037383177,4194.21645021645,33.2897196261688,27.9485930735937,0.816326530612259,0.670830441822822
15,45,249,4377,NA,2,25,NA,0.809716599190283,0.574448529411765,NA,0.809716599190283,0.574448529411765,4144.57009345794,4218.31006493507,33.2897196261683,24.0936147186148,0.809716599190286,0.574448529411768
16,46,250,4399,NA,1,22,NA,0.401606425702811,0.502627370344985,NA,0.401606425702811,0.502627370344985,4161.21495327103,4239.51244588745,16.6448598130846,21.2023809523807,0.401606425702824,0.50262737034498
17,47,252,4429,NA,2,30,NA,0.8,0.681973175721755,NA,0.8,0.681973175721755,4194.5046728972,4268.42478354978,33.2897196261683,28.9123376623384,0.800000000000003,0.681973175721771
18,48,253,4458,NA,1,29,NA,0.396825396825397,0.654775344321517,NA,0.396825396825397,0.654775344321517,4211.14953271028,4296.37337662338,16.6448598130837,27.9485930735937,0.396825396825387,0.654775344321531
19,49,254,4486,NA,1,28,NA,0.395256916996047,0.628084342754598,NA,0.395256916996047,0.628084342754598,4227.79439252336,4323.35822510823,16.6448598130837,26.984848484849,0.395256916996038,0.628084342754609
20,50,255,4508,NA,1,22,NA,0.393700787401575,0.490414623272403,NA,0.393700787401575,0.490414623272403,4244.43925233645,4344.56060606061,16.6448598130837,21.2023809523807,0.393700787401565,0.490414623272398
21,51,255,4525,NA,0,17,NA,0,0.377107364685004,NA,0,0.377107364685004,4244.43925233645,4360.94426406927,0,16.3836580086581,0,0.377107364685007
22,52,256,4540,NA,1,15,NA,0.392156862745098,0.331491712707182,NA,0.392156862745098,0.331491712707182,4261.08411214953,4375.40043290043,16.6448598130837,14.4561688311687,0.392156862745089,0.33149171270718
23,53,257,4569,NA,1,29,NA,0.390625,0.638766519823789,NA,0.390625,0.638766519823789,4277.72897196261,4403.34902597403,16.6448598130837,27.9485930735937,0.390624999999991,0.638766519823802
24,54,257,4587,NA,0,18,NA,0,0.393959290873276,NA,0,0.393959290873276,4277.72897196261,4420.69642857143,0,17.3474025974019,0,0.393959290873261
25,55,258,4608,NA,1,21,NA,0.389105058365759,0.457815565729235,NA,0.389105058365759,0.457815565729235,4294.3738317757,4440.93506493507,16.6448598130837,20.238636363636,0.38910505836575,0.457815565729227
26,56,258,4624,NA,0,16,NA,0,0.347222222222222,NA,0,0.347222222222222,4294.3738317757,4456.35497835498,0,15.4199134199134,0,0.347222222222222
27,57,259,4642,NA,1,18,NA,0.387596899224806,0.389273356401384,NA,0.387596899224806,0.389273356401384,4311.01869158878,4473.70238095238,16.6448598130837,17.3474025974019,0.387596899224797,0.389273356401369
28,58,259,4656,NA,0,14,NA,0,0.3015941404567,NA,0,0.3015941404567,4311.01869158878,4487.19480519481,0,13.492424242424,0,0.301594140456695
29,59,260,4665,NA,1,9,NA,0.386100386100386,0.193298969072165,NA,0.386100386100386,0.193298969072165,4327.66355140187,4495.86850649351,16.6448598130837,8.67370129870142,0.386100386100377,0.193298969072168
30,60,260,4682,NA,0,17,NA,0,0.364415862808146,NA,0,0.364415862808146,4327.66355140187,4512.25216450217,0,16.3836580086581,0,0.364415862808148
31,61,260,4696,NA,0,14,NA,0,0.299017513882956,NA,0,0.299017513882956,4327.66355140187,4525.74458874459,0,13.492424242424,0,0.299017513882951
32,62,260,4709,NA,0,13,NA,0,0.276831345826235,NA,0,0.276831345826235,4327.66355140187,4538.27326839827,0,12.5286796536793,0,0.276831345826228
33,63,261,4723,NA,1,14,NA,0.384615384615385,0.297303036738161,NA,0.384615384615385,0.297303036738161,4344.30841121495,4551.76569264069,16.6448598130837,13.492424242424,0.384615384615376,0.297303036738156
34,64,261,4736,NA,0,13,NA,0,0.275248782553462,NA,0,0.275248782553462,4344.30841121495,4564.29437229437,0,12.5286796536802,0,0.275248782553474
35,65,261,4747,NA,0,11,NA,0,0.232263513513514,NA,0,0.232263513513514,4344.30841121495,4574.89556277056,0,10.6011904761899,0,0.232263513513501
36,66,262,4754,NA,1,7,NA,0.383141762452107,0.147461554666105,NA,0.383141762452107,0.147461554666105,4360.95327102803,4581.64177489177,16.6448598130846,6.74621212121201,0.383141762452119,0.147461554666103
37,67,262,4762,NA,0,8,NA,0,0.16827934371056,NA,0,0.16827934371056,4360.95327102803,4589.35173160173,0,7.70995670995671,0,0.16827934371056
38,68,262,4774,NA,0,12,NA,0,0.251994960100798,NA,0,0.251994960100798,4360.95327102803,4600.91666666667,0,11.5649350649355,0,0.251994960100808
39,69,262,4786,NA,0,12,NA,0,0.251361541684122,NA,0,0.251361541684122,4360.95327102803,4612.4816017316,0,11.5649350649355,0,0.251361541684132
40,70,262,4797,NA,0,11,NA,0,0.229837024655244,NA,0,0.229837024655244,4360.95327102803,4623.08279220779,0,10.6011904761908,0,0.229837024655252
41,71,263,4805,NA,1,8,NA,0.381679389312977,0.166770898478216,NA,0.381679389312977,0.166770898478216,4377.59813084112,4630.79274891775,16.6448598130837,7.70995670995671,0.381679389312968,0.166770898478216
42,72,263,4812,NA,0,7,NA,0,0.145681581685744,NA,0,0.145681581685744,4377.59813084112,4637.53896103896,0,6.74621212121292,0,0.145681581685761
43,73,263,4816,NA,0,4,NA,0,0.0831255195344971,NA,0,0.0831255195344971,4377.59813084112,4641.39393939394,0,3.8549783549779,0,0.0831255195344873
44,74,263,4823,NA,0,7,NA,0,0.145348837209302,NA,0,0.145348837209302,4377.59813084112,4648.14015151515,0,6.74621212121201,0,0.1453488372093
45,75,263,4830,NA,0,7,NA,0,0.145137880986938,NA,0,0.145137880986938,4377.59813084112,4654.88636363636,0,6.74621212121201,0,0.145137880986935
46,76,263,4833,NA,0,3,NA,0,0.062111801242236,NA,0,0.062111801242236,4377.59813084112,4657.7775974026,0,2.8912337662332,0,0.0621118012422238
47,77,264,NA,NA,1,NA,NA,0.380228136882129,NA,NA,0.380228136882129,NA,4394.2429906542,NA,16.6448598130837,NA,0.380228136882121,NA
48,78,264,NA,NA,0,NA,NA,0,NA,NA,0,NA,4394.2429906542,NA,0,NA,0,NA
49,79,265,NA,NA,1,NA,NA,0.378787878787879,NA,NA,0.378787878787879,NA,4410.88785046729,NA,16.6448598130846,NA,0.378787878787891,NA
50,80,266,NA,NA,1,NA,NA,0.377358490566038,NA,NA,0.377358490566038,NA,4427.53271028037,NA,16.6448598130837,NA,0.377358490566029,NA
51,81,266,NA,NA,0,NA,NA,0,NA,NA,0,NA,4427.53271028037,NA,0,NA,0,NA
52,82,267,NA,NA,1,NA,NA,0.37593984962406,NA,NA,0.37593984962406,NA,4444.17757009345,NA,16.6448598130837,NA,0.375939849624052,NA
53,83,268,NA,NA,1,NA,NA,0.374531835205993,NA,NA,0.374531835205993,NA,4460.82242990654,NA,16.6448598130837,NA,0.374531835205984,NA
54,84,268,NA,NA,0,NA,NA,0,NA,NA,0,NA,4460.82242990654,NA,0,NA,0,NA
55,85,269,NA,NA,1,NA,NA,0.373134328358209,NA,NA,0.373134328358209,NA,4477.46728971962,NA,16.6448598130846,NA,0.373134328358221,NA
56,86,269,NA,NA,0,NA,NA,0,NA,NA,0,NA,4477.46728971962,NA,0,NA,0,NA
57,87,270,NA,NA,1,NA,NA,0.371747211895911,NA,NA,0.371747211895911,NA,4494.11214953271,NA,16.6448598130837,NA,0.371747211895902,NA
58,88,270,NA,NA,0,NA,NA,0,NA,NA,0,NA,4494.11214953271,NA,0,NA,0,NA
59,89,271,NA,NA,1,NA,NA,0.37037037037037,NA,NA,0.37037037037037,NA,4510.75700934579,NA,16.6448598130846,NA,0.370370370370382,NA
60,90,271,NA,NA,0,NA,NA,0,NA,NA,0,NA,4510.75700934579,NA,0,NA,0,NA
61,91,271,NA,NA,0,NA,NA,0,NA,NA,0,NA,4510.75700934579,NA,0,NA,0,NA
62,92,272,NA,NA,1,NA,NA,0.3690036900369,NA,NA,0.3690036900369,NA,4527.40186915887,NA,16.6448598130837,NA,0.369003690036892,NA
63,93,273,NA,NA,1,NA,NA,0.367647058823529,NA,NA,0.367647058823529,NA,4544.04672897196,NA,16.6448598130837,NA,0.367647058823521,NA
64,94,273,NA,NA,0,NA,NA,0,NA,NA,0,NA,4544.04672897196,NA,0,NA,0,NA
65,95,273,NA,NA,0,NA,NA,0,NA,NA,0,NA,4544.04672897196,NA,0,NA,0,NA
66,96,274,NA,NA,1,NA,NA,0.366300366300366,NA,NA,0.366300366300366,NA,4560.69158878504,NA,16.6448598130837,NA,0.366300366300358,NA
67,97,276,NA,NA,2,NA,NA,0.72992700729927,NA,NA,0.72992700729927,NA,4593.98130841121,NA,33.2897196261683,NA,0.729927007299273,NA
68,98,278,NA,NA,2,NA,NA,0.72463768115942,NA,NA,0.72463768115942,NA,4627.27102803738,NA,33.2897196261683,NA,0.724637681159424,NA
69,99,279,NA,NA,1,NA,NA,0.359712230215827,NA,NA,0.359712230215827,NA,4643.91588785046,NA,16.6448598130837,NA,0.359712230215819,NA
70,100,279,NA,NA,0,NA,NA,0,NA,NA,0,NA,4643.91588785046,NA,0,NA,0,NA
71,101,280,NA,NA,1,NA,NA,0.3584229390681,NA,NA,0.3584229390681,NA,4660.56074766355,NA,16.6448598130837,NA,0.358422939068092,NA
72,102,281,NA,NA,1,NA,NA,0.357142857142857,NA,NA,0.357142857142857,NA,4677.20560747663,NA,16.6448598130837,NA,0.357142857142849,NA
73,103,282,NA,NA,1,NA,NA,0.355871886120996,NA,NA,0.355871886120996,NA,4693.85046728971,NA,16.6448598130846,NA,0.355871886121008,NA
74,104,283,NA,NA,1,NA,NA,0.354609929078014,NA,NA,0.354609929078014,NA,4710.4953271028,NA,16.6448598130837,NA,0.354609929078006,NA
75,105,284,NA,NA,1,NA,NA,0.353356890459364,NA,NA,0.353356890459364,NA,4727.14018691588,NA,16.6448598130846,NA,0.353356890459375,NA
