"daysFromToday","Day","Korea","Italy","X","dif.Korea","dif.Italy","dif.X","growth.Korea","growth.Italy","growth.X","prj.grKO.X","prj.grIT.X","grKO.prj.tot.X","grIT.prj.tot.X","dif.grKO.prj.tot.X","dif.grIT.prj.tot.X","growth.grKO.prj.tot.X","growth.grIT.prj.tot.X"
-107,NA,NA,NA,118,NA,NA,NA,NA,NA,NA,NA,NA,NA,NA,NA,NA,NA,NA
-106,NA,NA,NA,156,NA,NA,38,NA,NA,32.2033898305085,NA,NA,NA,NA,NA,NA,NA,NA
-105,NA,NA,NA,229,NA,NA,73,NA,NA,46.7948717948718,NA,NA,NA,NA,NA,NA,NA,NA
-104,NA,NA,18,314,NA,NA,85,NA,NA,37.117903930131,NA,NA,NA,NA,NA,NA,NA,NA
-103,NA,NA,26,426,NA,8,112,NA,44.4444444444444,35.6687898089172,NA,NA,NA,NA,NA,NA,NA,NA
-102,NA,NA,37,547,NA,11,121,NA,42.3076923076923,28.4037558685446,NA,NA,NA,NA,NA,NA,NA,NA
-101,NA,NA,52,678,NA,15,131,NA,40.5405405405405,23.9488117001828,NA,NA,NA,NA,NA,NA,NA,NA
-100,NA,NA,75,1060,NA,23,382,NA,44.2307692307692,56.3421828908555,NA,NA,NA,NA,NA,NA,NA,NA
-99,NA,NA,101,1739,NA,26,679,NA,34.6666666666667,64.0566037735849,NA,NA,NA,NA,NA,NA,NA,NA
-98,NA,NA,129,2318,NA,28,579,NA,27.7227722772277,33.2949971247844,NA,NA,NA,NA,NA,NA,NA,NA
-97,NA,NA,193,3151,NA,64,833,NA,49.6124031007752,35.9361518550475,NA,NA,NA,NA,NA,NA,NA,NA
-96,NA,NA,232,4158,NA,39,1007,NA,20.2072538860104,31.9581085369724,NA,NA,NA,NA,NA,NA,NA,NA
-95,NA,NA,285,4856,NA,53,698,NA,22.8448275862069,16.7869167869168,NA,NA,NA,NA,NA,NA,NA,NA
-94,NA,NA,352,5653,NA,67,797,NA,23.5087719298246,16.4126853377265,NA,NA,NA,NA,NA,NA,NA,NA
-93,NA,NA,440,6521,NA,88,868,NA,25,15.3546789315408,NA,NA,NA,NA,NA,NA,NA,NA
-92,0,14,528,7639,NA,88,1118,NA,20,17.1446097224352,NA,NA,NA,NA,NA,NA,NA,NA
-91,1,27,671,8867,13,143,1228,92.8571428571429,27.0833333333333,16.0754025395994,NA,NA,NA,NA,NA,NA,NA,NA
-90,2,58,841,10303,31,170,1436,114.814814814815,25.3353204172876,16.1948798917334,NA,NA,NA,NA,NA,NA,NA,NA
-89,3,81,1046,11637,23,205,1334,39.6551724137931,24.3757431629013,12.9476851402504,NA,NA,NA,NA,NA,NA,NA,NA
-88,4,112,1157,12402,31,111,765,38.2716049382716,10.6118546845124,6.5738592420727,NA,NA,NA,NA,NA,NA,NA,NA
-87,5,131,1421,13739,19,264,1337,16.9642857142857,22.8176318063959,10.7805192710853,NA,NA,NA,NA,NA,NA,NA,NA
-86,6,170,1723,15104,39,302,1365,29.7709923664122,21.2526389866291,9.93522090399592,NA,NA,NA,NA,NA,NA,NA,NA
-85,7,237,2013,16692,67,290,1588,39.4117647058824,16.8311085316309,10.5137711864407,NA,NA,NA,NA,NA,NA,NA,NA
-84,8,314,2412,18843,77,399,2151,32.4894514767932,19.8211624441133,12.8864126527678,NA,NA,NA,NA,NA,NA,NA,NA
-83,9,423,2821,20878,109,409,2035,34.7133757961783,16.9568822553897,10.7997664915353,NA,NA,NA,NA,NA,NA,NA,NA
-82,10,502,3190,22766,79,369,1888,18.6761229314421,13.0804679191776,9.04301178273781,NA,NA,NA,NA,NA,NA,NA,NA
-81,11,583,3592,25381,81,402,2615,16.1354581673307,12.6018808777429,11.4864271281736,NA,NA,NA,NA,NA,NA,NA,NA
-80,12,697,4071,26794,114,479,1413,19.5540308747856,13.3351893095768,5.56715653441551,NA,NA,NA,NA,NA,NA,NA,NA
-79,13,756,4678,28109,59,607,1315,8.4648493543759,14.9103414394498,4.90781518250355,NA,NA,NA,NA,NA,NA,NA,NA
-78,14,818,5360,29970,62,682,1861,8.2010582010582,14.5788798631894,6.62065530612971,NA,NA,NA,NA,NA,NA,NA,NA
-77,15,886,6108,32492,68,748,2522,8.31295843520782,13.955223880597,8.41508174841508,NA,NA,NA,NA,NA,NA,NA,NA
-76,16,947,6742,35125,61,634,2633,6.88487584650113,10.3798297314997,8.10353317739751,NA,NA,NA,NA,NA,NA,NA,NA
-75,17,983,7288,37527,36,546,2402,3.80147835269271,8.09848709581727,6.83843416370107,NA,NA,NA,NA,NA,NA,NA,NA
-74,18,1005,7886,39820,22,598,2293,2.23804679552391,8.205268935236,6.11026727422922,NA,NA,NA,NA,NA,NA,NA,NA
-73,19,1010,8480,41416,5,594,1596,0.497512437810945,7.53233578493533,4.00803616273229,NA,NA,NA,NA,NA,NA,NA,NA
-72,20,1043,9187,43168,33,707,1752,3.26732673267327,8.3372641509434,4.23024917906123,NA,NA,NA,NA,NA,NA,NA,NA
-71,21,1058,9861,44913,15,674,1745,1.43815915627996,7.33645368455426,4.0423461823573,NA,NA,NA,NA,NA,NA,NA,NA
-70,22,1073,10542,47992,15,681,3079,1.41776937618147,6.90599330696684,6.8554761427649,NA,NA,NA,NA,NA,NA,NA,NA
-69,23,1087,11136,50969,14,594,2977,1.30475302889096,5.63460443938532,6.2031171861977,NA,NA,NA,NA,NA,NA,NA,NA
-68,24,1097,11598,53348,10,462,2379,0.919963201471941,4.14870689655172,4.66754301634327,NA,NA,NA,NA,NA,NA,NA,NA
-67,25,1107,12060,54938,10,462,1590,0.911577028258888,3.98344542162442,2.98043038164505,NA,NA,NA,NA,NA,NA,NA,NA
-66,26,1119,12605,56462,12,545,1524,1.0840108401084,4.51907131011609,2.77403618624631,NA,NA,NA,NA,NA,NA,NA,NA
-65,27,1131,13137,58302,12,532,1840,1.07238605898123,4.22054740182467,3.25882894690234,NA,NA,NA,NA,NA,NA,NA,NA
-64,28,1151,13660,60265,20,523,1963,1.7683465959328,3.98112202177057,3.3669513910329,NA,NA,NA,NA,NA,NA,NA,NA
-63,29,1163,14208,62205,12,548,1940,1.04257167680278,4.01171303074671,3.21911557288642,NA,NA,NA,NA,NA,NA,NA,NA
-62,30,1183,14700,64311,20,492,2106,1.71969045571797,3.46283783783784,3.38557993730408,NA,NA,NA,NA,NA,NA,NA,NA
-61,31,1196,15110,66263,13,410,1952,1.0989010989011,2.7891156462585,3.03525057921662,NA,NA,NA,NA,NA,NA,NA,NA
-60,32,1205,15456,68087,9,346,1824,0.752508361204013,2.28987425545996,2.75266740111374,NA,NA,NA,NA,NA,NA,NA,NA
-59,33,1215,15894,69087,10,438,1000,0.829875518672199,2.83385093167702,1.46870915152672,NA,NA,NA,NA,NA,NA,NA,NA
-58,34,1228,16373,70271,13,479,1184,1.06995884773663,3.013715867623,1.71378117446119,NA,NA,NA,NA,NA,NA,NA,NA
-57,35,1242,16823,72025,14,450,1754,1.1400651465798,2.74842728882917,2.49605100254728,NA,NA,NA,NA,NA,NA,NA,NA
-56,36,1255,17359,73721,13,536,1696,1.04669887278583,3.18611424835047,2.3547379382159,NA,NA,NA,NA,NA,NA,NA,NA
-55,37,1274,17825,75333,19,466,1612,1.51394422310757,2.68448643355032,2.18662253631937,NA,NA,NA,NA,NA,NA,NA,NA
-54,38,1288,18184,76743,14,359,1410,1.0989010989011,2.0140252454418,1.87168969774203,NA,NA,NA,NA,NA,NA,NA,NA
-53,39,1299,18523,77793,11,339,1050,0.854037267080745,1.86427628684558,1.3682029631367,NA,NA,NA,NA,NA,NA,NA,NA
-52,40,1316,18827,78462,17,304,669,1.30869899923018,1.6412028289154,0.859974547838494,NA,NA,NA,NA,NA,NA,NA,NA
-51,41,1329,19259,79332,13,432,870,0.987841945288754,2.29457693737717,1.10881700695878,NA,NA,NA,NA,NA,NA,NA,NA
-50,42,1341,19657,80497,12,398,1165,0.90293453724605,2.06656628069993,1.46851207583321,NA,NA,NA,NA,NA,NA,NA,NA
-49,43,1353,20055,82182,12,398,1685,0.894854586129754,2.02472401688966,2.09324571102029,NA,NA,NA,NA,NA,NA,NA,NA
-48,44,1365,20402,83421,12,347,1239,0.886917960088692,1.73024183495388,1.50762940789954,NA,NA,NA,NA,NA,NA,NA,NA
-47,45,1376,20660,84933,11,258,1512,0.805860805860806,1.26458190373493,1.81249325709354,NA,NA,NA,NA,NA,NA,NA,NA
-46,46,1383,20971,86010,7,311,1077,0.508720930232558,1.5053242981607,1.26805835187736,NA,NA,NA,NA,NA,NA,NA,NA
-45,47,1389,21355,87052,6,384,1042,0.433839479392625,1.83110009060131,1.21148703639112,NA,NA,NA,NA,NA,NA,NA,NA
-44,48,1396,21656,87925,7,301,873,0.503959683225342,1.40950597049871,1.00284887193861,NA,NA,NA,NA,NA,NA,NA,NA
-43,49,1401,22001,88970,5,345,1045,0.358166189111748,1.59309198374584,1.18851293716235,NA,NA,NA,NA,NA,NA,NA,NA
-42,50,1405,22270,90084,4,269,1114,0.285510349750178,1.22267169674106,1.2521074519501,NA,NA,NA,NA,NA,NA,NA,NA
-41,51,1409,22534,90889,4,264,805,0.284697508896797,1.18545127974854,0.893610408063585,NA,NA,NA,NA,NA,NA,NA,NA
-40,52,1413,22733,91662,4,199,773,0.28388928317956,0.883109967160735,0.850487957838682,NA,NA,NA,NA,NA,NA,NA,NA
-39,53,1417,22971,92675,4,238,1013,0.283085633404105,1.04693617208463,1.10514717112871,NA,NA,NA,NA,NA,NA,NA,NA
-38,54,1420,23209,93271,3,238,596,0.211714890613973,1.03608898175961,0.643107634205557,NA,NA,NA,NA,NA,NA,NA,NA
-37,55,1424,23422,93693,4,213,422,0.28169014084507,0.917747425567668,0.452445025785078,NA,NA,NA,NA,NA,NA,NA,NA
-36,56,1427,23646,94220,3,224,527,0.210674157303371,0.956365809922295,0.562475318326876,NA,NA,NA,NA,NA,NA,NA,NA
-35,57,1430,23863,94895,3,217,675,0.210231254379818,0.917702782711664,0.716408405858629,NA,NA,NA,NA,NA,NA,NA,NA
-34,58,1432,24021,95512,2,158,617,0.13986013986014,0.66211289443909,0.650192317824964,NA,NA,NA,NA,NA,NA,NA,NA
-33,59,1433,24160,96301,1,139,789,0.0698324022346369,0.578660338870155,0.8260742105704,NA,NA,NA,NA,NA,NA,NA,NA
-32,60,1435,24283,96965,2,123,664,0.139567341242149,0.509105960264901,0.689504781881808,NA,NA,NA,NA,NA,NA,NA,NA
-31,61,1436,24448,100805,1,165,3840,0.0696864111498258,0.679487707449656,3.96019182179137,NA,NA,NA,NA,NA,NA,NA,NA
-30,62,1438,24607,101163,2,159,358,0.139275766016713,0.650359947643979,0.355141114032042,NA,NA,NA,NA,NA,NA,NA,NA
-29,63,1440,24759,101592,2,152,429,0.139082058414465,0.617710407607591,0.42406808813499,NA,NA,NA,NA,NA,NA,NA,NA
-28,64,1441,24882,102063,1,123,471,0.0694444444444444,0.496789046407367,0.463619182612804,NA,NA,NA,NA,NA,NA,NA,NA
-27,65,1442,24973,102557,1,91,494,0.0693962526023595,0.365726227795193,0.484014775187874,NA,NA,NA,NA,NA,NA,NA,NA
-26,66,1444,25058,103132,2,85,575,0.13869625520111,0.340367597004765,0.560663825969948,NA,NA,NA,NA,NA,NA,NA,NA
-25,67,1445,25218,103436,1,160,304,0.0692520775623269,0.63851863676271,0.294767870302137,NA,NA,NA,NA,NA,NA,NA,NA
-24,68,1447,25319,103626,2,101,190,0.13840830449827,0.400507573955111,0.183688464364438,NA,NA,NA,NA,NA,NA,NA,NA
-23,69,1447,25432,103889,0,113,263,0,0.446305146332794,0.253797309555517,NA,NA,NA,NA,NA,NA,NA,NA
-22,70,1448,25522,104156,1,90,267,0.0691085003455425,0.353884869455804,0.257005072721847,NA,NA,NA,NA,NA,NA,NA,NA
-21,71,1449,25622,104667,1,100,511,0.069060773480663,0.391818822976256,0.490610238488421,NA,NA,NA,NA,NA,NA,NA,NA
-20,72,1451,25699,105059,2,77,392,0.138026224982747,0.300522988057138,0.374521100251273,NA,NA,NA,NA,NA,NA,NA,NA
-19,73,1452,25750,105395,1,51,336,0.0689179875947622,0.198451301607066,0.319820291455278,NA,NA,NA,NA,NA,NA,NA,NA
-18,74,1452,25843,105603,0,93,208,0,0.361165048543689,0.197352815598463,NA,NA,NA,NA,NA,NA,NA,NA
-17,75,1453,25919,105690,1,76,87,0.068870523415978,0.294083504237124,0.0823840231811596,NA,NA,NA,NA,NA,NA,NA,NA
-16,76,1453,25992,105885,0,73,195,0,0.281646668467148,0.18450184501845,NA,NA,NA,NA,NA,NA,NA,NA
-15,77,1455,26066,106151,2,74,266,0.137646249139711,0.28470298553401,0.251215941823677,NA,NA,NA,NA,NA,NA,NA,NA
-14,78,1457,26143,106422,2,77,271,0.13745704467354,0.295403974526203,0.255296699983985,NA,NA,NA,NA,NA,NA,NA,NA
-13,79,1462,26203,106650,5,60,228,0.343170899107756,0.229506942585013,0.21424141624852,NA,NA,NA,NA,NA,NA,NA,NA
-12,80,1467,26237,106936,5,34,286,0.341997264021888,0.129756134793726,0.268166901078293,NA,NA,NA,NA,NA,NA,NA,NA
-11,81,1470,26283,107061,3,46,125,0.204498977505113,0.17532492281892,0.116892346824269,NA,NA,NA,NA,NA,NA,NA,NA
-10,82,1474,26349,107210,4,66,149,0.272108843537415,0.251112886656774,0.13917299483472,NA,NA,NA,NA,NA,NA,NA,NA
-9,83,1478,26417,107439,4,68,229,0.271370420624152,0.258074310220502,0.213599477660666,NA,NA,NA,NA,NA,NA,NA,NA
-8,84,1481,26476,107611,3,59,172,0.20297699594046,0.223341030397093,0.160090842245367,NA,NA,NA,NA,NA,NA,NA,NA
-7,85,1484,26523,107837,3,47,226,0.202565833896016,0.177519262728509,0.210015704714202,NA,NA,NA,NA,NA,NA,NA,NA
-6,86,1486,26561,108070,2,38,233,0.134770889487871,0.143271877238623,0.216066841622078,NA,NA,NA,NA,NA,NA,NA,NA
-5,87,1488,26584,108443,2,23,373,0.134589502018843,0.0865931252588381,0.34514666419913,NA,NA,NA,NA,NA,NA,NA,NA
-4,88,1489,26620,108667,1,36,224,0.0672043010752688,0.135419801384291,0.206560128362365,NA,NA,NA,NA,NA,NA,NA,NA
-3,89,1494,26657,108768,5,37,101,0.335795836131632,0.138993238166792,0.0929445001702449,NA,NA,NA,NA,NA,NA,NA,NA
-2,90,1495,26677,108882,1,20,114,0.0669344042838019,0.0750271973590427,0.104810238305384,NA,NA,NA,NA,NA,NA,NA,NA
-1,91,1498,26736,109143,3,59,261,0.20066889632107,0.221164298834202,0.239709042816995,NA,NA,NA,NA,NA,NA,NA,NA
0,92,1501,26767,109338,3,31,195,0.200267022696929,0.115948533812089,0.178664687611665,NA,NA,109338,109338,195,195,NA,NA
1,93,1504,26789,NA,3,22,NA,0.199866755496336,0.08219075727575,NA,0.199866755496336,0.08219075727575,109556.530313125,109427.86573019,218.530313124575,89.8657301901694,0.199866755496328,0.082190757275759
2,94,1507,26821,NA,3,32,NA,0.199468085106383,0.119452013886297,NA,0.199468085106383,0.119452013886297,109775.060626249,109558.579519558,218.530313124575,130.71378936751,0.199468085106375,0.119452013886301
3,95,1509,26853,NA,2,32,NA,0.13271400132714,0.11930949629022,NA,0.13271400132714,0.11930949629022,109920.747501666,109689.293308925,145.686875416402,130.71378936751,0.132714001327152,0.119309496290225
4,96,1514,26876,NA,5,23,NA,0.331345261762757,0.0856515100733624,NA,0.331345261762757,0.0856515100733624,110284.964690207,109783.243845033,364.217188540963,93.9505361078918,0.331345261762748,0.0856515100733603
5,97,1525,26920,NA,11,44,NA,0.726552179656539,0.163714838517637,NA,0.726552179656539,0.163714838517637,111086.242504997,109962.975305413,801.277814790141,179.73146038031,0.72655217965654,0.163714838517628
6,98,1533,26938,NA,8,18,NA,0.524590163934426,0.0668647845468053,NA,0.524590163934426,0.0668647845468053,111668.990006662,110036.501811933,582.747501665552,73.5265065192216,0.524590163934422,0.0668647845468055
7,99,1538,26978,NA,5,40,NA,0.326157860404436,0.148489123171728,NA,0.326157860404436,0.148489123171728,112033.207195203,110199.894048642,364.217188540977,163.392236709391,0.32615786040444,0.148489123171737
8,100,1542,27016,NA,4,38,NA,0.260078023407022,0.140855511898584,NA,0.260078023407022,0.140855511898584,112324.580946036,110355.116673516,291.373750832776,155.222624873903,0.26007802340702,0.140855511898576
9,101,1546,27050,NA,4,34,NA,0.259403372243839,0.125851347349719,NA,0.259403372243839,0.125851347349719,112615.954696869,110494.000074719,291.373750832776,138.883401202984,0.259403372243837,0.125851347349728
10,102,1552,27074,NA,6,24,NA,0.388098318240621,0.088724584103512,NA,0.388098318240621,0.088724584103512,113053.015323118,110592.035416745,437.060626249178,98.0353420256288,0.388098318240631,0.0887245841035122
11,103,1558,27112,NA,6,38,NA,0.38659793814433,0.140356061165694,NA,0.38659793814433,0.140356061165694,113490.075949367,110747.258041618,437.060626249164,155.222624873903,0.386597938144327,0.140356061165686
12,104,1563,27150,NA,5,38,NA,0.320924261874198,0.140159339038064,NA,0.320924261874198,0.140159339038064,113854.293137908,110902.480666492,364.217188540977,155.222624873903,0.320924261874202,0.140159339038056
13,105,1569,27133,NA,6,-17,NA,0.383877159309021,-0.0626151012891344,NA,0.383877159309021,-0.0626151012891344,114291.353764157,110833.038965891,437.060626249178,-69.4417006014846,0.383877159309031,-0.0626151012891324
14,106,1575,27163,NA,6,30,NA,0.382409177820268,0.110566468875539,NA,0.382409177820268,0.110566468875539,114728.414390406,110955.583143423,437.060626249164,122.544177532021,0.382409177820265,0.110566468875526
15,107,1583,27188,NA,8,25,NA,0.507936507936508,0.0920369620439569,NA,0.507936507936508,0.0920369620439569,115311.161892072,111057.703291366,582.747501665552,102.120147943366,0.507936507936504,0.0920369620439592
16,108,1588,27214,NA,5,26,NA,0.315855969677827,0.0956304251875828,NA,0.315855969677827,0.0956304251875828,115675.379080613,111163.908245227,364.217188540977,106.204953861103,0.315855969677831,0.0956304251875873
17,109,1593,27226,NA,5,12,NA,0.314861460957179,0.0440949511280958,NA,0.314861460957179,0.0440949511280958,116039.596269154,111212.92591624,364.217188540977,49.0176710128144,0.314861460957183,0.0440949511280959
18,110,1600,27292,NA,7,66,NA,0.439422473320778,0.242415338279586,NA,0.439422473320778,0.242415338279586,116549.500333111,111482.523106811,509.904063957365,269.597190570465,0.439422473320781,0.242415338279573
19,111,1606,27326,NA,6,34,NA,0.375,0.124578631100689,NA,0.375,0.124578631100689,116986.56095936,111621.406508014,437.060626249164,138.883401202984,0.374999999999997,0.124578631100698
20,112,1614,27355,NA,8,29,NA,0.49813200498132,0.10612603381395,NA,0.49813200498132,0.10612603381395,117569.308461026,111739.865879628,582.747501665552,118.459371614299,0.498132004981316,0.106126033813948
21,113,1620,27375,NA,6,20,NA,0.371747211895911,0.073112776457686,NA,0.371747211895911,0.073112776457686,118006.369087275,111821.561997983,437.060626249149,81.6961183546955,0.371747211895895,0.0731127764576905
22,114,1625,27395,NA,5,20,NA,0.308641975308642,0.0730593607305936,NA,0.308641975308642,0.0730593607305936,118370.586275816,111903.258116337,364.217188540977,81.6961183546809,0.308641975308646,0.0730593607305851
23,115,1630,27409,NA,5,14,NA,0.307692307692308,0.0511042160978281,NA,0.307692307692308,0.0511042160978281,118734.803464357,111960.445399186,364.217188540963,57.1872828482738,0.307692307692299,0.0511042160978195
24,116,1634,27425,NA,4,16,NA,0.245398773006135,0.0583749863183626,NA,0.245398773006135,0.0583749863183626,119026.17721519,112025.802293869,291.373750832776,65.3568946837477,0.245398773006133,0.0583749863183584
25,117,1640,27446,NA,6,21,NA,0.367197062423501,0.0765724703737466,NA,0.367197062423501,0.0765724703737466,119463.237841439,112111.583218142,437.060626249164,85.7809242724179,0.367197062423498,0.0765724703737403
26,118,1648,27469,NA,8,23,NA,0.48780487804878,0.0838009181665817,NA,0.48780487804878,0.0838009181665817,120045.985343105,112205.53375425,582.747501665552,93.9505361078918,0.487804878048777,0.0838009181665797
27,119,1654,NA,NA,6,NA,NA,0.364077669902913,NA,NA,0.364077669902913,NA,120483.045969354,NA,437.060626249178,NA,0.364077669902922,NA
28,120,1663,NA,NA,9,NA,NA,0.544135429262394,NA,NA,0.544135429262394,NA,121138.636908727,NA,655.590939373753,NA,0.544135429262396,NA
29,121,1670,NA,NA,7,NA,NA,0.42092603728202,NA,NA,0.42092603728202,NA,121648.540972685,NA,509.90406395735,NA,0.420926037282011,NA
30,122,1672,NA,NA,2,NA,NA,0.119760479041916,NA,NA,0.119760479041916,NA,121794.227848101,NA,145.686875416388,NA,0.119760479041915,NA
31,123,1678,NA,NA,6,NA,NA,0.358851674641148,NA,NA,0.358851674641148,NA,122231.28847435,NA,437.060626249178,NA,0.358851674641158,NA
32,124,1685,NA,NA,7,NA,NA,0.417163289630513,NA,NA,0.417163289630513,NA,122741.192538308,NA,509.90406395735,NA,0.417163289630503,NA
33,125,1689,NA,NA,4,NA,NA,0.237388724035608,NA,NA,0.237388724035608,NA,123032.566289141,NA,291.373750832776,NA,0.237388724035606,NA
34,126,1694,NA,NA,5,NA,NA,0.29603315571344,NA,NA,0.29603315571344,NA,123396.783477682,NA,364.217188540977,NA,0.296033155713444,NA
35,127,1701,NA,NA,7,NA,NA,0.413223140495868,NA,NA,0.413223140495868,NA,123906.687541639,NA,509.90406395738,NA,0.413223140495882,NA
36,128,1709,NA,NA,8,NA,NA,0.470311581422693,NA,NA,0.470311581422693,NA,124489.435043304,NA,582.747501665566,NA,0.470311581422701,NA
37,129,1715,NA,NA,6,NA,NA,0.351082504388531,NA,NA,0.351082504388531,NA,124926.495669554,NA,437.060626249164,NA,0.351082504388529,NA
38,130,1721,NA,NA,6,NA,NA,0.349854227405248,NA,NA,0.349854227405248,NA,125363.556295803,NA,437.060626249178,NA,0.349854227405257,NA
39,131,1728,NA,NA,7,NA,NA,0.406740267286461,NA,NA,0.406740267286461,NA,125873.46035976,NA,509.904063957365,NA,0.406740267286464,NA
40,132,1735,NA,NA,7,NA,NA,0.405092592592593,NA,NA,0.405092592592593,NA,126383.364423718,NA,509.90406395735,NA,0.405092592592584,NA
41,133,1743,NA,NA,8,NA,NA,0.461095100864553,NA,NA,0.461095100864553,NA,126966.111925383,NA,582.747501665566,NA,0.461095100864561,NA
