"daysFromToday","Day","Korea","Italy","X","dif.Korea","dif.Italy","dif.X","growth.Korea","growth.Italy","growth.X","prj.grKO.X","prj.grIT.X","grKO.prj.tot.X","grIT.prj.tot.X","dif.grKO.prj.tot.X","dif.grIT.prj.tot.X","growth.grKO.prj.tot.X","growth.grIT.prj.tot.X"
-82,NA,NA,0,NA,NA,NA,NA,NA,NA,NA,NA,NA,NA,NA,NA,NA,NA,NA
-81,NA,NA,0,NA,NA,0,NA,NA,NA,NA,NA,NA,NA,NA,NA,NA,NA,NA
-80,NA,NA,1,NA,NA,1,NA,NA,Inf,NA,NA,NA,NA,NA,NA,NA,NA,NA
-79,NA,NA,1,52,NA,0,NA,NA,0,NA,NA,NA,NA,NA,NA,NA,NA,NA
-78,NA,NA,1,60,NA,0,8,NA,0,15.3846153846154,NA,NA,NA,NA,NA,NA,NA,NA
-77,NA,NA,1,60,NA,0,0,NA,0,0,NA,NA,NA,NA,NA,NA,NA,NA
-76,NA,NA,2,64,NA,1,4,NA,100,6.66666666666667,NA,NA,NA,NA,NA,NA,NA,NA
-75,NA,NA,3,64,NA,1,0,NA,50,0,NA,NA,NA,NA,NA,NA,NA,NA
-74,NA,NA,4,73,NA,1,9,NA,33.3333333333333,14.0625,NA,NA,NA,NA,NA,NA,NA,NA
-73,NA,NA,5,73,NA,1,0,NA,25,0,NA,NA,NA,NA,NA,NA,NA,NA
-72,NA,NA,6,80,NA,1,7,NA,20,9.58904109589041,NA,NA,NA,NA,NA,NA,NA,NA
-71,NA,NA,7,93,NA,1,13,NA,16.6666666666667,16.25,NA,NA,NA,NA,NA,NA,NA,NA
-70,NA,NA,9,97,NA,2,4,NA,28.5714285714286,4.3010752688172,NA,NA,NA,NA,NA,NA,NA,NA
-69,NA,NA,10,103,NA,1,6,NA,11.1111111111111,6.18556701030928,NA,NA,NA,NA,NA,NA,NA,NA
-68,NA,NA,13,112,NA,3,9,NA,30,8.7378640776699,NA,NA,NA,NA,NA,NA,NA,NA
-67,NA,NA,17,115,NA,4,3,NA,30.7692307692308,2.67857142857143,NA,NA,NA,NA,NA,NA,NA,NA
-66,NA,NA,21,125,NA,4,10,NA,23.5294117647059,8.69565217391304,NA,NA,NA,NA,NA,NA,NA,NA
-65,NA,NA,23,137,NA,2,12,NA,9.52380952380952,9.6,NA,NA,NA,NA,NA,NA,NA,NA
-64,NA,NA,28,149,NA,5,12,NA,21.7391304347826,8.75912408759124,NA,NA,NA,NA,NA,NA,NA,NA
-63,NA,NA,34,164,NA,6,15,NA,21.4285714285714,10.0671140939597,NA,NA,NA,NA,NA,NA,NA,NA
-62,NA,NA,40,172,NA,6,8,NA,17.6470588235294,4.8780487804878,NA,NA,NA,NA,NA,NA,NA,NA
-61,NA,NA,48,191,NA,8,19,NA,20,11.046511627907,NA,NA,NA,NA,NA,NA,NA,NA
-60,NA,NA,56,191,NA,8,0,NA,16.6666666666667,0,NA,NA,NA,NA,NA,NA,NA,NA
-59,NA,NA,63,213,NA,7,22,NA,12.5,11.5183246073298,NA,NA,NA,NA,NA,NA,NA,NA
-58,NA,NA,71,234,NA,8,21,NA,12.6984126984127,9.85915492957746,NA,NA,NA,NA,NA,NA,NA,NA
-57,NA,NA,80,256,NA,9,22,NA,12.6760563380282,9.4017094017094,NA,NA,NA,NA,NA,NA,NA,NA
-56,NA,NA,92,270,NA,12,14,NA,15,5.46875,NA,NA,NA,NA,NA,NA,NA,NA
-55,NA,NA,106,279,NA,14,9,NA,15.2173913043478,3.33333333333333,NA,NA,NA,NA,NA,NA,NA,NA
-54,NA,NA,121,296,NA,15,17,NA,14.1509433962264,6.09318996415771,NA,NA,NA,NA,NA,NA,NA,NA
-53,NA,NA,133,296,NA,12,0,NA,9.91735537190083,0,NA,NA,NA,NA,NA,NA,NA,NA
-52,NA,NA,144,333,NA,11,37,NA,8.27067669172932,12.5,NA,NA,NA,NA,NA,NA,NA,NA
-51,NA,NA,156,343,NA,12,10,NA,8.33333333333333,3.003003003003,NA,NA,NA,NA,NA,NA,NA,NA
-50,NA,NA,168,355,NA,12,12,NA,7.69230769230769,3.49854227405248,NA,NA,NA,NA,NA,NA,NA,NA
-49,NA,NA,182,355,NA,14,0,NA,8.33333333333333,0,NA,NA,NA,NA,NA,NA,NA,NA
-48,NA,NA,195,358,NA,13,3,NA,7.14285714285714,0.845070422535211,NA,NA,NA,NA,NA,NA,NA,NA
-47,NA,NA,208,379,NA,13,21,NA,6.66666666666667,5.8659217877095,NA,NA,NA,NA,NA,NA,NA,NA
-46,NA,NA,220,413,NA,12,34,NA,5.76923076923077,8.97097625329815,NA,NA,NA,NA,NA,NA,NA,NA
-45,NA,NA,229,444,NA,9,31,NA,4.09090909090909,7.50605326876513,NA,NA,NA,NA,NA,NA,NA,NA
-44,NA,NA,238,477,NA,9,33,NA,3.93013100436681,7.43243243243243,NA,NA,NA,NA,NA,NA,NA,NA
-43,NA,NA,249,593,NA,11,116,NA,4.6218487394958,24.3186582809224,NA,NA,NA,NA,NA,NA,NA,NA
-42,NA,NA,260,602,NA,11,9,NA,4.41767068273092,1.5177065767285,NA,NA,NA,NA,NA,NA,NA,NA
-41,NA,NA,270,602,NA,10,0,NA,3.84615384615385,0,NA,NA,NA,NA,NA,NA,NA,NA
-40,NA,NA,281,611,NA,11,9,NA,4.07407407407407,1.49501661129568,NA,NA,NA,NA,NA,NA,NA,NA
-39,NA,NA,291,616,NA,10,5,NA,3.55871886120996,0.818330605564648,NA,NA,NA,NA,NA,NA,NA,NA
-38,NA,NA,299,625,NA,8,9,NA,2.74914089347079,1.46103896103896,NA,NA,NA,NA,NA,NA,NA,NA
-37,NA,NA,306,629,NA,7,4,NA,2.34113712374582,0.64,NA,NA,NA,NA,NA,NA,NA,NA
-36,NA,NA,314,645,NA,8,16,NA,2.61437908496732,2.54372019077901,NA,NA,NA,NA,NA,NA,NA,NA
-35,NA,NA,324,648,NA,10,3,NA,3.18471337579618,0.465116279069767,NA,NA,NA,NA,NA,NA,NA,NA
-34,NA,NA,333,648,NA,9,0,NA,2.77777777777778,0,NA,NA,NA,NA,NA,NA,NA,NA
-33,NA,NA,343,648,NA,10,0,NA,3.003003003003,0,NA,NA,NA,NA,NA,NA,NA,NA
-32,NA,NA,352,652,NA,9,4,NA,2.62390670553936,0.617283950617284,NA,NA,NA,NA,NA,NA,NA,NA
-31,NA,NA,360,655,NA,8,3,NA,2.27272727272727,0.460122699386503,NA,NA,NA,NA,NA,NA,NA,NA
-30,NA,NA,366,658,NA,6,3,NA,1.66666666666667,0.458015267175573,NA,NA,NA,NA,NA,NA,NA,NA
-29,NA,NA,372,671,NA,6,13,NA,1.63934426229508,1.97568389057751,NA,NA,NA,NA,NA,NA,NA,NA
-28,NA,NA,381,674,NA,9,3,NA,2.41935483870968,0.447093889716841,NA,NA,NA,NA,NA,NA,NA,NA
-27,NA,NA,389,674,NA,8,0,NA,2.0997375328084,0,NA,NA,NA,NA,NA,NA,NA,NA
-26,NA,NA,397,688,NA,8,14,NA,2.05655526992288,2.07715133531157,NA,NA,NA,NA,NA,NA,NA,NA
-25,NA,NA,403,711,NA,6,23,NA,1.51133501259446,3.34302325581395,NA,NA,NA,NA,NA,NA,NA,NA
-24,NA,NA,408,715,NA,5,4,NA,1.24069478908189,0.562587904360056,NA,NA,NA,NA,NA,NA,NA,NA
-23,0,0,415,715,NA,7,0,NA,1.7156862745098,0,NA,NA,NA,NA,NA,NA,NA,NA
-22,1,1,422,727,1,7,12,Inf,1.68674698795181,1.67832167832168,NA,NA,NA,NA,NA,NA,NA,NA
-21,2,1,428,728,0,6,1,0,1.4218009478673,0.137551581843191,NA,NA,NA,NA,NA,NA,NA,NA
-20,3,2,435,728,1,7,0,100,1.63551401869159,0,NA,NA,NA,NA,NA,NA,NA,NA
-19,4,2,440,737,0,5,9,0,1.14942528735632,1.23626373626374,NA,NA,NA,NA,NA,NA,NA,NA
-18,5,3,446,740,1,6,3,50,1.36363636363636,0.407055630936228,NA,NA,NA,NA,NA,NA,NA,NA
-17,6,3,449,747,0,3,7,0,0.672645739910314,0.945945945945946,NA,NA,NA,NA,NA,NA,NA,NA
-16,7,5,454,748,2,5,1,66.6666666666667,1.11358574610245,0.133868808567604,NA,NA,NA,NA,NA,NA,NA,NA
-15,8,6,459,749,1,5,1,20,1.10132158590308,0.133689839572192,NA,NA,NA,NA,NA,NA,NA,NA
-14,9,8,463,751,2,4,2,33.3333333333333,0.871459694989107,0.267022696929239,NA,NA,NA,NA,NA,NA,NA,NA
-13,10,10,468,751,2,5,0,25,1.07991360691145,0,NA,NA,NA,NA,NA,NA,NA,NA
-12,11,12,472,758,2,4,7,20,0.854700854700855,0.932090545938748,NA,NA,NA,NA,NA,NA,NA,NA
-11,12,14,475,763,2,3,5,16.6666666666667,0.635593220338983,0.659630606860158,NA,NA,NA,NA,NA,NA,NA,NA
-10,13,15,478,769,1,3,6,7.14285714285714,0.631578947368421,0.786369593709043,NA,NA,NA,NA,NA,NA,NA,NA
-9,14,16,480,771,1,2,2,6.66666666666667,0.418410041841004,0.260078023407022,NA,NA,NA,NA,NA,NA,NA,NA
-8,15,18,483,775,2,3,4,12.5,0.625,0.518806744487678,NA,NA,NA,NA,NA,NA,NA,NA
-7,16,19,487,775,1,4,0,5.55555555555556,0.82815734989648,0,NA,NA,NA,NA,NA,NA,NA,NA
-6,17,19,489,775,0,2,0,0,0.410677618069815,0,NA,NA,NA,NA,NA,NA,NA,NA
-5,18,20,492,780,1,3,5,5.26315789473684,0.613496932515337,0.645161290322581,NA,NA,NA,NA,NA,NA,NA,NA
-4,19,20,494,793,0,2,13,0,0.40650406504065,1.66666666666667,NA,NA,NA,NA,NA,NA,NA,NA
-3,20,21,495,809,1,1,16,5,0.202429149797571,2.01765447667087,NA,NA,NA,NA,NA,NA,NA,NA
-2,21,21,499,821,0,4,12,0,0.808080808080808,1.48331273176761,NA,NA,NA,NA,NA,NA,NA,NA
-1,22,21,501,825,0,2,4,0,0.400801603206413,0.48721071863581,NA,NA,NA,NA,NA,NA,NA,NA
0,23,21,503,825,0,2,0,0,0.399201596806387,0,NA,NA,825,825,0,0,NA,NA
1,24,22,505,NA,1,2,NA,4.76190476190476,0.397614314115308,NA,4.76190476190476,0.397614314115308,864.285714285714,828.280318091451,39.2857142857143,3.28031809145136,4.76190476190477,0.397614314115317
2,25,22,507,NA,0,2,NA,0,0.396039603960396,NA,0,0.396039603960396,864.285714285714,831.560636182903,0,3.28031809145125,0,0.396039603960391
3,26,22,508,NA,0,1,NA,0,0.19723865877712,NA,0,0.19723865877712,864.285714285714,833.200795228628,0,1.64015904572568,0,0.197238658777125
4,27,22,509,NA,0,1,NA,0,0.196850393700787,NA,0,0.196850393700787,864.285714285714,834.840954274354,0,1.64015904572568,0,0.196850393700792
5,28,23,511,NA,1,2,NA,4.54545454545455,0.392927308447937,NA,4.54545454545455,0.392927308447937,903.571428571429,838.121272365805,39.2857142857142,3.28031809145125,4.54545454545454,0.392927308447932
6,29,23,512,NA,0,1,NA,0,0.195694716242661,NA,0,0.195694716242661,903.571428571429,839.761431411531,0,1.64015904572557,0,0.195694716242652
7,30,23,514,NA,0,2,NA,0,0.390625,NA,0,0.390625,903.571428571429,843.041749502982,0,3.28031809145125,0,0.390624999999995
8,31,24,515,NA,1,1,NA,4.34782608695652,0.194552529182879,NA,4.34782608695652,0.194552529182879,942.857142857143,844.681908548708,39.2857142857142,1.64015904572568,4.34782608695651,0.194552529182884
9,32,24,517,NA,0,2,NA,0,0.388349514563107,NA,0,0.388349514563107,942.857142857143,847.962226640159,0,3.28031809145125,0,0.388349514563102
10,33,24,518,NA,0,1,NA,0,0.193423597678917,NA,0,0.193423597678917,942.857142857143,849.602385685885,0,1.64015904572557,0,0.193423597678908
11,34,24,519,NA,0,1,NA,0,0.193050193050193,NA,0,0.193050193050193,942.857142857143,851.24254473161,0,1.64015904572568,0,0.193050193050197
12,35,25,520,NA,1,1,NA,4.16666666666667,0.192678227360308,NA,4.16666666666667,0.192678227360308,982.142857142857,852.882703777336,39.2857142857143,1.64015904572568,4.16666666666667,0.192678227360312
13,36,25,521,NA,0,1,NA,0,0.192307692307692,NA,0,0.192307692307692,982.142857142857,854.522862823062,0,1.64015904572568,0,0.192307692307696
14,37,25,522,NA,0,1,NA,0,0.191938579654511,NA,0,0.191938579654511,982.142857142857,856.163021868787,0,1.64015904572568,0,0.191938579654515
15,38,25,523,NA,0,1,NA,0,0.191570881226054,NA,0,0.191570881226054,982.142857142857,857.803180914513,0,1.64015904572568,0,0.191570881226058
16,39,26,524,NA,1,1,NA,4,0.191204588910134,NA,4,0.191204588910134,1021.42857142857,859.443339960239,39.2857142857143,1.64015904572568,4.00000000000001,0.191204588910138
17,40,26,525,NA,0,1,NA,0,0.190839694656489,NA,0,0.190839694656489,1021.42857142857,861.083499005964,0,1.64015904572568,0,0.190839694656493
18,41,26,526,NA,0,1,NA,0,0.19047619047619,NA,0,0.19047619047619,1021.42857142857,862.72365805169,0,1.64015904572557,0,0.190476190476181
19,42,27,526,NA,1,0,NA,3.84615384615385,0,NA,3.84615384615385,0,1060.71428571429,862.72365805169,39.2857142857143,0,3.84615384615385,0
20,43,27,527,NA,0,1,NA,0,0.190114068441065,NA,0,0.190114068441065,1060.71428571429,864.363817097416,0,1.64015904572568,0,0.190114068441069
21,44,27,527,NA,0,0,NA,0,0,NA,0,0,1060.71428571429,864.363817097416,0,0,0,0
22,45,27,529,NA,0,2,NA,0,0.379506641366224,NA,0,0.379506641366224,1060.71428571429,867.644135188867,0,3.28031809145136,0,0.379506641366232
23,46,27,529,NA,0,0,NA,0,0,NA,0,0,1060.71428571429,867.644135188867,0,0,0,0
24,47,27,530,NA,0,1,NA,0,0.189035916824197,NA,0,0.189035916824197,1060.71428571429,869.284294234593,0,1.64015904572568,0,0.189035916824201
25,48,28,530,NA,1,0,NA,3.7037037037037,0,NA,3.7037037037037,0,1100,869.284294234593,39.2857142857142,0,3.7037037037037,0
26,49,28,531,NA,0,1,NA,0,0.188679245283019,NA,0,0.188679245283019,1100,870.924453280318,0,1.6401590457258,0,0.188679245283036
27,50,28,531,NA,0,0,NA,0,0,NA,0,0,1100,870.924453280318,0,0,0,0
28,51,28,532,NA,0,1,NA,0,0.188323917137476,NA,0,0.188323917137476,1100,872.564612326044,0,1.64015904572568,0,0.18832391713748
29,52,28,533,NA,0,1,NA,0,0.18796992481203,NA,0,0.18796992481203,1100,874.20477137177,0,1.64015904572557,0,0.187969924812021
30,53,28,533,NA,0,0,NA,0,0,NA,0,0,1100,874.20477137177,0,0,0,0
31,54,28,534,NA,0,1,NA,0,0.187617260787992,NA,0,0.187617260787992,1100,875.844930417495,0,1.64015904572568,0,0.187617260787997
32,55,28,535,NA,0,1,NA,0,0.187265917602996,NA,0,0.187265917602996,1100,877.485089463221,0,1.64015904572557,0,0.187265917602987
33,56,28,535,NA,0,0,NA,0,0,NA,0,0,1100,877.485089463221,0,0,0,0
34,57,28,536,NA,0,1,NA,0,0.186915887850467,NA,0,0.186915887850467,1100,879.125248508947,0,1.64015904572568,0,0.186915887850471
35,58,28,537,NA,0,1,NA,0,0.186567164179104,NA,0,0.186567164179104,1100,880.765407554672,0,1.64015904572568,0,0.186567164179108
36,59,28,536,NA,0,-1,NA,0,-0.186219739292365,NA,0,-0.186219739292365,1100,879.125248508947,0,-1.64015904572568,0,-0.186219739292369
37,60,28,537,NA,0,1,NA,0,0.186567164179104,NA,0,0.186567164179104,1100,880.765407554672,0,1.64015904572568,0,0.186567164179108
38,61,28,538,NA,0,1,NA,0,0.186219739292365,NA,0,0.186219739292365,1100,882.405566600398,0,1.64015904572557,0,0.186219739292356
39,62,28,538,NA,0,0,NA,0,0,NA,0,0,1100,882.405566600398,0,0,0,0
40,63,28,538,NA,0,0,NA,0,0,NA,0,0,1100,882.405566600398,0,0,0,0
41,64,28,540,NA,0,2,NA,0,0.371747211895911,NA,0,0.371747211895911,1100,885.685884691849,0,3.28031809145125,0,0.371747211895906
42,65,29,540,NA,1,0,NA,3.57142857142857,0,NA,3.57142857142857,0,1139.28571428571,885.685884691849,39.2857142857144,0,3.57142857142859,0
43,66,29,541,NA,0,1,NA,0,0.185185185185185,NA,0,0.185185185185185,1139.28571428571,887.326043737575,0,1.64015904572557,0,0.185185185185176
44,67,29,541,NA,0,0,NA,0,0,NA,0,0,1139.28571428571,887.326043737575,0,0,0,0
45,68,29,NA,NA,0,NA,NA,0,NA,NA,0,NA,1139.28571428571,NA,0,NA,0,NA
46,69,29,NA,NA,0,NA,NA,0,NA,NA,0,NA,1139.28571428571,NA,0,NA,0,NA
47,70,29,NA,NA,0,NA,NA,0,NA,NA,0,NA,1139.28571428571,NA,0,NA,0,NA
48,71,29,NA,NA,0,NA,NA,0,NA,NA,0,NA,1139.28571428571,NA,0,NA,0,NA
49,72,29,NA,NA,0,NA,NA,0,NA,NA,0,NA,1139.28571428571,NA,0,NA,0,NA
50,73,29,NA,NA,0,NA,NA,0,NA,NA,0,NA,1139.28571428571,NA,0,NA,0,NA
51,74,29,NA,NA,0,NA,NA,0,NA,NA,0,NA,1139.28571428571,NA,0,NA,0,NA
52,75,29,NA,NA,0,NA,NA,0,NA,NA,0,NA,1139.28571428571,NA,0,NA,0,NA
53,76,29,NA,NA,0,NA,NA,0,NA,NA,0,NA,1139.28571428571,NA,0,NA,0,NA
54,77,29,NA,NA,0,NA,NA,0,NA,NA,0,NA,1139.28571428571,NA,0,NA,0,NA
55,78,29,NA,NA,0,NA,NA,0,NA,NA,0,NA,1139.28571428571,NA,0,NA,0,NA
56,79,29,NA,NA,0,NA,NA,0,NA,NA,0,NA,1139.28571428571,NA,0,NA,0,NA
57,80,29,NA,NA,0,NA,NA,0,NA,NA,0,NA,1139.28571428571,NA,0,NA,0,NA
58,81,29,NA,NA,0,NA,NA,0,NA,NA,0,NA,1139.28571428571,NA,0,NA,0,NA
59,82,29,NA,NA,0,NA,NA,0,NA,NA,0,NA,1139.28571428571,NA,0,NA,0,NA
60,83,29,NA,NA,0,NA,NA,0,NA,NA,0,NA,1139.28571428571,NA,0,NA,0,NA
61,84,29,NA,NA,0,NA,NA,0,NA,NA,0,NA,1139.28571428571,NA,0,NA,0,NA
62,85,29,NA,NA,0,NA,NA,0,NA,NA,0,NA,1139.28571428571,NA,0,NA,0,NA
63,86,29,NA,NA,0,NA,NA,0,NA,NA,0,NA,1139.28571428571,NA,0,NA,0,NA
64,87,29,NA,NA,0,NA,NA,0,NA,NA,0,NA,1139.28571428571,NA,0,NA,0,NA
65,88,29,NA,NA,0,NA,NA,0,NA,NA,0,NA,1139.28571428571,NA,0,NA,0,NA
66,89,30,NA,NA,1,NA,NA,3.44827586206897,NA,NA,3.44827586206897,NA,1178.57142857143,NA,39.2857142857144,NA,3.44827586206898,NA
67,90,30,NA,NA,0,NA,NA,0,NA,NA,0,NA,1178.57142857143,NA,0,NA,0,NA
68,91,30,NA,NA,0,NA,NA,0,NA,NA,0,NA,1178.57142857143,NA,0,NA,0,NA
69,92,30,NA,NA,0,NA,NA,0,NA,NA,0,NA,1178.57142857143,NA,0,NA,0,NA
70,93,30,NA,NA,0,NA,NA,0,NA,NA,0,NA,1178.57142857143,NA,0,NA,0,NA
71,94,30,NA,NA,0,NA,NA,0,NA,NA,0,NA,1178.57142857143,NA,0,NA,0,NA
72,95,30,NA,NA,0,NA,NA,0,NA,NA,0,NA,1178.57142857143,NA,0,NA,0,NA
73,96,30,NA,NA,0,NA,NA,0,NA,NA,0,NA,1178.57142857143,NA,0,NA,0,NA
74,97,30,NA,NA,0,NA,NA,0,NA,NA,0,NA,1178.57142857143,NA,0,NA,0,NA
75,98,30,NA,NA,0,NA,NA,0,NA,NA,0,NA,1178.57142857143,NA,0,NA,0,NA
76,99,30,NA,NA,0,NA,NA,0,NA,NA,0,NA,1178.57142857143,NA,0,NA,0,NA
77,100,30,NA,NA,0,NA,NA,0,NA,NA,0,NA,1178.57142857143,NA,0,NA,0,NA
78,101,31,NA,NA,1,NA,NA,3.33333333333333,NA,NA,3.33333333333333,NA,1217.85714285714,NA,39.2857142857144,NA,3.33333333333335,NA
79,102,31,NA,NA,0,NA,NA,0,NA,NA,0,NA,1217.85714285714,NA,0,NA,0,NA
80,103,31,NA,NA,0,NA,NA,0,NA,NA,0,NA,1217.85714285714,NA,0,NA,0,NA
81,104,31,NA,NA,0,NA,NA,0,NA,NA,0,NA,1217.85714285714,NA,0,NA,0,NA
82,105,31,NA,NA,0,NA,NA,0,NA,NA,0,NA,1217.85714285714,NA,0,NA,0,NA
83,106,31,NA,NA,0,NA,NA,0,NA,NA,0,NA,1217.85714285714,NA,0,NA,0,NA
84,107,31,NA,NA,0,NA,NA,0,NA,NA,0,NA,1217.85714285714,NA,0,NA,0,NA
85,108,31,NA,NA,0,NA,NA,0,NA,NA,0,NA,1217.85714285714,NA,0,NA,0,NA
86,109,32,NA,NA,1,NA,NA,3.2258064516129,NA,NA,3.2258064516129,NA,1257.14285714286,NA,39.2857142857142,NA,3.2258064516129,NA
87,110,32,NA,NA,0,NA,NA,0,NA,NA,0,NA,1257.14285714286,NA,0,NA,0,NA
88,111,32,NA,NA,0,NA,NA,0,NA,NA,0,NA,1257.14285714286,NA,0,NA,0,NA
89,112,32,NA,NA,0,NA,NA,0,NA,NA,0,NA,1257.14285714286,NA,0,NA,0,NA
90,113,32,NA,NA,0,NA,NA,0,NA,NA,0,NA,1257.14285714286,NA,0,NA,0,NA
91,114,32,NA,NA,0,NA,NA,0,NA,NA,0,NA,1257.14285714286,NA,0,NA,0,NA
92,115,32,NA,NA,0,NA,NA,0,NA,NA,0,NA,1257.14285714286,NA,0,NA,0,NA
93,116,32,NA,NA,0,NA,NA,0,NA,NA,0,NA,1257.14285714286,NA,0,NA,0,NA
94,117,32,NA,NA,0,NA,NA,0,NA,NA,0,NA,1257.14285714286,NA,0,NA,0,NA
95,118,33,NA,NA,1,NA,NA,3.125,NA,NA,3.125,NA,1296.42857142857,NA,39.2857142857142,NA,3.12499999999999,NA
96,119,33,NA,NA,0,NA,NA,0,NA,NA,0,NA,1296.42857142857,NA,0,NA,0,NA
97,120,33,NA,NA,0,NA,NA,0,NA,NA,0,NA,1296.42857142857,NA,0,NA,0,NA
98,121,33,NA,NA,0,NA,NA,0,NA,NA,0,NA,1296.42857142857,NA,0,NA,0,NA
99,122,33,NA,NA,0,NA,NA,0,NA,NA,0,NA,1296.42857142857,NA,0,NA,0,NA
100,123,33,NA,NA,0,NA,NA,0,NA,NA,0,NA,1296.42857142857,NA,0,NA,0,NA
101,124,33,NA,NA,0,NA,NA,0,NA,NA,0,NA,1296.42857142857,NA,0,NA,0,NA
102,125,33,NA,NA,0,NA,NA,0,NA,NA,0,NA,1296.42857142857,NA,0,NA,0,NA
103,126,33,NA,NA,0,NA,NA,0,NA,NA,0,NA,1296.42857142857,NA,0,NA,0,NA
104,127,34,NA,NA,1,NA,NA,3.03030303030303,NA,NA,3.03030303030303,NA,1335.71428571429,NA,39.2857142857142,NA,3.03030303030302,NA
105,128,34,NA,NA,0,NA,NA,0,NA,NA,0,NA,1335.71428571429,NA,0,NA,0,NA
