"daysFromToday","Day","Korea","Italy","X","dif.Korea","dif.Italy","dif.X","growth.Korea","growth.Italy","growth.X","prj.grKO.X","prj.grIT.X","grKO.prj.tot.X","grIT.prj.tot.X","dif.grKO.prj.tot.X","dif.grIT.prj.tot.X","growth.grKO.prj.tot.X","growth.grIT.prj.tot.X"
-120,0,4,NA,NA,NA,NA,NA,NA,NA,NA,NA,NA,NA,NA,NA,NA,NA,NA
-119,1,8,NA,NA,4,NA,NA,100,NA,NA,NA,NA,NA,NA,NA,NA,NA,NA
-118,2,16,NA,NA,8,NA,NA,100,NA,NA,NA,NA,NA,NA,NA,NA,NA,NA
-117,3,23,NA,NA,7,NA,NA,43.75,NA,NA,NA,NA,NA,NA,NA,NA,NA,NA
-116,4,31,NA,NA,8,NA,NA,34.7826086956522,NA,NA,NA,NA,NA,NA,NA,NA,NA,NA
-115,5,37,NA,NA,6,NA,NA,19.3548387096774,NA,NA,NA,NA,NA,NA,NA,NA,NA,NA
-114,6,48,NA,NA,11,NA,NA,29.7297297297297,NA,NA,NA,NA,NA,NA,NA,NA,NA,NA
-113,7,67,NA,NA,19,NA,NA,39.5833333333333,NA,NA,NA,NA,NA,NA,NA,NA,NA,NA
-112,8,88,NA,NA,21,NA,NA,31.3432835820896,NA,NA,NA,NA,NA,NA,NA,NA,NA,NA
-111,9,119,NA,NA,31,NA,NA,35.2272727272727,NA,NA,NA,NA,NA,NA,NA,NA,NA,NA
-110,10,141,NA,NA,22,NA,NA,18.4873949579832,NA,NA,NA,NA,NA,NA,NA,NA,NA,NA
-109,11,164,NA,NA,23,NA,NA,16.3120567375887,NA,NA,NA,NA,NA,NA,NA,NA,NA,NA
-108,12,196,NA,NA,32,NA,NA,19.5121951219512,NA,NA,NA,NA,NA,NA,NA,NA,NA,NA
-107,13,212,NA,NA,16,NA,NA,8.16326530612245,NA,NA,NA,NA,NA,NA,NA,NA,NA,NA
-106,14,230,NA,NA,18,NA,NA,8.49056603773585,NA,NA,NA,NA,NA,NA,NA,NA,NA,NA
-105,15,249,NA,NA,19,NA,NA,8.26086956521739,NA,NA,NA,NA,NA,NA,NA,NA,NA,NA
-104,16,266,NA,NA,17,NA,NA,6.82730923694779,NA,NA,NA,NA,NA,NA,NA,NA,NA,NA
-103,17,276,NA,NA,10,NA,NA,3.7593984962406,NA,NA,NA,NA,NA,NA,NA,NA,NA,NA
-102,18,282,NA,NA,6,NA,NA,2.17391304347826,NA,NA,NA,NA,NA,NA,NA,NA,NA,NA
-101,19,283,NA,NA,1,NA,NA,0.354609929078014,NA,NA,NA,NA,NA,NA,NA,NA,NA,NA
-100,20,293,NA,NA,10,NA,NA,3.53356890459364,NA,NA,NA,NA,NA,NA,NA,NA,NA,NA
-99,21,297,NA,NA,4,NA,NA,1.36518771331058,NA,NA,NA,NA,NA,NA,NA,NA,NA,NA
-98,22,301,NA,NA,4,NA,NA,1.34680134680135,NA,NA,NA,NA,NA,NA,NA,NA,NA,NA
-97,23,305,NA,NA,4,NA,NA,1.32890365448505,NA,NA,NA,NA,NA,NA,NA,NA,NA,NA
-96,24,308,NA,NA,3,NA,NA,0.983606557377049,NA,NA,NA,NA,NA,NA,NA,NA,NA,NA
-95,25,311,NA,NA,3,NA,NA,0.974025974025974,NA,NA,NA,NA,NA,NA,NA,NA,NA,NA
-94,26,314,NA,NA,3,NA,NA,0.964630225080386,NA,NA,NA,NA,NA,NA,NA,NA,NA,NA
-93,27,317,NA,NA,3,NA,NA,0.955414012738854,NA,NA,NA,NA,NA,NA,NA,NA,NA,NA
-92,28,323,NA,NA,6,NA,NA,1.89274447949527,NA,NA,NA,NA,NA,NA,NA,NA,NA,NA
-91,29,326,NA,NA,3,NA,NA,0.928792569659443,NA,NA,NA,NA,NA,NA,NA,NA,NA,NA
-90,30,332,NA,NA,6,NA,NA,1.84049079754601,NA,NA,NA,NA,NA,NA,NA,NA,NA,NA
-89,31,336,NA,NA,4,NA,NA,1.20481927710843,NA,NA,NA,NA,NA,NA,NA,NA,NA,NA
-88,32,338,NA,NA,2,NA,NA,0.595238095238095,NA,NA,NA,NA,NA,NA,NA,NA,NA,NA
-87,33,341,NA,NA,3,NA,NA,0.887573964497041,NA,NA,NA,NA,NA,NA,NA,NA,NA,NA
-86,34,345,NA,108,4,NA,NA,1.17302052785924,NA,NA,NA,NA,NA,NA,NA,NA,NA,NA
-85,35,349,NA,145,4,NA,37,1.15942028985507,NA,34.2592592592593,NA,NA,NA,NA,NA,NA,NA,NA
-84,36,352,NA,172,3,NA,27,0.859598853868195,NA,18.6206896551724,NA,NA,NA,NA,NA,NA,NA,NA
-83,37,358,NA,210,6,NA,38,1.70454545454545,NA,22.093023255814,NA,NA,NA,NA,NA,NA,NA,NA
-82,38,362,NA,246,4,NA,36,1.11731843575419,NA,17.1428571428571,NA,NA,NA,NA,NA,NA,NA,NA
-81,39,365,NA,279,3,NA,33,0.828729281767956,NA,13.4146341463415,NA,NA,NA,NA,NA,NA,NA,NA
-80,40,369,NA,321,4,NA,42,1.0958904109589,NA,15.0537634408602,NA,NA,NA,NA,NA,NA,NA,NA
-79,41,373,NA,363,4,NA,42,1.0840108401084,NA,13.0841121495327,NA,NA,NA,NA,NA,NA,NA,NA
-78,42,376,NA,409,3,NA,46,0.804289544235925,NA,12.6721763085399,NA,NA,NA,NA,NA,NA,NA,NA
-77,43,380,NA,447,4,NA,38,1.06382978723404,NA,9.29095354523227,NA,NA,NA,NA,NA,NA,NA,NA
-76,44,383,NA,519,3,NA,72,0.789473684210526,NA,16.1073825503356,NA,NA,NA,NA,NA,NA,NA,NA
-75,45,386,NA,567,3,NA,48,0.783289817232376,NA,9.2485549132948,NA,NA,NA,NA,NA,NA,NA,NA
-74,46,388,NA,635,2,NA,68,0.518134715025907,NA,11.9929453262787,NA,NA,NA,NA,NA,NA,NA,NA
-73,47,390,5,700,2,NA,65,0.515463917525773,NA,10.2362204724409,NA,NA,NA,NA,NA,NA,NA,NA
-72,48,392,7,791,2,2,91,0.512820512820513,40,13,NA,NA,NA,NA,NA,NA,NA,NA
-71,49,393,10,814,1,3,23,0.255102040816327,42.8571428571429,2.90771175726928,NA,NA,NA,NA,NA,NA,NA,NA
-70,50,394,14,871,1,4,57,0.254452926208651,40,7.002457002457,NA,NA,NA,NA,NA,NA,NA,NA
-69,51,395,21,901,1,7,30,0.253807106598985,50,3.4443168771527,NA,NA,NA,NA,NA,NA,NA,NA
-68,52,397,28,952,2,7,51,0.506329113924051,33.3333333333333,5.66037735849057,NA,NA,NA,NA,NA,NA,NA,NA
-67,53,398,36,1066,1,8,114,0.251889168765743,28.5714285714286,11.9747899159664,NA,NA,NA,NA,NA,NA,NA,NA
-66,54,399,54,1138,1,18,72,0.251256281407035,50,6.75422138836773,NA,NA,NA,NA,NA,NA,NA,NA
-65,55,400,65,1287,1,11,149,0.25062656641604,20.3703703703704,13.0931458699473,NA,NA,NA,NA,NA,NA,NA,NA
-64,56,400,80,1474,0,15,187,0,23.0769230769231,14.5299145299145,NA,NA,NA,NA,NA,NA,NA,NA
-63,57,401,99,1648,1,19,174,0.25,23.75,11.8046132971506,NA,NA,NA,NA,NA,NA,NA,NA
-62,58,402,123,1722,1,24,74,0.249376558603491,24.2424242424242,4.49029126213592,NA,NA,NA,NA,NA,NA,NA,NA
-61,59,402,148,1813,0,25,91,0,20.3252032520325,5.28455284552846,NA,NA,NA,NA,NA,NA,NA,NA
-60,60,403,188,2124,1,40,311,0.248756218905473,27.027027027027,17.15388858246,NA,NA,NA,NA,NA,NA,NA,NA
-59,61,403,236,2421,0,48,297,0,25.531914893617,13.9830508474576,NA,NA,NA,NA,NA,NA,NA,NA
-58,62,403,293,2732,0,57,311,0,24.1525423728814,12.845931433292,NA,NA,NA,NA,NA,NA,NA,NA
-57,63,404,325,3028,1,32,296,0.248138957816377,10.9215017064846,10.8345534407028,NA,NA,NA,NA,NA,NA,NA,NA
-56,64,404,399,3358,0,74,330,0,22.7692307692308,10.8982826948481,NA,NA,NA,NA,NA,NA,NA,NA
-55,65,405,484,3374,1,85,16,0.247524752475248,21.3032581453634,0.476474091721263,NA,NA,NA,NA,NA,NA,NA,NA
-54,66,405,565,3784,0,81,410,0,16.7355371900826,12.1517486662715,NA,NA,NA,NA,NA,NA,NA,NA
-53,67,406,677,4281,1,112,497,0.246913580246914,19.8230088495575,13.1342494714588,NA,NA,NA,NA,NA,NA,NA,NA
-52,68,406,792,4838,0,115,557,0,16.98670605613,13.0109787432843,NA,NA,NA,NA,NA,NA,NA,NA
-51,69,406,895,5326,0,103,488,0,13.0050505050505,10.0868127325341,NA,NA,NA,NA,NA,NA,NA,NA
-50,70,407,1008,5910,1,113,584,0.246305418719212,12.6256983240223,10.9650769808487,NA,NA,NA,NA,NA,NA,NA,NA
-49,71,407,1143,6083,0,135,173,0,13.3928571428571,2.92724196277496,NA,NA,NA,NA,NA,NA,NA,NA
-48,72,407,1313,6438,0,170,355,0,14.8731408573928,5.83593621568305,NA,NA,NA,NA,NA,NA,NA,NA
-47,73,408,1504,6771,1,191,333,0.245700245700246,14.5468392993145,5.17241379310345,NA,NA,NA,NA,NA,NA,NA,NA
-46,74,408,1714,7190,0,210,419,0,13.9627659574468,6.18815536848324,NA,NA,NA,NA,NA,NA,NA,NA
-45,75,408,1892,7831,0,178,641,0,10.3850641773629,8.91515994436718,NA,NA,NA,NA,NA,NA,NA,NA
-44,76,408,2045,8234,0,153,403,0,8.08668076109937,5.14621376580258,NA,NA,NA,NA,NA,NA,NA,NA
-43,77,408,2213,8315,0,168,81,0,8.21515892420538,0.983726014087928,NA,NA,NA,NA,NA,NA,NA,NA
-42,78,409,2380,8572,1,167,257,0.245098039215686,7.54631721644826,3.09079975947084,NA,NA,NA,NA,NA,NA,NA,NA
-41,79,410,2578,8692,1,198,120,0.244498777506112,8.31932773109244,1.39990667288847,NA,NA,NA,NA,NA,NA,NA,NA
-40,80,412,2767,9075,2,189,383,0.48780487804878,7.33126454615981,4.40635066728026,NA,NA,NA,NA,NA,NA,NA,NA
-39,81,413,2959,9416,1,192,341,0.242718446601942,6.93892302132273,3.75757575757576,NA,NA,NA,NA,NA,NA,NA,NA
-38,82,414,3125,9772,1,166,356,0.242130750605327,5.61000337952011,3.78079864061172,NA,NA,NA,NA,NA,NA,NA,NA
-37,83,415,3255,10220,1,130,448,0.241545893719807,4.16,4.58452722063037,NA,NA,NA,NA,NA,NA,NA,NA
-36,84,416,3385,10348,1,130,128,0.240963855421687,3.99385560675883,1.25244618395303,NA,NA,NA,NA,NA,NA,NA,NA
-35,85,416,3538,10625,0,153,277,0,4.51994091580502,2.67684576729803,NA,NA,NA,NA,NA,NA,NA,NA
-34,86,417,3687,10846,1,149,221,0.240384615384615,4.21141888072357,2.08,NA,NA,NA,NA,NA,NA,NA,NA
-33,87,417,3834,11122,0,147,276,0,3.98698128559805,2.54471694633966,NA,NA,NA,NA,NA,NA,NA,NA
-32,88,418,3987,11425,1,153,303,0.239808153477218,3.9906103286385,2.72433015644668,NA,NA,NA,NA,NA,NA,NA,NA
-31,89,419,4126,11662,1,139,237,0.239234449760766,3.48633057436669,2.07439824945295,NA,NA,NA,NA,NA,NA,NA,NA
-30,90,420,4241,11989,1,115,327,0.238663484486874,2.78720310227824,2.80397873435088,NA,NA,NA,NA,NA,NA,NA,NA
-29,91,420,4338,12134,0,97,145,0,2.28719641593964,1.20944198848945,NA,NA,NA,NA,NA,NA,NA,NA
-28,92,421,4461,12355,1,123,221,0.238095238095238,2.83540802213001,1.82132849843415,NA,NA,NA,NA,NA,NA,NA,NA
-27,93,422,4595,12619,1,134,264,0.237529691211401,3.0038108047523,2.13678672602185,NA,NA,NA,NA,NA,NA,NA,NA
-26,94,423,4722,12976,1,127,357,0.23696682464455,2.76387377584331,2.82906727949917,NA,NA,NA,NA,NA,NA,NA,NA
-25,95,424,4872,13261,1,150,285,0.236406619385343,3.17662007623888,2.19636251541307,NA,NA,NA,NA,NA,NA,NA,NA
-24,96,425,5003,13654,1,131,393,0.235849056603774,2.6888341543514,2.96357740743534,NA,NA,NA,NA,NA,NA,NA,NA
-23,97,428,5104,13905,3,101,251,0.705882352941177,2.01878872676394,1.83828914603779,NA,NA,NA,NA,NA,NA,NA,NA
-22,98,430,5199,14101,2,95,196,0.467289719626168,1.86128526645768,1.40956490471054,NA,NA,NA,NA,NA,NA,NA,NA
-21,99,432,5284,14345,2,85,244,0.465116279069767,1.63492979419119,1.73037373235941,NA,NA,NA,NA,NA,NA,NA,NA
-20,100,433,5405,14611,1,121,266,0.231481481481481,2.28993186979561,1.85430463576159,NA,NA,NA,NA,NA,NA,NA,NA
-19,101,434,5517,14866,1,112,255,0.23094688221709,2.07215541165587,1.74526042023133,NA,NA,NA,NA,NA,NA,NA,NA
-18,102,435,5629,15117,1,112,251,0.230414746543779,2.03008881638572,1.68841652092022,NA,NA,NA,NA,NA,NA,NA,NA
-17,103,437,5726,15379,2,97,262,0.459770114942529,1.72321904423521,1.73314811139776,NA,NA,NA,NA,NA,NA,NA,NA
-16,104,439,5798,15543,2,72,164,0.45766590389016,1.25742228431715,1.06638923206971,NA,NA,NA,NA,NA,NA,NA,NA
-15,105,440,5885,15634,1,87,91,0.227790432801822,1.50051741979993,0.585472559994853,NA,NA,NA,NA,NA,NA,NA,NA
-14,106,442,5993,15752,2,108,118,0.454545454545455,1.83517417162277,0.754765255212997,NA,NA,NA,NA,NA,NA,NA,NA
-13,107,444,6078,15883,2,85,131,0.452488687782805,1.41832137493743,0.831640426612494,NA,NA,NA,NA,NA,NA,NA,NA
-12,108,446,6175,16025,2,97,142,0.45045045045045,1.59591971043106,0.89403765031795,NA,NA,NA,NA,NA,NA,NA,NA
-11,109,447,6250,16315,1,75,290,0.224215246636771,1.21457489878543,1.80967238689548,NA,NA,NA,NA,NA,NA,NA,NA
-10,110,449,6324,16513,2,74,198,0.447427293064877,1.184,1.21360711002145,NA,NA,NA,NA,NA,NA,NA,NA
-9,111,451,6380,16633,2,56,120,0.44543429844098,0.885515496521189,0.726700175619209,NA,NA,NA,NA,NA,NA,NA,NA
-8,112,453,6447,16725,2,67,92,0.443458980044346,1.05015673981191,0.553117296939818,NA,NA,NA,NA,NA,NA,NA,NA
-7,113,455,6514,16851,2,67,126,0.441501103752759,1.03924305878703,0.753363228699552,NA,NA,NA,NA,NA,NA,NA,NA
-6,114,456,6574,17031,1,60,180,0.21978021978022,0.92109303039607,1.0681858643404,NA,NA,NA,NA,NA,NA,NA,NA
-5,115,457,6636,17226,1,62,195,0.219298245614035,0.943109218132035,1.14497093535318,NA,NA,NA,NA,NA,NA,NA,NA
-4,116,459,6697,17415,2,61,189,0.437636761487965,0.91922845087402,1.09717868338558,NA,NA,NA,NA,NA,NA,NA,NA
-3,117,460,6742,17591,1,45,176,0.217864923747277,0.671942660892937,1.0106230261269,NA,NA,NA,NA,NA,NA,NA,NA
-2,118,462,6781,17707,2,39,116,0.434782608695652,0.578463363986948,0.65942811665056,NA,NA,NA,NA,NA,NA,NA,NA
-1,119,464,6815,17810,2,34,103,0.432900432900433,0.501400973307772,0.58169085672333,NA,NA,NA,NA,NA,NA,NA,NA
0,120,467,6861,17957,3,46,147,0.646551724137931,0.674981658107117,0.825379000561482,NA,NA,17957,17957,147,147,NA,NA
1,121,469,6906,NA,2,45,NA,0.428265524625268,0.655881066899869,NA,0.428265524625268,0.655881066899869,18033.903640257,18074.7765631832,76.9036402569582,117.776563183208,0.428265524625261,0.655881066899861
2,122,469,6949,NA,0,43,NA,0,0.622646973646105,NA,0,0.622646973646105,18033.903640257,18187.3186124472,0,112.542049263957,0,0.622646973646111
3,123,471,6983,NA,2,34,NA,0.426439232409382,0.489279032954382,NA,0.426439232409382,0.489279032954382,18110.8072805139,18276.3053490745,76.9036402569618,88.9867366273174,0.426439232409396,0.489279032954402
4,124,473,7009,NA,2,26,NA,0.424628450106157,0.372332808248604,NA,0.424628450106157,0.372332808248604,18187.7109207709,18344.3540300248,76.9036402569582,68.0486809502981,0.424628450106151,0.3723328082486
5,NA,NA,7033,NA,NA,24,NA,NA,0.3424168925667,NA,NA,0.3424168925667,NA,18407.1681970558,NA,62.814167031047,NA,0.34241689256671
6,NA,NA,7078,NA,NA,45,NA,NA,0.639840750746481,NA,NA,0.639840750746481,NA,18524.944760239,NA,117.776563183208,NA,0.639840750746473
7,NA,NA,7106,NA,NA,28,NA,NA,0.395591975134219,NA,NA,0.395591975134219,NA,18598.2279551086,NA,73.283194869553,NA,0.395591975134221
8,NA,NA,7138,NA,NA,32,NA,NA,0.450323670137912,NA,NA,0.450323670137912,NA,18681.9801778166,NA,83.752222708059,NA,0.450323670137906
9,NA,NA,7163,NA,NA,25,NA,NA,0.350238161950126,NA,NA,0.350238161950126,NA,18747.4116018073,NA,65.4314239906707,NA,0.35023816195012
10,NA,NA,7191,NA,NA,28,NA,NA,0.39089766857462,NA,NA,0.39089766857462,NA,18820.6947966769,NA,73.283194869553,NA,0.390897668574622
11,NA,NA,7213,NA,NA,22,NA,NA,0.305937978028091,NA,NA,0.305937978028091,NA,18878.2744497887,NA,57.5796531117921,NA,0.305937978028095
12,NA,NA,7227,NA,NA,14,NA,NA,0.194093996949951,NA,NA,0.194093996949951,NA,18914.9160472234,NA,36.6415974347765,NA,0.194093996949953
13,NA,NA,7253,NA,NA,26,NA,NA,0.35976200359762,NA,NA,0.35976200359762,NA,18982.9647281737,NA,68.0486809502981,NA,0.359762003597617
14,NA,NA,7274,NA,NA,21,NA,NA,0.289535364676686,NA,NA,0.289535364676686,NA,19037.9271243259,NA,54.9623961521647,NA,0.289535364676687
