"daysFromToday","Day","Korea","Italy","X","dif.Korea","dif.Italy","dif.X","growth.Korea","growth.Italy","growth.X","prj.grKO.X","prj.grIT.X","grKO.prj.tot.X","grIT.prj.tot.X","dif.grKO.prj.tot.X","dif.grIT.prj.tot.X","growth.grKO.prj.tot.X","growth.grIT.prj.tot.X"
-53,0,104,NA,104,NA,NA,NA,NA,NA,NA,NA,NA,NA,NA,NA,NA,NA,NA
-52,1,204,NA,204,100,NA,100,96.1538461538462,NA,96.1538461538462,NA,NA,NA,NA,NA,NA,NA,NA
-51,2,433,NA,433,229,NA,229,112.254901960784,NA,112.254901960784,NA,NA,NA,NA,NA,NA,NA,NA
-50,3,602,NA,602,169,NA,169,39.0300230946882,NA,39.0300230946882,NA,NA,NA,NA,NA,NA,NA,NA
-49,4,833,NA,833,231,NA,231,38.3720930232558,NA,38.3720930232558,NA,NA,NA,NA,NA,NA,NA,NA
-48,5,977,NA,977,144,NA,144,17.2869147659064,NA,17.2869147659064,NA,NA,NA,NA,NA,NA,NA,NA
-47,6,1261,NA,1261,284,NA,284,29.0685772773797,NA,29.0685772773797,NA,NA,NA,NA,NA,NA,NA,NA
-46,7,1766,NA,1766,505,NA,505,40.0475812846947,NA,40.0475812846947,NA,NA,NA,NA,NA,NA,NA,NA
-45,8,2337,131,2337,571,NA,571,32.3329558323896,NA,32.3329558323896,NA,NA,NA,NA,NA,NA,NA,NA
-44,9,3150,194,3150,813,63,813,34.788189987163,48.0916030534351,34.788189987163,NA,NA,NA,NA,NA,NA,NA,NA
-43,10,3736,272,3736,586,78,586,18.6031746031746,40.2061855670103,18.6031746031746,NA,NA,NA,NA,NA,NA,NA,NA
-42,11,4335,383,4335,599,111,599,16.0331905781585,40.8088235294118,16.0331905781585,NA,NA,NA,NA,NA,NA,NA,NA
-41,12,5186,554,5186,851,171,851,19.6309111880046,44.6475195822454,19.6309111880046,NA,NA,NA,NA,NA,NA,NA,NA
-40,13,5621,751,5621,435,197,435,8.38796760509063,35.5595667870036,8.38796760509063,NA,NA,NA,NA,NA,NA,NA,NA
-39,14,6088,954,6088,467,203,467,8.30813022593845,27.0306258322237,8.30813022593845,NA,NA,NA,NA,NA,NA,NA,NA
-38,15,6593,1433,6593,505,479,505,8.29500657030223,50.20964360587,8.29500657030223,NA,NA,NA,NA,NA,NA,NA,NA
-37,16,7041,1722,7041,448,289,448,6.79508569695131,20.1674808094906,6.79508569695131,NA,NA,NA,NA,NA,NA,NA,NA
-36,17,7314,2117,7314,273,395,273,3.87729015764806,22.938443670151,3.87729015764806,NA,NA,NA,NA,NA,NA,NA,NA
-35,18,7478,2613,7478,164,496,164,2.24227508887066,23.4293811998111,2.24227508887066,NA,NA,NA,NA,NA,NA,NA,NA
-34,19,7513,3264,7513,35,651,35,0.468039582776143,24.9138920780712,0.468039582776143,NA,NA,NA,NA,NA,NA,NA,NA
-33,20,7755,3922,7755,242,658,242,3.22108345534407,20.1593137254902,3.22108345534407,NA,NA,NA,NA,NA,NA,NA,NA
-32,21,7869,4977,7869,114,1055,114,1.47001934235977,26.8995410504844,1.47001934235977,NA,NA,NA,NA,NA,NA,NA,NA
-31,22,7979,6239,7979,110,1262,110,1.39789045622061,25.356640546514,1.39789045622061,NA,NA,NA,NA,NA,NA,NA,NA
-30,23,8086,7760,8086,107,1521,107,1.34102017796716,24.3789068761019,1.34102017796716,NA,NA,NA,NA,NA,NA,NA,NA
-29,24,8162,8586,8162,76,826,76,0.939896116744991,10.6443298969072,0.939896116744991,NA,NA,NA,NA,NA,NA,NA,NA
-28,25,8236,10543,8236,74,1957,74,0.906640529282039,22.7929187048684,0.906640529282039,NA,NA,NA,NA,NA,NA,NA,NA
-27,26,8320,12786,8320,84,2243,84,1.01991257892181,21.2747794745329,1.01991257892181,NA,NA,NA,NA,NA,NA,NA,NA
-26,27,8413,14940,8413,93,2154,93,1.11778846153846,16.8465509150634,1.11778846153846,NA,NA,NA,NA,NA,NA,NA,NA
-25,28,8565,17899,8565,152,2959,152,1.8067276833472,19.805890227577,1.8067276833472,NA,NA,NA,NA,NA,NA,NA,NA
-24,29,8652,20936,8652,87,3037,87,1.01576182136602,16.9674283479524,1.01576182136602,NA,NA,NA,NA,NA,NA,NA,NA
-23,30,8799,23671,8799,147,2735,147,1.69902912621359,13.0636224684754,1.69902912621359,NA,NA,NA,NA,NA,NA,NA,NA
-22,31,8897,26654,8961,98,2983,162,1.11376292760541,12.6019179586836,1.84111830889874,NA,NA,NA,NA,NA,NA,NA,NA
-21,32,8961,30213,8961,64,3559,0,0.719343598965944,13.3525924814287,0,NA,NA,NA,NA,NA,NA,NA,NA
-20,33,9037,34716,9037,76,4503,76,0.848119629505636,14.9041803197299,0.848119629505636,NA,NA,NA,NA,NA,NA,NA,NA
-19,34,9137,39780,9137,100,5064,100,1.10656191213898,14.586933978569,1.10656191213898,NA,NA,NA,NA,NA,NA,NA,NA
-18,35,9241,45327,9241,104,5547,104,1.1382291780672,13.9441930618401,1.1382291780672,NA,NA,NA,NA,NA,NA,NA,NA
-17,36,9332,50031,9332,91,4704,91,0.984741911048588,10.377920444768,0.984741911048588,NA,NA,NA,NA,NA,NA,NA,NA
-16,37,9478,54082,9478,146,4051,146,1.56450921560223,8.09697987247906,1.56450921560223,NA,NA,NA,NA,NA,NA,NA,NA
-15,38,9583,58523,9583,105,4441,105,1.10782865583456,8.21160460042158,1.10782865583456,NA,NA,NA,NA,NA,NA,NA,NA
-14,39,9661,62930,9661,78,4407,78,0.813941354481895,7.53037267399142,0.813941354481895,NA,NA,NA,NA,NA,NA,NA,NA
-13,40,9786,68178,9786,125,5248,125,1.293861919056,8.33942475766725,1.293861919056,NA,NA,NA,NA,NA,NA,NA,NA
-12,41,9887,73177,9887,101,4999,101,1.03208665440425,7.33227727419402,1.03208665440425,NA,NA,NA,NA,NA,NA,NA,NA
-11,42,9976,78231,9976,89,5054,89,0.900171942955396,6.90654167293002,0.900171942955396,NA,NA,NA,NA,NA,NA,NA,NA
-10,43,10062,82645,10062,86,4414,86,0.862068965517241,5.64226457542406,0.862068965517241,NA,NA,NA,NA,NA,NA,NA,NA
-9,44,10156,86071,10156,94,3426,94,0.934207910952097,4.14544134551394,0.934207910952097,NA,NA,NA,NA,NA,NA,NA,NA
-8,45,10237,89500,10237,81,3429,81,0.797558093737692,3.98392025188507,0.797558093737692,NA,NA,NA,NA,NA,NA,NA,NA
-7,46,10284,93546,10284,47,4046,47,0.459118882485103,4.52067039106145,0.459118882485103,NA,NA,NA,NA,NA,NA,NA,NA
-6,47,10331,97495,10331,47,3949,47,0.457020614546869,4.22145254740983,0.457020614546869,NA,NA,NA,NA,NA,NA,NA,NA
-5,48,10384,101374,10384,53,3879,53,0.513019068821992,3.97866557259347,0.513019068821992,NA,NA,NA,NA,NA,NA,NA,NA
-4,49,10423,105439,10423,39,4065,39,0.37557781201849,4.00990392013731,0.37557781201849,NA,NA,NA,NA,NA,NA,NA,NA
-3,50,10450,109090,10450,27,3651,27,0.259042502158688,3.46266561708666,0.259042502158688,NA,NA,NA,NA,NA,NA,NA,NA
-2,51,10480,112135,10480,30,3045,30,0.287081339712919,2.79127326061051,0.287081339712919,NA,NA,NA,NA,NA,NA,NA,NA
-1,52,10512,114706,10512,32,2571,32,0.305343511450382,2.29277210505195,0.305343511450382,NA,NA,NA,NA,NA,NA,NA,NA
0,53,10537,117951,10537,25,3245,25,0.237823439878234,2.82897145746517,0.237823439878234,NA,NA,10537,10537,25,25,NA,NA
1,NA,NA,121507,NA,NA,3556,NA,NA,3.01481123517393,NA,NA,3.01481123517393,NA,10854.6706598503,NA,317.670659850277,NA,3.01481123517393
2,NA,NA,124850,NA,NA,3343,NA,NA,2.75128181915445,NA,NA,2.75128181915445,NA,11153.3132402438,NA,298.642580393553,NA,2.75128181915445
3,NA,NA,128821,NA,NA,3971,NA,NA,3.18061674008811,NA,NA,3.18061674008811,NA,11508.0573882375,NA,354.744147993659,NA,3.18061674008811
4,NA,NA,132283,NA,NA,3462,NA,NA,2.68745002755762,NA,NA,2.68745002755762,NA,11817.330679689,NA,309.273291451535,NA,2.68745002755761
5,NA,NA,134950,NA,NA,2667,NA,NA,2.01613208046385,NA,NA,2.01613208046385,NA,12055.5836745767,NA,238.252994887707,NA,2.01613208046385
