"daysFromToday","Day","Korea","Italy","X","dif.Korea","dif.Italy","dif.X","growth.Korea","growth.Italy","growth.X","prj.grKO.X","prj.grIT.X","grKO.prj.tot.X","grIT.prj.tot.X","dif.grKO.prj.tot.X","dif.grIT.prj.tot.X","growth.grKO.prj.tot.X","growth.grIT.prj.tot.X"
-67,NA,NA,NA,106,NA,NA,NA,NA,NA,NA,NA,NA,NA,NA,NA,NA,NA,NA
-66,NA,NA,NA,155,NA,NA,49,NA,NA,46.2264150943396,NA,NA,NA,NA,NA,NA,NA,NA
-65,NA,NA,NA,206,NA,NA,51,NA,NA,32.9032258064516,NA,NA,NA,NA,NA,NA,NA,NA
-64,NA,NA,NA,281,NA,NA,75,NA,NA,36.4077669902913,NA,NA,NA,NA,NA,NA,NA,NA
-63,NA,NA,NA,385,NA,NA,104,NA,NA,37.0106761565836,NA,NA,NA,NA,NA,NA,NA,NA
-62,NA,NA,NA,416,NA,NA,31,NA,NA,8.05194805194805,NA,NA,NA,NA,NA,NA,NA,NA
-61,NA,NA,NA,457,NA,NA,41,NA,NA,9.85576923076923,NA,NA,NA,NA,NA,NA,NA,NA
-60,NA,NA,NA,585,NA,NA,128,NA,NA,28.0087527352298,NA,NA,NA,NA,NA,NA,NA,NA
-59,NA,NA,NA,707,NA,NA,122,NA,NA,20.8547008547009,NA,NA,NA,NA,NA,NA,NA,NA
-58,NA,NA,NA,842,NA,NA,135,NA,NA,19.0947666195191,NA,NA,NA,NA,NA,NA,NA,NA
-57,NA,NA,NA,989,NA,NA,147,NA,NA,17.458432304038,NA,NA,NA,NA,NA,NA,NA,NA
-56,NA,NA,NA,1112,NA,NA,123,NA,NA,12.4368048533873,NA,NA,NA,NA,NA,NA,NA,NA
-55,NA,NA,NA,1221,NA,NA,109,NA,NA,9.80215827338129,NA,NA,NA,NA,NA,NA,NA,NA
-54,NA,NA,NA,1351,NA,NA,130,NA,NA,10.6470106470106,NA,NA,NA,NA,NA,NA,NA,NA
-53,NA,NA,NA,1550,NA,NA,199,NA,NA,14.7298297557365,NA,NA,NA,NA,NA,NA,NA,NA
-52,NA,NA,NA,1730,NA,NA,180,NA,NA,11.6129032258065,NA,NA,NA,NA,NA,NA,NA,NA
-51,NA,NA,NA,1912,NA,NA,182,NA,NA,10.5202312138728,NA,NA,NA,NA,NA,NA,NA,NA
-50,NA,NA,NA,2112,NA,NA,200,NA,NA,10.4602510460251,NA,NA,NA,NA,NA,NA,NA,NA
-49,NA,NA,NA,2267,NA,NA,155,NA,NA,7.33901515151515,NA,NA,NA,NA,NA,NA,NA,NA
-48,NA,NA,NA,2440,NA,NA,173,NA,NA,7.63123070136745,NA,NA,NA,NA,NA,NA,NA,NA
-47,NA,NA,NA,2578,NA,NA,138,NA,NA,5.65573770491803,NA,NA,NA,NA,NA,NA,NA,NA
-46,NA,NA,NA,2756,NA,NA,178,NA,NA,6.90457719162141,NA,NA,NA,NA,NA,NA,NA,NA
-45,NA,NA,NA,2885,NA,NA,129,NA,NA,4.68069666182874,NA,NA,NA,NA,NA,NA,NA,NA
-44,NA,NA,NA,3068,NA,NA,183,NA,NA,6.34315424610052,NA,NA,NA,NA,NA,NA,NA,NA
-43,NA,NA,15,3213,NA,NA,145,NA,NA,4.72620599739244,NA,NA,NA,NA,NA,NA,NA,NA
-42,NA,NA,22,3341,NA,7,128,NA,46.6666666666667,3.98381574852163,NA,NA,NA,NA,NA,NA,NA,NA
-41,NA,NA,31,3428,NA,9,87,NA,40.9090909090909,2.604010775217,NA,NA,NA,NA,NA,NA,NA,NA
-40,NA,NA,44,3555,NA,13,127,NA,41.9354838709677,3.70478413068845,NA,NA,NA,NA,NA,NA,NA,NA
-39,NA,NA,63,3721,NA,19,166,NA,43.1818181818182,4.66947960618847,NA,NA,NA,NA,NA,NA,NA,NA
-38,NA,NA,86,3875,NA,23,154,NA,36.5079365079365,4.1386723998925,NA,NA,NA,NA,NA,NA,NA,NA
-37,NA,NA,109,4045,NA,23,170,NA,26.7441860465116,4.38709677419355,NA,NA,NA,NA,NA,NA,NA,NA
-36,NA,NA,163,4199,NA,54,154,NA,49.5412844036697,3.80716934487021,NA,NA,NA,NA,NA,NA,NA,NA
-35,NA,NA,196,4346,NA,33,147,NA,20.2453987730061,3.50083353179328,NA,NA,NA,NA,NA,NA,NA,NA
-34,NA,NA,241,4499,NA,45,153,NA,22.9591836734694,3.52047860101242,NA,NA,NA,NA,NA,NA,NA,NA
-33,NA,NA,297,4620,NA,56,121,NA,23.2365145228216,2.68948655256724,NA,NA,NA,NA,NA,NA,NA,NA
-32,NA,NA,372,4845,NA,75,225,NA,25.2525252525253,4.87012987012987,NA,NA,NA,NA,NA,NA,NA,NA
-31,NA,NA,446,5052,NA,74,207,NA,19.8924731182796,4.27244582043344,NA,NA,NA,NA,NA,NA,NA,NA
-30,NA,NA,567,5356,NA,121,304,NA,27.1300448430493,6.01741884402217,NA,NA,NA,NA,NA,NA,NA,NA
-29,NA,NA,710,5687,NA,143,331,NA,25.2204585537919,6.17998506348021,NA,NA,NA,NA,NA,NA,NA,NA
-28,NA,NA,883,5911,NA,173,224,NA,24.3661971830986,3.93880780727976,NA,NA,NA,NA,NA,NA,NA,NA
-27,NA,NA,977,6081,NA,94,170,NA,10.6455266138165,2.87599390965996,NA,NA,NA,NA,NA,NA,NA,NA
-26,NA,NA,1200,6289,NA,223,208,NA,22.8249744114637,3.42049005097846,NA,NA,NA,NA,NA,NA,NA,NA
-25,NA,NA,1455,6520,NA,255,231,NA,21.25,3.67307998091907,NA,NA,NA,NA,NA,NA,NA,NA
-24,NA,NA,1701,6854,NA,246,334,NA,16.9072164948454,5.12269938650307,NA,NA,NA,NA,NA,NA,NA,NA
-23,NA,NA,2037,7314,NA,336,460,NA,19.7530864197531,6.71140939597315,NA,NA,NA,NA,NA,NA,NA,NA
-22,0,12,2383,7660,NA,346,346,NA,16.985763377516,4.73065354115395,NA,NA,NA,NA,NA,NA,NA,NA
-21,1,23,2694,7964,11,311,304,91.6666666666667,13.0507763323542,3.9686684073107,NA,NA,NA,NA,NA,NA,NA,NA
-20,2,49,3034,8236,26,340,272,113.04347826087,12.6206384558278,3.41536916122551,NA,NA,NA,NA,NA,NA,NA,NA
-19,3,68,3439,8566,19,405,330,38.7755102040816,13.3487145682268,4.00679941719281,NA,NA,NA,NA,NA,NA,NA,NA
-18,4,95,3952,8901,27,513,335,39.7058823529412,14.9171270718232,3.91081017978053,NA,NA,NA,NA,NA,NA,NA,NA
-17,5,111,4528,9215,16,576,314,16.8421052631579,14.5748987854251,3.52769351758229,NA,NA,NA,NA,NA,NA,NA,NA
-16,6,143,5160,9590,32,632,375,28.8288288288288,13.9575971731449,4.06945198046663,NA,NA,NA,NA,NA,NA,NA,NA
-15,7,201,5695,9939,58,535,349,40.5594405594406,10.3682170542636,3.63920750782065,NA,NA,NA,NA,NA,NA,NA,NA
-14,8,265,6156,10219,64,461,280,31.8407960199005,8.09482001755926,2.81718482744743,NA,NA,NA,NA,NA,NA,NA,NA
-13,9,358,6662,10418,93,506,199,35.0943396226415,8.21962313190383,1.94735296995792,NA,NA,NA,NA,NA,NA,NA,NA
-12,10,424,7163,10611,66,501,193,18.4357541899441,7.52026418492945,1.85256287195239,NA,NA,NA,NA,NA,NA,NA,NA
-11,11,492,7761,10902,68,598,291,16.0377358490566,8.34845735027223,2.74243709358213,NA,NA,NA,NA,NA,NA,NA,NA
-10,12,589,8330,11275,97,569,373,19.7154471544715,7.33152944208221,3.42139057053752,NA,NA,NA,NA,NA,NA,NA,NA
-9,13,638,8905,11685,49,575,410,8.31918505942275,6.90276110444178,3.63636363636364,NA,NA,NA,NA,NA,NA,NA,NA
-8,14,691,9407,12187,53,502,502,8.30721003134796,5.63728242560359,4.29610611895593,NA,NA,NA,NA,NA,NA,NA,NA
-7,15,749,9797,12543,58,390,356,8.39363241678726,4.14584883597321,2.92114548289161,NA,NA,NA,NA,NA,NA,NA,NA
-6,16,800,10188,12687,51,391,144,6.80907877169559,3.99101765846688,1.14805070557283,NA,NA,NA,NA,NA,NA,NA,NA
-5,17,831,10648,12885,31,460,198,3.875,4.51511582253632,1.56065263655711,NA,NA,NA,NA,NA,NA,NA,NA
-4,18,849,11098,13413,18,450,528,2.16606498194946,4.22614575507138,4.09778812572759,NA,NA,NA,NA,NA,NA,NA,NA
-3,19,853,11539,13885,4,441,472,0.471142520612485,3.9736889529645,3.51897412957578,NA,NA,NA,NA,NA,NA,NA,NA
-2,20,881,12002,14396,28,463,511,3.28253223915592,4.01247941762718,3.68023046453007,NA,NA,NA,NA,NA,NA,NA,NA
-1,21,894,12418,14877,13,416,481,1.47559591373439,3.46608898516914,3.34120589052515,NA,NA,NA,NA,NA,NA,NA,NA
0,22,906,12764,15277,12,346,400,1.34228187919463,2.78627798357223,2.68871412247093,NA,NA,15277,15277,400,400,NA,NA
1,23,918,13057,NA,12,293,NA,1.32450331125828,2.29551864619242,NA,1.32450331125828,2.29551864619242,15479.3443708609,15627.6863835788,202.344370860928,350.686383578815,1.32450331125829,2.29551864619242
2,24,927,13426,NA,9,369,NA,0.980392156862745,2.82607030711496,NA,0.980392156862745,2.82607030711496,15631.1026490066,16069.3357881542,151.758278145695,441.649404575366,0.980392156862742,2.82607030711494
3,25,935,13831,NA,8,405,NA,0.862998921251348,3.01653508118576,NA,0.862998921251348,3.01653508118576,15765.9988962472,16554.0729395174,134.896247240618,484.73715136321,0.86299892125135,3.01653508118576
4,26,945,14212,NA,10,381,NA,1.06951871657754,2.75468151254428,NA,1.06951871657754,2.75468151254428,15934.619205298,17010.0849263554,168.620309050773,456.011986837981,1.06951871657754,2.75468151254428
5,27,955,14664,NA,10,452,NA,1.05820105820106,3.180410920349,NA,1.05820105820106,3.180410920349,16103.2395143488,17551.0755249138,168.620309050775,540.990598558445,1.05820105820107,3.18041092034899
6,28,973,15058,NA,18,394,NA,1.8848167539267,2.68685215493726,NA,1.8848167539267,2.68685215493726,16406.7560706402,18022.6469758696,303.516556291392,471.571450955813,1.88481675392671,2.68685215493726
7,29,983,15361,NA,10,303,NA,1.02774922918808,2.01221941824944,NA,1.02774922918808,2.01221941824944,16575.376379691,18385.3021780006,168.62030905077,362.655202130991,1.02774922918806,2.01221941824942
8,30,999,15647,NA,16,286,NA,1.62767039674466,1.86185795195625,NA,1.62767039674466,1.86185795195625,16845.1688741722,18727.6103885929,269.792494481237,342.308210592291,1.62767039674466,1.86185795195626
9,31,1010,15904,NA,11,257,NA,1.1011011011011,1.6424873777721,NA,1.1011011011011,1.6424873777721,17030.651214128,19035.2090253839,185.482339955852,307.598636790975,1.10110110110111,1.6424873777721
10,32,1018,16269,NA,8,365,NA,0.792079207920792,2.29502012072435,NA,0.792079207920792,2.29502012072435,17165.5474613687,19472.0709025384,134.896247240617,436.861877154497,0.792079207920783,2.29502012072435
11,33,1026,16605,NA,8,336,NA,0.785854616895874,2.06527752166697,NA,0.785854616895874,2.06527752166697,17300.4437086093,19874.2232058916,134.896247240617,402.152303353178,0.785854616895865,2.06527752166696
12,34,1038,16941,NA,12,336,NA,1.16959064327485,2.02348690153568,NA,1.16959064327485,2.02348690153568,17502.7880794702,20276.3755092447,202.344370860927,402.152303353181,1.16959064327485,2.02348690153568
13,35,1049,17235,NA,11,294,NA,1.0597302504817,1.73543474411192,NA,1.0597302504817,1.73543474411192,17688.270419426,20628.2587746788,185.482339955848,351.883265434029,1.05973025048169,1.7354347441119
14,36,1060,17452,NA,11,217,NA,1.04861773117255,1.25906585436612,NA,1.04861773117255,1.25906585436612,17873.7527593819,20887.982137261,185.482339955852,259.723362582266,1.04861773117256,1.25906585436613
15,37,1076,17715,NA,16,263,NA,1.50943396226415,1.50699060279624,NA,1.50943396226415,1.50699060279624,18143.5452538631,21202.7620651833,269.792494481237,314.779927922282,1.50943396226415,1.50699060279624
16,38,1088,18039,NA,12,324,NA,1.11524163568773,1.82895850973751,NA,1.11524163568773,1.82895850973751,18345.8896247241,21590.5517862739,202.344370860927,387.789721090568,1.11524163568773,1.82895850973752
17,39,1097,18294,NA,9,255,NA,0.827205882352941,1.413603858307,NA,0.827205882352941,1.413603858307,18497.6479028698,21895.7566593544,151.758278145695,305.20487308054,0.827205882352939,1.41360385830701
18,40,1111,18585,NA,14,291,NA,1.27620783956244,1.59068547064611,NA,1.27620783956244,1.59068547064611,18733.7163355408,22244.0492792228,236.06843267108,348.292619868378,1.27620783956243,1.59068547064611
19,41,1123,18812,NA,12,227,NA,1.08010801080108,1.2214151197202,NA,1.08010801080108,1.2214151197202,18936.0607064018,22515.7414603572,202.344370860927,271.69218113444,1.08010801080108,1.2214151197202
20,42,1133,19036,NA,10,224,NA,0.890471950133571,1.19072932170955,NA,0.890471950133571,1.19072932170955,19104.6810154525,22783.842995926,168.62030905077,268.101535568785,0.890471950133556,1.19072932170954
21,43,1143,19203,NA,10,167,NA,0.88261253309797,0.877285143937802,NA,0.88261253309797,0.877285143937802,19273.3013245033,22983.7222657474,168.62030905077,199.879269821373,0.882612533097955,0.877285143937804
22,44,1153,19405,NA,10,202,NA,0.874890638670166,1.05191897099412,NA,0.874890638670166,1.05191897099412,19441.9216335541,23225.4924005014,168.620309050773,241.770134753999,0.87489063867017,1.05191897099413
23,45,1163,19606,NA,10,201,NA,0.867302688638335,1.03581551146612,NA,0.867302688638335,1.03581551146612,19610.5419426048,23466.0656534002,168.62030905077,240.573252898779,0.86730268863832,1.03581551146612
24,46,1168,19786,NA,5,180,NA,0.429922613929493,0.91808630011221,NA,0.429922613929493,0.91808630011221,19694.8520971302,23681.5043873394,84.3101545253849,215.438733939205,0.429922613929485,0.918086300112215
25,47,1173,19975,NA,5,189,NA,0.428082191780822,0.955220863236632,NA,0.428082191780822,0.955220863236632,19779.1622516556,23907.7150579756,84.3101545253885,226.210670636163,0.428082191780833,0.955220863236626
26,48,1179,20158,NA,6,183,NA,0.51150895140665,0.916145181476846,NA,0.51150895140665,0.916145181476846,19880.3344370861,24126.7444374804,101.172185430467,219.029379504856,0.511508951406667,0.916145181476842
27,49,1184,20292,NA,5,134,NA,0.424088210347752,0.664748486953071,NA,0.424088210347752,0.664748486953071,19964.6445916115,24287.1266060796,84.3101545253885,160.382168599186,0.424088210347763,0.664748486953075
28,50,1187,20409,NA,3,117,NA,0.253378378378378,0.576581904198699,NA,0.253378378378378,0.576581904198699,20015.2306843267,24427.1617831401,50.5860927152316,140.035177060479,0.253378378378378,0.576581904198686
29,51,1190,20513,NA,3,104,NA,0.25273799494524,0.509579107256602,NA,0.25273799494524,0.509579107256602,20065.8167770419,24551.6374960827,50.586092715228,124.475712942651,0.252737994945221,0.509579107256601
30,52,1194,20652,NA,4,139,NA,0.336134453781513,0.67761907083313,NA,0.336134453781513,0.67761907083313,20133.2649006622,24718.004073958,67.4481236203101,166.366577875273,0.336134453781518,0.677619070833125
31,53,1197,20787,NA,3,135,NA,0.251256281407035,0.653689715281813,NA,0.251256281407035,0.653689715281813,20183.8509933775,24879.5831244124,50.5860927152316,161.579050454402,0.251256281407035,0.653689715281809
32,54,1200,20915,NA,3,128,NA,0.25062656641604,0.615769471304181,NA,0.25062656641604,0.615769471304181,20234.4370860927,25032.7840018803,50.5860927152316,153.200877467876,0.250626566416039,0.615769471304172
33,55,1203,21019,NA,3,104,NA,0.25,0.497250776954339,NA,0.25,0.497250776954339,20285.0231788079,25157.2597148229,50.5860927152316,124.475712942654,0.249999999999999,0.497250776954352
34,56,1205,21096,NA,2,77,NA,0.166251039068994,0.366335220514772,NA,0.166251039068994,0.366335220514772,20318.7472406181,25249.4196176747,33.7240618101569,92.1599028517703,0.166251039069006,0.366335220514771
35,57,1208,21168,NA,3,72,NA,0.24896265560166,0.341296928327645,NA,0.24896265560166,0.341296928327645,20369.3333333333,25335.5951112504,50.5860927152316,86.1754935756835,0.248962655601659,0.341296928327653
36,58,1210,21303,NA,2,135,NA,0.165562913907285,0.637755102040816,NA,0.165562913907285,0.637755102040816,20403.0573951435,25497.1741617048,33.7240618101532,161.579050454406,0.165562913907278,0.637755102040827
37,59,1211,21388,NA,1,85,NA,0.0826446280991736,0.399004834999765,NA,0.0826446280991736,0.399004834999765,20419.9194260486,25598.9091193983,16.8620309050784,101.734957693516,0.0826446280991793,0.399004834999776
38,60,1212,21484,NA,1,96,NA,0.0825763831544178,0.448849822330279,NA,0.0825763831544178,0.448849822330279,20436.7814569536,25713.8097774992,16.8620309050748,114.900658100913,0.0825763831544057,0.448849822330293
39,61,1213,21560,NA,1,76,NA,0.0825082508250825,0.353751629119345,NA,0.0825082508250825,0.353751629119345,20453.6434878587,25804.7727984958,16.8620309050748,90.9630209965544,0.0825082508250704,0.353751629119351
40,62,1214,21644,NA,1,84,NA,0.0824402308326463,0.38961038961039,NA,0.0824402308326463,0.38961038961039,20470.5055187638,25905.3108743341,16.8620309050748,100.538075838293,0.0824402308326343,0.389610389610379
41,63,1216,21709,NA,2,65,NA,0.164744645799012,0.300314174829052,NA,0.164744645799012,0.300314174829052,20504.2295805739,25983.1081949232,33.7240618101532,77.7973205891576,0.164744645799005,0.300314174829054
42,64,1217,21753,NA,1,44,NA,0.0822368421052631,0.202680915749228,NA,0.0822368421052631,0.202680915749228,20521.091611479,26035.7709965528,16.8620309050784,52.6628016295799,0.0822368421052689,0.202680915749216
43,65,1218,21831,NA,1,78,NA,0.0821692686935086,0.358571231554268,NA,0.0821692686935086,0.358571231554268,20537.9536423841,26129.1277812598,16.8620309050784,93.3567847069899,0.0821692686935143,0.358571231554274
44,66,1219,21895,NA,1,64,NA,0.0821018062397373,0.293161101186386,NA,0.0821018062397373,0.293161101186386,20554.8156732892,26205.7282199937,16.8620309050748,76.6004387339381,0.0821018062397253,0.293161101186382
45,67,1221,21957,NA,2,62,NA,0.164068908941756,0.283169673441425,NA,0.164068908941756,0.283169673441425,20588.5397350993,26279.9348950172,33.7240618101569,74.2066750235026,0.164068908941767,0.283169673441421
46,68,1222,22020,NA,1,63,NA,0.0819000819000819,0.286924443229949,NA,0.0819000819000819,0.286924443229949,20605.4017660044,26355.338451896,16.8620309050748,75.4035568787222,0.0819000819000699,0.286924443229952
47,69,1223,22084,NA,1,64,NA,0.0818330605564648,0.290644868301544,NA,0.0818330605564648,0.290644868301544,20622.2637969095,26431.9388906299,16.8620309050784,76.6004387339417,0.0818330605564705,0.290644868301554
48,70,1224,22135,NA,1,51,NA,0.0817661488143908,0.230936424560768,NA,0.0817661488143908,0.230936424560768,20639.1258278146,26492.979865246,16.8620309050784,61.0409746161058,0.0817661488143965,0.23093642456076
49,71,1224,NA,NA,0,NA,NA,0,NA,NA,0,NA,20639.1258278146,NA,0,NA,0,NA
50,72,1226,NA,NA,2,NA,NA,0.163398692810458,NA,NA,0.163398692810458,NA,20672.8498896247,NA,33.7240618101532,NA,0.163398692810451,NA
51,73,1227,NA,NA,1,NA,NA,0.0815660685154976,NA,NA,0.0815660685154976,NA,20689.7119205298,NA,16.8620309050784,NA,0.0815660685155032,NA
52,74,1227,NA,NA,0,NA,NA,0,NA,NA,0,NA,20689.7119205298,NA,0,NA,0,NA
53,75,1227,NA,NA,0,NA,NA,0,NA,NA,0,NA,20689.7119205298,NA,0,NA,0,NA
54,76,1228,NA,NA,1,NA,NA,0.0814995925020375,NA,NA,0.0814995925020375,NA,20706.5739514349,NA,16.8620309050748,NA,0.0814995925020256,NA
55,77,1229,NA,NA,1,NA,NA,0.0814332247557003,NA,NA,0.0814332247557003,NA,20723.4359823399,NA,16.8620309050748,NA,0.0814332247556884,NA
56,78,1231,NA,NA,2,NA,NA,0.16273393002441,NA,NA,0.16273393002441,NA,20757.1600441501,NA,33.7240618101569,NA,0.162733930024421,NA
57,79,1235,NA,NA,4,NA,NA,0.324939073923639,NA,NA,0.324939073923639,NA,20824.6081677704,NA,67.4481236203101,NA,0.324939073923644,NA
58,80,1239,NA,NA,4,NA,NA,0.323886639676113,NA,NA,0.323886639676113,NA,20892.0562913907,NA,67.4481236203064,NA,0.323886639676101,NA
59,81,1242,NA,NA,3,NA,NA,0.242130750605327,NA,NA,0.242130750605327,NA,20942.6423841059,NA,50.5860927152316,NA,0.242130750605326,NA
60,82,1245,NA,NA,3,NA,NA,0.241545893719807,NA,NA,0.241545893719807,NA,20993.2284768212,NA,50.5860927152316,NA,0.241545893719806,NA
61,83,1248,NA,NA,3,NA,NA,0.240963855421687,NA,NA,0.240963855421687,NA,21043.8145695364,NA,50.5860927152316,NA,0.240963855421686,NA
62,84,1251,NA,NA,3,NA,NA,0.240384615384615,NA,NA,0.240384615384615,NA,21094.4006622516,NA,50.5860927152353,NA,0.240384615384632,NA
63,85,1253,NA,NA,2,NA,NA,0.159872102318145,NA,NA,0.159872102318145,NA,21128.1247240618,NA,33.7240618101532,NA,0.159872102318139,NA
64,86,1255,NA,NA,2,NA,NA,0.159616919393456,NA,NA,0.159616919393456,NA,21161.8487858719,NA,33.7240618101532,NA,0.15961691939345,NA
65,87,1257,NA,NA,2,NA,NA,0.159362549800797,NA,NA,0.159362549800797,NA,21195.5728476821,NA,33.7240618101569,NA,0.159362549800808,NA
66,88,1258,NA,NA,1,NA,NA,0.0795544948289578,NA,NA,0.0795544948289578,NA,21212.4348785872,NA,16.8620309050748,NA,0.0795544948289462,NA
67,89,1262,NA,NA,4,NA,NA,0.317965023847377,NA,NA,0.317965023847377,NA,21279.8830022075,NA,67.4481236203101,NA,0.317965023847382,NA
68,90,1263,NA,NA,1,NA,NA,0.0792393026941363,NA,NA,0.0792393026941363,NA,21296.7450331126,NA,16.8620309050784,NA,0.0792393026941418,NA
69,91,1265,NA,NA,2,NA,NA,0.158353127474268,NA,NA,0.158353127474268,NA,21330.4690949227,NA,33.7240618101569,NA,0.158353127474279,NA
70,92,1268,NA,NA,3,NA,NA,0.237154150197628,NA,NA,0.237154150197628,NA,21381.055187638,NA,50.5860927152316,NA,0.237154150197628,NA
71,93,1271,NA,NA,3,NA,NA,0.236593059936909,NA,NA,0.236593059936909,NA,21431.6412803532,NA,50.5860927152316,NA,0.236593059936908,NA
72,94,1273,NA,NA,2,NA,NA,0.1573564122738,NA,NA,0.1573564122738,NA,21465.3653421633,NA,33.7240618101532,NA,0.157356412273794,NA
