"daysFromToday","Day","Korea","Italy","X","dif.Korea","dif.Italy","dif.X","growth.Korea","growth.Italy","growth.X","prj.grKO.X","prj.grIT.X","grKO.prj.tot.X","grIT.prj.tot.X","dif.grKO.prj.tot.X","dif.grIT.prj.tot.X","growth.grKO.prj.tot.X","growth.grIT.prj.tot.X"
-75,NA,NA,NA,116,NA,NA,NA,NA,NA,NA,NA,NA,NA,NA,NA,NA,NA,NA
-74,NA,NA,NA,137,NA,NA,21,NA,NA,18.1034482758621,NA,NA,NA,NA,NA,NA,NA,NA
-73,NA,NA,NA,183,NA,NA,46,NA,NA,33.5766423357664,NA,NA,NA,NA,NA,NA,NA,NA
-72,NA,NA,NA,231,NA,NA,48,NA,NA,26.2295081967213,NA,NA,NA,NA,NA,NA,NA,NA
-71,NA,NA,NA,267,NA,NA,36,NA,NA,15.5844155844156,NA,NA,NA,NA,NA,NA,NA,NA
-70,NA,NA,2,304,NA,NA,37,NA,NA,13.8576779026217,NA,NA,NA,NA,NA,NA,NA,NA
-69,NA,NA,3,342,NA,1,38,NA,50,12.5,NA,NA,NA,NA,NA,NA,NA,NA
-68,NA,NA,4,401,NA,1,59,NA,33.3333333333333,17.2514619883041,NA,NA,NA,NA,NA,NA,NA,NA
-67,NA,NA,5,495,NA,1,94,NA,25,23.4413965087282,NA,NA,NA,NA,NA,NA,NA,NA
-66,NA,NA,8,586,NA,3,91,NA,60,18.3838383838384,NA,NA,NA,NA,NA,NA,NA,NA
-65,NA,NA,10,653,NA,2,67,NA,25,11.4334470989761,NA,NA,NA,NA,NA,NA,NA,NA
-64,NA,NA,13,757,NA,3,104,NA,30,15.9264931087289,NA,NA,NA,NA,NA,NA,NA,NA
-63,NA,NA,20,902,NA,7,145,NA,53.8461538461538,19.1545574636724,NA,NA,NA,NA,NA,NA,NA,NA
-62,NA,NA,24,998,NA,4,96,NA,20,10.6430155210643,NA,NA,NA,NA,NA,NA,NA,NA
-61,NA,NA,29,1097,NA,5,99,NA,20.8333333333333,9.91983967935872,NA,NA,NA,NA,NA,NA,NA,NA
-60,NA,NA,36,1211,NA,7,114,NA,24.1379310344828,10.3919781221513,NA,NA,NA,NA,NA,NA,NA,NA
-59,NA,NA,45,1440,NA,9,229,NA,25,18.9099917423617,NA,NA,NA,NA,NA,NA,NA,NA
-58,NA,NA,54,1523,NA,9,83,NA,20,5.76388888888889,NA,NA,NA,NA,NA,NA,NA,NA
-57,NA,NA,69,1660,NA,15,137,NA,27.7777777777778,8.99540380827314,NA,NA,NA,NA,NA,NA,NA,NA
-56,NA,NA,86,1778,NA,17,118,NA,24.6376811594203,7.10843373493976,NA,NA,NA,NA,NA,NA,NA,NA
-55,NA,NA,107,1875,NA,21,97,NA,24.4186046511628,5.45556805399325,NA,NA,NA,NA,NA,NA,NA,NA
-54,NA,NA,118,1955,NA,11,80,NA,10.2803738317757,4.26666666666667,NA,NA,NA,NA,NA,NA,NA,NA
-53,NA,NA,145,2058,NA,27,103,NA,22.8813559322034,5.26854219948849,NA,NA,NA,NA,NA,NA,NA,NA
-52,NA,NA,176,2197,NA,31,139,NA,21.3793103448276,6.75413022351798,NA,NA,NA,NA,NA,NA,NA,NA
-51,NA,NA,206,2350,NA,30,153,NA,17.0454545454545,6.96404187528448,NA,NA,NA,NA,NA,NA,NA,NA
-50,NA,NA,247,2476,NA,41,126,NA,19.9029126213592,5.36170212765957,NA,NA,NA,NA,NA,NA,NA,NA
-49,NA,NA,289,2666,NA,42,190,NA,17.0040485829959,7.67366720516963,NA,NA,NA,NA,NA,NA,NA,NA
-48,NA,NA,327,2793,NA,38,127,NA,13.1487889273356,4.76369092273068,NA,NA,NA,NA,NA,NA,NA,NA
-47,NA,NA,368,2927,NA,41,134,NA,12.5382262996942,4.79770855710705,NA,NA,NA,NA,NA,NA,NA,NA
-46,NA,NA,417,3098,NA,49,171,NA,13.3152173913043,5.84215920737957,NA,NA,NA,NA,NA,NA,NA,NA
-45,NA,NA,479,3206,NA,62,108,NA,14.8681055155875,3.48612007746934,NA,NA,NA,NA,NA,NA,NA,NA
-44,NA,NA,549,3361,NA,70,155,NA,14.6137787056367,4.83468496568933,NA,NA,NA,NA,NA,NA,NA,NA
-43,NA,NA,625,3528,NA,76,167,NA,13.8433515482696,4.96875929782803,NA,NA,NA,NA,NA,NA,NA,NA
-42,NA,NA,690,3699,NA,65,171,NA,10.4,4.8469387755102,NA,NA,NA,NA,NA,NA,NA,NA
-41,NA,NA,746,3841,NA,56,142,NA,8.11594202898551,3.83887537172209,NA,NA,NA,NA,NA,NA,NA,NA
-40,NA,NA,807,3892,NA,61,51,NA,8.1769436997319,1.32777922416037,NA,NA,NA,NA,NA,NA,NA,NA
-39,NA,NA,868,3994,NA,61,102,NA,7.55885997521685,2.6207605344296,NA,NA,NA,NA,NA,NA,NA,NA
-38,NA,NA,941,4106,NA,73,112,NA,8.41013824884793,2.8042063094642,NA,NA,NA,NA,NA,NA,NA,NA
-37,NA,NA,1010,4323,NA,69,217,NA,7.33262486716259,5.28494885533366,NA,NA,NA,NA,NA,NA,NA,NA
-36,NA,NA,1079,4658,NA,69,335,NA,6.83168316831683,7.74924820726347,NA,NA,NA,NA,NA,NA,NA,NA
-35,NA,NA,1140,4797,NA,61,139,NA,5.6533827618165,2.98411335337055,NA,NA,NA,NA,NA,NA,NA,NA
-34,NA,NA,1188,5016,NA,48,219,NA,4.21052631578947,4.56535334584115,NA,NA,NA,NA,NA,NA,NA,NA
-33,NA,NA,1235,5170,NA,47,154,NA,3.95622895622896,3.07017543859649,NA,NA,NA,NA,NA,NA,NA,NA
-32,NA,NA,1291,5322,NA,56,152,NA,4.53441295546559,2.94003868471954,NA,NA,NA,NA,NA,NA,NA,NA
-31,NA,NA,1345,5461,NA,54,139,NA,4.18280402788536,2.61180007515971,NA,NA,NA,NA,NA,NA,NA,NA
-30,NA,NA,1399,5654,NA,54,193,NA,4.01486988847584,3.53415125434902,NA,NA,NA,NA,NA,NA,NA,NA
-29,NA,NA,1455,5899,NA,56,245,NA,4.00285918513224,4.33321542270959,NA,NA,NA,NA,NA,NA,NA,NA
-28,NA,NA,1505,6102,NA,50,203,NA,3.43642611683849,3.44126123071707,NA,NA,NA,NA,NA,NA,NA,NA
-27,NA,NA,1547,6272,NA,42,170,NA,2.7906976744186,2.78597181252049,NA,NA,NA,NA,NA,NA,NA,NA
-26,NA,NA,1583,6389,NA,36,117,NA,2.32708468002586,1.86543367346939,NA,NA,NA,NA,NA,NA,NA,NA
-25,0,1,1627,6485,NA,44,96,NA,2.77953253316488,1.5025825637815,NA,NA,NA,NA,NA,NA,NA,NA
-24,1,3,1676,6584,2,49,99,200,3.01167793484942,1.526599845798,NA,NA,NA,NA,NA,NA,NA,NA
-23,2,6,1723,6736,3,47,152,100,2.80429594272076,2.3086269744836,NA,NA,NA,NA,NA,NA,NA,NA
-22,3,8,1777,6871,2,54,135,33.3333333333333,3.13406848520023,2.0041567695962,NA,NA,NA,NA,NA,NA,NA,NA
-21,4,11,1825,7042,3,48,171,37.5,2.70118176702307,2.48872071023141,NA,NA,NA,NA,NA,NA,NA,NA
-20,5,13,1862,7123,2,37,81,18.1818181818182,2.02739726027397,1.15024140869071,NA,NA,NA,NA,NA,NA,NA,NA
-19,6,17,1897,7270,4,35,147,30.7692307692308,1.8796992481203,2.06373718938649,NA,NA,NA,NA,NA,NA,NA,NA
-18,7,24,1928,7434,7,31,164,41.1764705882353,1.63415919873484,2.25584594222834,NA,NA,NA,NA,NA,NA,NA,NA
-17,8,32,1972,7551,8,44,117,33.3333333333333,2.28215767634855,1.57384987893462,NA,NA,NA,NA,NA,NA,NA,NA
-16,9,43,2013,7788,11,41,237,34.375,2.07910750507099,3.13865713150576,NA,NA,NA,NA,NA,NA,NA,NA
-15,10,51,2054,7893,8,41,105,18.6046511627907,2.0367610531545,1.3482280431433,NA,NA,NA,NA,NA,NA,NA,NA
-14,11,60,2089,7966,9,35,73,17.6470588235294,1.70399221032132,0.924870138097048,NA,NA,NA,NA,NA,NA,NA,NA
-13,12,71,2115,7966,11,26,0,18.3333333333333,1.24461464815701,0,NA,NA,NA,NA,NA,NA,NA,NA
-12,13,77,2147,8225,6,32,259,8.45070422535211,1.51300236406619,3.25131810193322,NA,NA,NA,NA,NA,NA,NA,NA
-11,14,84,2187,8334,7,40,109,9.09090909090909,1.86306474149977,1.32522796352584,NA,NA,NA,NA,NA,NA,NA,NA
-10,15,91,2217,8406,7,30,72,8.33333333333333,1.37174211248285,0.863930885529158,NA,NA,NA,NA,NA,NA,NA,NA
-9,16,97,2253,8492,6,36,86,6.59340659340659,1.62381596752368,1.02307875327147,NA,NA,NA,NA,NA,NA,NA,NA
-8,17,101,2280,8538,4,27,46,4.12371134020619,1.19840213049268,0.54168629298163,NA,NA,NA,NA,NA,NA,NA,NA
-7,18,103,2307,8717,2,27,179,1.98019801980198,1.18421052631579,2.09650972124619,NA,NA,NA,NA,NA,NA,NA,NA
-6,19,103,2328,8801,0,21,84,0,0.910273081924577,0.963634277847883,NA,NA,NA,NA,NA,NA,NA,NA
-5,20,107,2352,8857,4,24,56,3.88349514563107,1.03092783505155,0.636291330530622,NA,NA,NA,NA,NA,NA,NA,NA
-4,21,108,2376,8886,1,24,29,0.934579439252336,1.02040816326531,0.327424635881224,NA,NA,NA,NA,NA,NA,NA,NA
-3,22,110,2398,9016,2,22,130,1.85185185185185,0.925925925925926,1.46297546702678,NA,NA,NA,NA,NA,NA,NA,NA
-2,23,111,2421,9120,1,23,104,0.909090909090909,0.959132610508757,1.15350488021295,NA,NA,NA,NA,NA,NA,NA,NA
-1,24,112,2443,9199,1,22,79,0.900900900900901,0.908715406856671,0.866228070175439,NA,NA,NA,NA,NA,NA,NA,NA
0,25,113,2460,9269,1,17,70,0.892857142857143,0.695865738845681,0.760952277421459,NA,NA,9269,9269,70,70,NA,NA
1,26,115,2474,NA,2,14,NA,1.76991150442478,0.569105691056911,NA,1.76991150442478,0.569105691056911,9433.05309734513,9321.75040650406,164.053097345133,52.7504065040648,1.76991150442478,0.569105691056908
2,27,116,2486,NA,1,12,NA,0.869565217391304,0.485044462409054,NA,0.869565217391304,0.485044462409054,9515.0796460177,9366.96504065041,82.0265486725657,45.2146341463413,0.869565217391297,0.485044462409052
3,28,118,2503,NA,2,17,NA,1.72413793103448,0.683829444891392,NA,1.72413793103448,0.683829444891392,9679.13274336283,9431.01910569106,164.053097345131,64.0540650406492,1.72413793103447,0.683829444891379
4,29,119,2520,NA,1,17,NA,0.847457627118644,0.679184978026368,NA,0.847457627118644,0.679184978026368,9761.1592920354,9495.07317073171,82.0265486725657,64.054065040651,0.847457627118637,0.679184978026375
5,30,121,2535,NA,2,15,NA,1.68067226890756,0.595238095238095,NA,1.68067226890756,0.595238095238095,9925.21238938053,9551.59146341463,164.053097345131,56.5182926829275,1.68067226890755,0.595238095238102
6,31,122,2548,NA,1,13,NA,0.826446280991736,0.512820512820513,NA,0.826446280991736,0.512820512820513,10007.2389380531,9600.57398373984,82.0265486725657,48.982520325204,0.826446280991729,0.51282051282052
7,32,123,2557,NA,1,9,NA,0.819672131147541,0.353218210361068,NA,0.819672131147541,0.353218210361068,10089.2654867257,9634.48495934959,82.0265486725657,33.9109756097569,0.819672131147535,0.353218210361075
8,33,124,2566,NA,1,9,NA,0.813008130081301,0.351974970668752,NA,0.813008130081301,0.351974970668752,10171.2920353982,9668.39593495935,82.0265486725657,33.910975609755,0.813008130081294,0.351974970668741
9,34,126,2582,NA,2,16,NA,1.61290322580645,0.623538581449727,NA,1.61290322580645,0.623538581449727,10335.3451327434,9728.68211382114,164.053097345133,60.2861788617884,1.61290322580646,0.623538581449725
10,35,127,2593,NA,1,11,NA,0.793650793650794,0.426026336173509,NA,0.793650793650794,0.426026336173509,10417.3716814159,9770.12886178862,82.0265486725657,41.4467479674786,0.793650793650788,0.426026336173498
11,36,128,2604,NA,1,11,NA,0.78740157480315,0.42421905129194,NA,0.78740157480315,0.42421905129194,10499.3982300885,9811.5756097561,82.0265486725657,41.4467479674786,0.787401574803144,0.424219051291929
12,37,130,2613,NA,2,9,NA,1.5625,0.345622119815668,NA,1.5625,0.345622119815668,10663.4513274336,9845.48658536585,164.053097345133,33.910975609755,1.56250000000001,0.345622119815657
13,38,132,2624,NA,2,11,NA,1.53846153846154,0.420972062763108,NA,1.53846153846154,0.420972062763108,10827.5044247788,9886.93333333333,164.053097345131,41.4467479674786,1.53846153846153,0.420972062763097
14,39,133,2631,NA,1,7,NA,0.757575757575758,0.266768292682927,NA,0.757575757575758,0.266768292682927,10909.5309734513,9913.30853658536,82.0265486725657,26.3752032520333,0.757575757575752,0.266768292682935
15,40,135,2637,NA,2,6,NA,1.50375939849624,0.228050171037628,NA,1.50375939849624,0.228050171037628,11073.5840707965,9935.91585365853,164.053097345133,22.6073170731706,1.50375939849625,0.228050171037627
16,41,136,2646,NA,1,9,NA,0.740740740740741,0.341296928327645,NA,0.740740740740741,0.341296928327645,11155.610619469,9969.82682926829,82.0265486725657,33.9109756097569,0.740740740740735,0.341296928327653
17,42,137,2654,NA,1,8,NA,0.735294117647059,0.302343159486017,NA,0.735294117647059,0.302343159486017,11237.6371681416,9999.96991869918,82.0265486725657,30.1430894308942,0.735294117647053,0.302343159486015
18,43,139,2661,NA,2,7,NA,1.45985401459854,0.263752825923135,NA,1.45985401459854,0.263752825923135,11401.6902654867,10026.3451219512,164.053097345133,26.3752032520315,1.45985401459855,0.263752825923125
19,44,140,2669,NA,1,8,NA,0.719424460431655,0.300638857572341,NA,0.719424460431655,0.300638857572341,11483.7168141593,10056.4882113821,82.0265486725657,30.1430894308942,0.719424460431649,0.30063885757234
20,45,141,2677,NA,1,8,NA,0.714285714285714,0.299737729486699,NA,0.714285714285714,0.299737729486699,11565.7433628318,10086.631300813,82.0265486725657,30.1430894308942,0.714285714285709,0.299737729486698
21,46,142,2683,NA,1,6,NA,0.709219858156028,0.224131490474412,NA,0.709219858156028,0.224131490474412,11647.7699115044,10109.2386178862,82.0265486725657,22.6073170731725,0.709219858156023,0.224131490474429
22,47,142,2687,NA,0,4,NA,0,0.149086843086098,NA,0,0.149086843086098,11647.7699115044,10124.3101626016,0,15.0715447154471,0,0.149086843086097
23,48,143,2691,NA,1,4,NA,0.704225352112676,0.148864905098623,NA,0.704225352112676,0.148864905098623,11729.796460177,10139.3817073171,82.0265486725657,15.0715447154471,0.704225352112671,0.148864905098622
24,49,143,2698,NA,0,7,NA,0,0.260126347082869,NA,0,0.260126347082869,11729.796460177,10165.7569105691,0,26.3752032520333,0,0.260126347082877
25,50,144,2705,NA,1,7,NA,0.699300699300699,0.259451445515196,NA,0.699300699300699,0.259451445515196,11811.8230088495,10192.1321138211,82.0265486725675,26.3752032520333,0.69930069930071,0.259451445515204
26,51,144,2711,NA,0,6,NA,0,0.22181146025878,NA,0,0.22181146025878,11811.8230088495,10214.7394308943,0,22.6073170731688,0,0.221811460258761
27,52,145,2716,NA,1,5,NA,0.694444444444444,0.184433788270011,NA,0.694444444444444,0.184433788270011,11893.8495575221,10233.5788617886,82.0265486725657,18.8394308943098,0.694444444444439,0.184433788270019
28,53,145,2720,NA,0,4,NA,0,0.147275405007364,NA,0,0.147275405007364,11893.8495575221,10248.6504065041,0,15.0715447154471,0,0.147275405007363
29,54,145,2722,NA,0,2,NA,0,0.0735294117647059,NA,0,0.0735294117647059,11893.8495575221,10256.1861788618,0,7.53577235772354,0,0.0735294117647056
30,55,146,2726,NA,1,4,NA,0.689655172413793,0.14695077149155,NA,0.689655172413793,0.14695077149155,11975.8761061947,10271.2577235772,82.0265486725657,15.0715447154489,0.689655172413788,0.146950771491567
31,56,146,2729,NA,0,3,NA,0,0.110051357300073,NA,0,0.110051357300073,11975.8761061947,10282.5613821138,0,11.3036585365844,0,0.110051357300064
32,57,146,2732,NA,0,3,NA,0,0.109930377427629,NA,0,0.109930377427629,11975.8761061947,10293.8650406504,0,11.3036585365862,0,0.109930377427638
33,58,147,2738,NA,1,6,NA,0.684931506849315,0.219619326500732,NA,0.684931506849315,0.219619326500732,12057.9026548672,10316.4723577236,82.0265486725675,22.6073170731725,0.684931506849325,0.219619326500749
34,59,147,2741,NA,0,3,NA,0,0.109569028487947,NA,0,0.109569028487947,12057.9026548672,10327.7760162602,0,11.3036585365862,0,0.109569028487956
35,60,147,NA,NA,0,NA,NA,0,NA,NA,0,NA,12057.9026548672,NA,0,NA,0,NA
36,61,147,NA,NA,0,NA,NA,0,NA,NA,0,NA,12057.9026548672,NA,0,NA,0,NA
37,62,147,NA,NA,0,NA,NA,0,NA,NA,0,NA,12057.9026548672,NA,0,NA,0,NA
38,63,147,NA,NA,0,NA,NA,0,NA,NA,0,NA,12057.9026548672,NA,0,NA,0,NA
39,64,148,NA,NA,1,NA,NA,0.680272108843537,NA,NA,0.680272108843537,NA,12139.9292035398,NA,82.0265486725657,NA,0.680272108843532,NA
40,65,148,NA,NA,0,NA,NA,0,NA,NA,0,NA,12139.9292035398,NA,0,NA,0,NA
41,66,148,NA,NA,0,NA,NA,0,NA,NA,0,NA,12139.9292035398,NA,0,NA,0,NA
42,67,148,NA,NA,0,NA,NA,0,NA,NA,0,NA,12139.9292035398,NA,0,NA,0,NA
43,68,148,NA,NA,0,NA,NA,0,NA,NA,0,NA,12139.9292035398,NA,0,NA,0,NA
44,69,148,NA,NA,0,NA,NA,0,NA,NA,0,NA,12139.9292035398,NA,0,NA,0,NA
45,70,148,NA,NA,0,NA,NA,0,NA,NA,0,NA,12139.9292035398,NA,0,NA,0,NA
46,71,148,NA,NA,0,NA,NA,0,NA,NA,0,NA,12139.9292035398,NA,0,NA,0,NA
47,72,149,NA,NA,1,NA,NA,0.675675675675676,NA,NA,0.675675675675676,NA,12221.9557522124,NA,82.0265486725675,NA,0.675675675675686,NA
48,73,149,NA,NA,0,NA,NA,0,NA,NA,0,NA,12221.9557522124,NA,0,NA,0,NA
49,74,149,NA,NA,0,NA,NA,0,NA,NA,0,NA,12221.9557522124,NA,0,NA,0,NA
50,75,149,NA,NA,0,NA,NA,0,NA,NA,0,NA,12221.9557522124,NA,0,NA,0,NA
51,76,149,NA,NA,0,NA,NA,0,NA,NA,0,NA,12221.9557522124,NA,0,NA,0,NA
52,77,149,NA,NA,0,NA,NA,0,NA,NA,0,NA,12221.9557522124,NA,0,NA,0,NA
53,78,149,NA,NA,0,NA,NA,0,NA,NA,0,NA,12221.9557522124,NA,0,NA,0,NA
54,79,150,NA,NA,1,NA,NA,0.671140939597315,NA,NA,0.671140939597315,NA,12303.9823008849,NA,82.0265486725675,NA,0.671140939597325,NA
55,80,150,NA,NA,0,NA,NA,0,NA,NA,0,NA,12303.9823008849,NA,0,NA,0,NA
56,81,151,NA,NA,1,NA,NA,0.666666666666667,NA,NA,0.666666666666667,NA,12386.0088495575,NA,82.0265486725657,NA,0.666666666666662,NA
57,82,151,NA,NA,0,NA,NA,0,NA,NA,0,NA,12386.0088495575,NA,0,NA,0,NA
58,83,151,NA,NA,0,NA,NA,0,NA,NA,0,NA,12386.0088495575,NA,0,NA,0,NA
59,84,152,NA,NA,1,NA,NA,0.662251655629139,NA,NA,0.662251655629139,NA,12468.0353982301,NA,82.0265486725675,NA,0.662251655629149,NA
60,85,152,NA,NA,0,NA,NA,0,NA,NA,0,NA,12468.0353982301,NA,0,NA,0,NA
61,86,152,NA,NA,0,NA,NA,0,NA,NA,0,NA,12468.0353982301,NA,0,NA,0,NA
62,87,152,NA,NA,0,NA,NA,0,NA,NA,0,NA,12468.0353982301,NA,0,NA,0,NA
63,88,152,NA,NA,0,NA,NA,0,NA,NA,0,NA,12468.0353982301,NA,0,NA,0,NA
64,89,153,NA,NA,1,NA,NA,0.657894736842105,NA,NA,0.657894736842105,NA,12550.0619469026,NA,82.0265486725657,NA,0.6578947368421,NA
65,90,153,NA,NA,0,NA,NA,0,NA,NA,0,NA,12550.0619469026,NA,0,NA,0,NA
66,91,153,NA,NA,0,NA,NA,0,NA,NA,0,NA,12550.0619469026,NA,0,NA,0,NA
67,92,154,NA,NA,1,NA,NA,0.65359477124183,NA,NA,0.65359477124183,NA,12632.0884955752,NA,82.0265486725657,NA,0.653594771241825,NA
68,93,154,NA,NA,0,NA,NA,0,NA,NA,0,NA,12632.0884955752,NA,0,NA,0,NA
69,94,154,NA,NA,0,NA,NA,0,NA,NA,0,NA,12632.0884955752,NA,0,NA,0,NA
70,95,155,NA,NA,1,NA,NA,0.649350649350649,NA,NA,0.649350649350649,NA,12714.1150442478,NA,82.0265486725675,NA,0.649350649350659,NA
71,96,155,NA,NA,0,NA,NA,0,NA,NA,0,NA,12714.1150442478,NA,0,NA,0,NA
72,97,156,NA,NA,1,NA,NA,0.645161290322581,NA,NA,0.645161290322581,NA,12796.1415929203,NA,82.0265486725657,NA,0.645161290322576,NA
73,98,157,NA,NA,1,NA,NA,0.641025641025641,NA,NA,0.641025641025641,NA,12878.1681415929,NA,82.0265486725657,NA,0.641025641025636,NA
74,99,157,NA,NA,0,NA,NA,0,NA,NA,0,NA,12878.1681415929,NA,0,NA,0,NA
75,100,158,NA,NA,1,NA,NA,0.636942675159236,NA,NA,0.636942675159236,NA,12960.1946902655,NA,82.0265486725657,NA,0.636942675159231,NA
76,101,158,NA,NA,0,NA,NA,0,NA,NA,0,NA,12960.1946902655,NA,0,NA,0,NA
77,102,159,NA,NA,1,NA,NA,0.632911392405063,NA,NA,0.632911392405063,NA,13042.221238938,NA,82.0265486725675,NA,0.632911392405073,NA
78,103,160,NA,NA,1,NA,NA,0.628930817610063,NA,NA,0.628930817610063,NA,13124.2477876106,NA,82.0265486725657,NA,0.628930817610058,NA
79,104,160,NA,NA,0,NA,NA,0,NA,NA,0,NA,13124.2477876106,NA,0,NA,0,NA
80,105,161,NA,NA,1,NA,NA,0.625,NA,NA,0.625,NA,13206.2743362832,NA,82.0265486725675,NA,0.625000000000009,NA
81,106,161,NA,NA,0,NA,NA,0,NA,NA,0,NA,13206.2743362832,NA,0,NA,0,NA
82,107,162,NA,NA,1,NA,NA,0.62111801242236,NA,NA,0.62111801242236,NA,13288.3008849557,NA,82.0265486725657,NA,0.621118012422356,NA
