"daysFromToday","Day","Korea","Italy","X","dif.Korea","dif.Italy","dif.X","growth.Korea","growth.Italy","growth.X","prj.grKO.X","prj.grIT.X","grKO.prj.tot.X","grIT.prj.tot.X","dif.grKO.prj.tot.X","dif.grIT.prj.tot.X","growth.grKO.prj.tot.X","growth.grIT.prj.tot.X"
-84,NA,NA,NA,128,NA,NA,NA,NA,NA,NA,NA,NA,NA,NA,NA,NA,NA,NA
-83,NA,NA,NA,179,NA,NA,51,NA,NA,39.84375,NA,NA,NA,NA,NA,NA,NA,NA
-82,NA,NA,NA,218,NA,NA,39,NA,NA,21.7877094972067,NA,NA,NA,NA,NA,NA,NA,NA
-81,NA,NA,NA,256,NA,NA,38,NA,NA,17.4311926605505,NA,NA,NA,NA,NA,NA,NA,NA
-80,NA,NA,NA,317,NA,NA,61,NA,NA,23.828125,NA,NA,NA,NA,NA,NA,NA,NA
-79,NA,NA,NA,378,NA,NA,61,NA,NA,19.2429022082019,NA,NA,NA,NA,NA,NA,NA,NA
-78,NA,NA,NA,488,NA,NA,110,NA,NA,29.1005291005291,NA,NA,NA,NA,NA,NA,NA,NA
-77,NA,NA,NA,621,NA,NA,133,NA,NA,27.2540983606557,NA,NA,NA,NA,NA,NA,NA,NA
-76,NA,NA,NA,799,NA,NA,178,NA,NA,28.6634460547504,NA,NA,NA,NA,NA,NA,NA,NA
-75,NA,NA,NA,1015,NA,NA,216,NA,NA,27.0337922403004,NA,NA,NA,NA,NA,NA,NA,NA
-74,NA,NA,NA,1171,NA,NA,156,NA,NA,15.3694581280788,NA,NA,NA,NA,NA,NA,NA,NA
-73,NA,NA,NA,1277,NA,NA,106,NA,NA,9.05209222886422,NA,NA,NA,NA,NA,NA,NA,NA
-72,NA,NA,NA,1577,NA,NA,300,NA,NA,23.4925606891151,NA,NA,NA,NA,NA,NA,NA,NA
-71,NA,NA,NA,1840,NA,NA,263,NA,NA,16.6772352568167,NA,NA,NA,NA,NA,NA,NA,NA
-70,NA,NA,NA,2129,NA,NA,289,NA,NA,15.7065217391304,NA,NA,NA,NA,NA,NA,NA,NA
-69,NA,NA,NA,2461,NA,NA,332,NA,NA,15.5941756693283,NA,NA,NA,NA,NA,NA,NA,NA
-68,NA,NA,NA,2764,NA,NA,303,NA,NA,12.312068264933,NA,NA,NA,NA,NA,NA,NA,NA
-67,NA,NA,NA,2958,NA,NA,194,NA,NA,7.01881331403763,NA,NA,NA,NA,NA,NA,NA,NA
-66,NA,NA,NA,3141,NA,NA,183,NA,NA,6.18661257606491,NA,NA,NA,NA,NA,NA,NA,NA
-65,NA,NA,NA,3604,NA,NA,463,NA,NA,14.7405284941102,NA,NA,NA,NA,NA,NA,NA,NA
-64,NA,NA,20,4038,NA,NA,434,NA,NA,12.0421753607103,NA,NA,NA,NA,NA,NA,NA,NA
-63,NA,NA,29,4477,NA,9,439,NA,45,10.8717186726102,NA,NA,NA,NA,NA,NA,NA,NA
-62,NA,NA,41,4909,NA,12,432,NA,41.3793103448276,9.64931874022783,NA,NA,NA,NA,NA,NA,NA,NA
-61,NA,NA,57,5359,NA,16,450,NA,39.0243902439024,9.16683642289672,NA,NA,NA,NA,NA,NA,NA,NA
-60,NA,NA,82,5642,NA,25,283,NA,43.859649122807,5.28083597686136,NA,NA,NA,NA,NA,NA,NA,NA
-59,NA,NA,112,5880,NA,30,238,NA,36.5853658536585,4.21836228287841,NA,NA,NA,NA,NA,NA,NA,NA
-58,NA,NA,142,6441,NA,30,561,NA,26.7857142857143,9.54081632653061,NA,NA,NA,NA,NA,NA,NA,NA
-57,NA,NA,213,6908,NA,71,467,NA,50,7.25042695233659,NA,NA,NA,NA,NA,NA,NA,NA
-56,NA,NA,256,7354,NA,43,446,NA,20.18779342723,6.45628257093225,NA,NA,NA,NA,NA,NA,NA,NA
-55,NA,NA,315,7758,NA,59,404,NA,23.046875,5.49360892031547,NA,NA,NA,NA,NA,NA,NA,NA
-54,NA,NA,389,8167,NA,74,409,NA,23.4920634920635,5.27197731374065,NA,NA,NA,NA,NA,NA,NA,NA
-53,NA,NA,486,8375,NA,97,208,NA,24.9357326478149,2.54683482306845,NA,NA,NA,NA,NA,NA,NA,NA
-52,NA,NA,584,8544,NA,98,169,NA,20.1646090534979,2.01791044776119,NA,NA,NA,NA,NA,NA,NA,NA
-51,NA,NA,741,8937,NA,157,393,NA,26.8835616438356,4.5997191011236,NA,NA,NA,NA,NA,NA,NA,NA
-50,NA,NA,929,9346,NA,188,409,NA,25.3711201079622,4.57647980306591,NA,NA,NA,NA,NA,NA,NA,NA
-49,NA,NA,1155,9687,NA,226,341,NA,24.3272335844995,3.64861973036593,NA,NA,NA,NA,NA,NA,NA,NA
-48,NA,NA,1278,10049,NA,123,362,NA,10.6493506493506,3.73696706926809,NA,NA,NA,NA,NA,NA,NA,NA
-47,NA,NA,1570,10350,NA,292,301,NA,22.848200312989,2.99532291770325,NA,NA,NA,NA,NA,NA,NA,NA
-46,NA,NA,1903,10504,NA,333,154,NA,21.2101910828025,1.48792270531401,NA,NA,NA,NA,NA,NA,NA,NA
-45,NA,NA,2224,10588,NA,321,84,NA,16.8681029952706,0.7996953541508,NA,NA,NA,NA,NA,NA,NA,NA
-44,NA,NA,2665,10943,NA,441,355,NA,19.8291366906475,3.35285228560635,NA,NA,NA,NA,NA,NA,NA,NA
-43,NA,NA,3117,11234,NA,452,291,NA,16.9606003752345,2.65923421365256,NA,NA,NA,NA,NA,NA,NA,NA
-42,NA,NA,3524,11558,NA,407,324,NA,13.0574270131537,2.88410183371907,NA,NA,NA,NA,NA,NA,NA,NA
-41,NA,NA,3968,11862,NA,444,304,NA,12.5993189557321,2.63021283959162,NA,NA,NA,NA,NA,NA,NA,NA
-40,NA,NA,4498,12203,NA,530,341,NA,13.3568548387097,2.87472601584893,NA,NA,NA,NA,NA,NA,NA,NA
-39,NA,NA,5168,12372,NA,670,169,NA,14.8955091151623,1.38490535114316,NA,NA,NA,NA,NA,NA,NA,NA
-38,NA,NA,5922,12461,NA,754,89,NA,14.5897832817337,0.719366311024895,NA,NA,NA,NA,NA,NA,NA,NA
-37,NA,NA,6748,12787,NA,826,326,NA,13.9479905437352,2.61616242677153,NA,NA,NA,NA,NA,NA,NA,NA
-36,0,15,7448,13051,NA,700,264,NA,10.3734439834025,2.06459685618206,NA,NA,NA,NA,NA,NA,NA,NA
-35,1,30,8051,13328,15,603,277,100,8.09613319011815,2.12244272469543,NA,NA,NA,NA,NA,NA,NA,NA
-34,2,64,8712,13589,34,661,261,113.333333333333,8.21016022854304,1.95828331332533,NA,NA,NA,NA,NA,NA,NA,NA
-33,3,89,9369,13933,25,657,344,39.0625,7.54132231404959,2.53145926852601,NA,NA,NA,NA,NA,NA,NA,NA
-32,4,124,10150,14098,35,781,165,39.3258426966292,8.33600170775963,1.18423885738893,NA,NA,NA,NA,NA,NA,NA,NA
-31,5,145,10894,14204,21,744,106,16.9354838709677,7.33004926108374,0.75187969924812,NA,NA,NA,NA,NA,NA,NA,NA
-30,6,187,11646,14557,42,752,353,28.9655172413793,6.90288232054342,2.4852154322726,NA,NA,NA,NA,NA,NA,NA,NA
-29,7,262,12303,14837,75,657,280,40.1069518716578,5.64142194744977,1.92347324311328,NA,NA,NA,NA,NA,NA,NA,NA
-28,8,347,12814,15155,85,511,318,32.4427480916031,4.15345850605543,2.14329042259217,NA,NA,NA,NA,NA,NA,NA,NA
-27,9,468,13324,15396,121,510,241,34.8703170028818,3.98002185110036,1.59023424612339,NA,NA,NA,NA,NA,NA,NA,NA
-26,10,555,13926,15704,87,602,308,18.5897435897436,4.51816271389973,2.00051961548454,NA,NA,NA,NA,NA,NA,NA,NA
-25,11,644,14514,15810,89,588,106,16.036036036036,4.2223179663938,0.674987264391238,NA,NA,NA,NA,NA,NA,NA,NA
-24,12,770,15092,15888,126,578,78,19.5652173913043,3.98236185751688,0.493358633776091,NA,NA,NA,NA,NA,NA,NA,NA
-23,13,835,15697,16262,65,605,374,8.44155844155844,4.00874635568513,2.3539778449144,NA,NA,NA,NA,NA,NA,NA,NA
-22,14,904,16240,16510,69,543,248,8.26347305389222,3.45925973115882,1.52502767187308,NA,NA,NA,NA,NA,NA,NA,NA
-21,15,979,16694,16785,75,454,275,8.29646017699115,2.79556650246305,1.6656571774682,NA,NA,NA,NA,NA,NA,NA,NA
-20,16,1046,17076,17028,67,382,243,6.84371807967314,2.28824727446987,1.44772117962466,NA,NA,NA,NA,NA,NA,NA,NA
-19,17,1086,17560,17273,40,484,245,3.82409177820268,2.83438744436636,1.43880667136481,NA,NA,NA,NA,NA,NA,NA,NA
-18,18,1111,18089,17394,25,529,121,2.30202578268877,3.0125284738041,0.700515255022289,NA,NA,NA,NA,NA,NA,NA,NA
-17,19,1116,18587,17445,5,498,51,0.45004500450045,2.75305434241804,0.293204553294239,NA,NA,NA,NA,NA,NA,NA,NA
-16,20,1152,19178,17728,36,591,283,3.2258064516129,3.17964168504869,1.62224132989395,NA,NA,NA,NA,NA,NA,NA,NA
-15,21,1169,19693,17969,17,515,241,1.47569444444444,2.68536865157994,1.35943140794224,NA,NA,NA,NA,NA,NA,NA,NA
-14,22,1185,20090,18249,16,397,280,1.36869118905047,2.01594475194231,1.55823918971562,NA,NA,NA,NA,NA,NA,NA,NA
-13,23,1201,20465,18496,16,375,247,1.35021097046413,1.86660029865605,1.35349882185325,NA,NA,NA,NA,NA,NA,NA,NA
-12,24,1212,20801,18741,11,336,245,0.915903413821815,1.64182751038358,1.3246107266436,NA,NA,NA,NA,NA,NA,NA,NA
-11,25,1223,21277,18853,11,476,112,0.907590759075908,2.28835152156146,0.597620191025025,NA,NA,NA,NA,NA,NA,NA,NA
-10,26,1236,21717,18905,13,440,52,1.06295993458708,2.06796070874653,0.27581817217419,NA,NA,NA,NA,NA,NA,NA,NA
-9,27,1250,22157,19019,14,440,114,1.13268608414239,2.02606253165723,0.603015075376884,NA,NA,NA,NA,NA,NA,NA,NA
-8,28,1272,22541,19085,22,384,66,1.76,1.733086609198,0.347021399652979,NA,NA,NA,NA,NA,NA,NA,NA
-7,29,1285,22825,19096,13,284,11,1.02201257861635,1.2599263564172,0.0576368876080692,NA,NA,NA,NA,NA,NA,NA,NA
-6,30,1307,23169,19096,22,344,0,1.71206225680934,1.50711938663746,0,NA,NA,NA,NA,NA,NA,NA,NA
-5,31,1321,23593,19117,14,424,21,1.07115531752104,1.83003150761794,0.109970674486804,NA,NA,NA,NA,NA,NA,NA,NA
-4,32,1331,23926,19265,10,333,148,0.757002271006813,1.41143559530369,0.774180049170895,NA,NA,NA,NA,NA,NA,NA,NA
-3,33,1342,24307,19585,11,381,320,0.826446280991736,1.59240993061941,1.66104334284973,NA,NA,NA,NA,NA,NA,NA,NA
-2,34,1357,24604,19828,15,297,243,1.1177347242921,1.22187024313984,1.24074546847077,NA,NA,NA,NA,NA,NA,NA,NA
-1,35,1373,24896,20065,16,292,237,1.17907148120855,1.1867988944887,1.19527940286464,NA,NA,NA,NA,NA,NA,NA,NA
0,36,1386,25115,20181,13,219,116,0.946831755280408,0.879659383033419,0.578121106404186,NA,NA,20181,20181,116,116,NA,NA
1,37,1408,25379,NA,22,264,NA,1.58730158730159,1.05116464264384,NA,1.58730158730159,1.05116464264384,20501.3333333333,20393.135536532,320.333333333332,212.13553653195,1.58730158730158,1.05116464264383
2,38,1423,25641,NA,15,262,NA,1.06534090909091,1.03234958036172,NA,1.06534090909091,1.03234958036172,20719.7424242424,20603.6639856659,218.409090909092,210.528449133984,1.06534090909091,1.03234958036172
3,39,1435,25877,NA,12,236,NA,0.84328882642305,0.92040092040092,NA,0.84328882642305,0.92040092040092,20894.4696969697,20793.3002986263,174.727272727276,189.636312960381,0.843288826423064,0.920400920400917
4,40,1453,26125,NA,18,248,NA,1.25435540069686,0.958380028596823,NA,1.25435540069686,0.958380028596823,21156.5606060606,20992.5791359745,262.090909090912,199.2788373482,1.25435540069688,0.958380028596831
5,41,1468,26364,NA,15,239,NA,1.03234686854783,0.914832535885167,NA,1.03234686854783,0.914832535885167,21374.9696969697,21184.6260800318,218.409090909092,192.046944057332,1.03234686854784,0.914832535885149
6,42,1482,26539,NA,14,175,NA,0.953678474114441,0.663783947807616,NA,0.953678474114441,0.663783947807616,21578.8181818182,21325.2462273542,203.848484848488,140.620147322319,0.953678474114454,0.663783947807625
7,43,1494,26693,NA,12,154,NA,0.809716599190283,0.580278081314292,NA,0.809716599190283,0.580278081314292,21753.5454545455,21448.9919569978,174.727272727276,123.745729643637,0.809716599190297,0.580278081314281
8,44,1508,26828,NA,14,135,NA,0.937081659973226,0.505750571310831,NA,0.937081659973226,0.505750571310831,21957.393939394,21557.4703563607,203.848484848484,108.478399362932,0.937081659973222,0.505750571310836
9,45,1520,27010,NA,12,182,NA,0.795755968169761,0.678395705978828,NA,0.795755968169761,0.678395705978828,22132.1212121212,21703.7153095759,174.727272727272,146.24495321521,0.795755968169758,0.678395705978826
10,46,1527,27186,NA,7,176,NA,0.460526315789474,0.651610514624213,NA,0.460526315789474,0.651610514624213,22234.0454545455,21845.1390005972,101.924242424244,141.4236910213,0.46052631578948,0.651610514624206
11,47,1534,27353,NA,7,167,NA,0.45841519318926,0.614286765246818,NA,0.45841519318926,0.614286765246818,22335.9696969697,21979.3307983277,101.92424242424,134.19179773044,0.45841519318925,0.614286765246819
12,48,1542,27490,NA,8,137,NA,0.521512385919166,0.500859137937338,NA,0.521512385919166,0.500859137937338,22452.4545454546,22089.4162850886,116.484848484852,110.085486760901,0.52151238591918,0.500859137937345
13,49,1548,27591,NA,6,101,NA,0.389105058365759,0.367406329574391,NA,0.389105058365759,0.367406329574391,22539.8181818182,22170.574198686,87.363636363636,81.1579135974534,0.389105058365757,0.367406329574399
14,50,1552,27685,NA,4,94,NA,0.258397932816538,0.340690804972636,NA,0.258397932816538,0.340690804972636,22598.0606060606,22246.1073063906,58.2424242424277,75.5331077045594,0.258397932816552,0.340690804972638
15,51,1557,27861,NA,5,176,NA,0.322164948453608,0.635723315875023,NA,0.322164948453608,0.635723315875023,22670.8636363637,22387.5309974119,72.8030303030318,141.423691021304,0.322164948453615,0.635723315875031
16,52,1561,27973,NA,4,112,NA,0.256904303147078,0.401995621119127,NA,0.256904303147078,0.401995621119127,22729.1060606061,22477.5278916982,58.2424242424277,89.9968942862834,0.256904303147093,0.401995621119128
17,53,1565,28098,NA,4,125,NA,0.25624599615631,0.446859471633361,NA,0.25624599615631,0.446859471633361,22787.3484848485,22577.9708540713,58.242424242424,100.442962373083,0.256245996156309,0.446859471633357
18,54,1569,28197,NA,4,99,NA,0.255591054313099,0.352338244714926,NA,0.255591054313099,0.352338244714926,22845.5909090909,22657.5216802708,58.242424242424,79.5508261994801,0.255591054313098,0.352338244714916
19,55,1573,28308,NA,4,111,NA,0.254939451880178,0.393658899882966,NA,0.254939451880178,0.393658899882966,22903.8333333334,22746.715030858,58.242424242424,89.1933505872985,0.254939451880177,0.393658899882967
20,56,1576,28393,NA,3,85,NA,0.190718372536554,0.300268475342659,NA,0.190718372536554,0.300268475342659,22947.5151515152,22815.0162452717,43.6818181818162,68.3012144136956,0.190718372536546,0.300268475342653
21,57,1580,28449,NA,4,56,NA,0.253807106598985,0.1972317120417,NA,0.253807106598985,0.1972317120417,23005.7575757576,22860.0146924149,58.242424242424,44.998447143138,0.253807106598984,0.197231712041685
22,58,1582,28552,NA,2,103,NA,0.126582278481013,0.362051390207037,NA,0.126582278481013,0.362051390207037,23034.8787878788,22942.7796934103,29.121212121212,82.7650009954232,0.126582278481012,0.362051390207047
23,59,1583,28635,NA,1,83,NA,0.0632111251580278,0.290697674418605,NA,0.0632111251580278,0.290697674418605,23049.4393939394,23009.473820426,14.5606060606078,66.6941270157295,0.0632111251580354,0.290697674418613
24,60,1585,28716,NA,2,81,NA,0.126342387871131,0.282870612886328,NA,0.126342387871131,0.282870612886328,23078.5606060606,23074.5608600438,29.121212121212,65.0870396177561,0.12634238787113,0.282870612886318
25,61,1587,28798,NA,2,82,NA,0.126182965299685,0.285555091238334,NA,0.126182965299685,0.285555091238334,23107.6818181818,23140.4514433605,29.1212121212156,65.890583316741,0.1261829652997,0.285555091238325
26,62,1588,28883,NA,1,85,NA,0.0630119722747322,0.295159386068477,NA,0.0630119722747322,0.295159386068477,23122.2424242424,23208.7526577742,14.5606060606078,68.3012144136956,0.0630119722747398,0.295159386068471
27,63,1590,28950,NA,2,67,NA,0.125944584382872,0.231970363189419,NA,0.125944584382872,0.231970363189419,23151.3636363637,23262.5900856062,29.121212121212,53.8374278319752,0.125944584382871,0.231970363189429
28,64,1592,28987,NA,2,37,NA,0.125786163522013,0.127806563039724,NA,0.125786163522013,0.127806563039724,23180.4848484849,23292.3212024686,29.121212121212,29.7311168624328,0.125786163522012,0.127806563039724
29,65,1593,29037,NA,1,50,NA,0.0628140703517588,0.17249111670749,NA,0.0628140703517588,0.17249111670749,23195.0454545455,23332.4983874179,14.5606060606042,40.1771849492361,0.0628140703517506,0.172491116707501
30,66,1595,29111,NA,2,74,NA,0.125549278091651,0.254847263835796,NA,0.125549278091651,0.254847263835796,23224.1666666667,23391.9606211427,29.121212121212,59.4622337248657,0.12554927809165,0.254847263835796
31,67,1597,NA,NA,2,NA,NA,0.125391849529781,NA,NA,0.125391849529781,NA,23253.2878787879,NA,29.121212121212,NA,0.12539184952978,NA
32,68,1598,NA,NA,1,NA,NA,0.0626174076393237,NA,NA,0.0626174076393237,NA,23267.8484848485,NA,14.5606060606078,NA,0.0626174076393313,NA
33,69,1599,NA,NA,1,NA,NA,0.0625782227784731,NA,NA,0.0625782227784731,NA,23282.4090909091,NA,14.5606060606042,NA,0.062578222778465,NA
34,70,1600,NA,NA,1,NA,NA,0.0625390869293308,NA,NA,0.0625390869293308,NA,23296.9696969697,NA,14.5606060606042,NA,0.0625390869293227,NA
35,71,1601,NA,NA,1,NA,NA,0.0625,NA,NA,0.0625,NA,23311.5303030303,NA,14.5606060606078,NA,0.0625000000000075,NA
36,72,1603,NA,NA,2,NA,NA,0.124921923797626,NA,NA,0.124921923797626,NA,23340.6515151515,NA,29.121212121212,NA,0.124921923797626,NA
37,73,1604,NA,NA,1,NA,NA,0.0623830318153462,NA,NA,0.0623830318153462,NA,23355.2121212121,NA,14.5606060606042,NA,0.0623830318153381,NA
38,74,1605,NA,NA,1,NA,NA,0.0623441396508728,NA,NA,0.0623441396508728,NA,23369.7727272727,NA,14.5606060606042,NA,0.0623441396508647,NA
39,75,1605,NA,NA,0,NA,NA,0,NA,NA,0,NA,23369.7727272727,NA,0,NA,0,NA
40,76,1606,NA,NA,1,NA,NA,0.0623052959501558,NA,NA,0.0623052959501558,NA,23384.3333333334,NA,14.5606060606042,NA,0.0623052959501477,NA
41,77,1607,NA,NA,1,NA,NA,0.062266500622665,NA,NA,0.062266500622665,NA,23398.893939394,NA,14.5606060606078,NA,0.0622665006226725,NA
42,78,1610,NA,NA,3,NA,NA,0.186683260734287,NA,NA,0.186683260734287,NA,23442.5757575758,NA,43.6818181818162,NA,0.186683260734279,NA
43,79,1615,NA,NA,5,NA,NA,0.31055900621118,NA,NA,0.31055900621118,NA,23515.3787878788,NA,72.8030303030282,NA,0.310559006211171,NA
44,80,1620,NA,NA,5,NA,NA,0.309597523219814,NA,NA,0.309597523219814,NA,23588.1818181818,NA,72.8030303030318,NA,0.309597523219821,NA
45,81,1624,NA,NA,4,NA,NA,0.246913580246914,NA,NA,0.246913580246914,NA,23646.4242424243,NA,58.242424242424,NA,0.246913580246912,NA
46,82,1628,NA,NA,4,NA,NA,0.246305418719212,NA,NA,0.246305418719212,NA,23704.6666666667,NA,58.242424242424,NA,0.246305418719211,NA
47,83,1632,NA,NA,4,NA,NA,0.245700245700246,NA,NA,0.245700245700246,NA,23762.9090909091,NA,58.2424242424277,NA,0.24570024570026,NA
48,84,1636,NA,NA,4,NA,NA,0.245098039215686,NA,NA,0.245098039215686,NA,23821.1515151515,NA,58.242424242424,NA,0.245098039215685,NA
49,85,1639,NA,NA,3,NA,NA,0.183374083129584,NA,NA,0.183374083129584,NA,23864.8333333334,NA,43.6818181818198,NA,0.183374083129591,NA
50,86,1641,NA,NA,2,NA,NA,0.12202562538133,NA,NA,0.12202562538133,NA,23893.9545454546,NA,29.121212121212,NA,0.12202562538133,NA
51,87,1643,NA,NA,2,NA,NA,0.12187690432663,NA,NA,0.12187690432663,NA,23923.0757575758,NA,29.121212121212,NA,0.12187690432663,NA
52,88,1645,NA,NA,2,NA,NA,0.121728545343883,NA,NA,0.121728545343883,NA,23952.196969697,NA,29.1212121212156,NA,0.121728545343898,NA
53,89,1650,NA,NA,5,NA,NA,0.303951367781155,NA,NA,0.303951367781155,NA,24025,NA,72.8030303030318,NA,0.303951367781161,NA
54,90,1652,NA,NA,2,NA,NA,0.121212121212121,NA,NA,0.121212121212121,NA,24054.1212121212,NA,29.121212121212,NA,0.121212121212121,NA
55,91,1655,NA,NA,3,NA,NA,0.181598062953995,NA,NA,0.181598062953995,NA,24097.8030303031,NA,43.6818181818162,NA,0.181598062953987,NA
56,92,1658,NA,NA,3,NA,NA,0.181268882175227,NA,NA,0.181268882175227,NA,24141.4848484849,NA,43.6818181818162,NA,0.181268882175218,NA
57,93,1662,NA,NA,4,NA,NA,0.241254523522316,NA,NA,0.241254523522316,NA,24199.7272727273,NA,58.2424242424204,NA,0.2412545235223,NA
58,94,1664,NA,NA,2,NA,NA,0.120336943441637,NA,NA,0.120336943441637,NA,24228.8484848485,NA,29.1212121212156,NA,0.120336943441651,NA
59,95,1667,NA,NA,3,NA,NA,0.180288461538462,NA,NA,0.180288461538462,NA,24272.5303030303,NA,43.6818181818162,NA,0.180288461538453,NA
60,96,1673,NA,NA,6,NA,NA,0.359928014397121,NA,NA,0.359928014397121,NA,24359.893939394,NA,87.363636363636,NA,0.359928014397119,NA
61,97,1685,NA,NA,12,NA,NA,0.717274357441722,NA,NA,0.717274357441722,NA,24534.6212121212,NA,174.727272727268,NA,0.717274357441703,NA
