"daysFromToday","Day","Korea","Italy","X","dif.Korea","dif.Italy","dif.X","growth.Korea","growth.Italy","growth.X","prj.grKO.X","prj.grIT.X","grKO.prj.tot.X","grIT.prj.tot.X","dif.grKO.prj.tot.X","dif.grIT.prj.tot.X","growth.grKO.prj.tot.X","growth.grIT.prj.tot.X"
-75,NA,NA,NA,107,NA,NA,NA,NA,NA,NA,NA,NA,NA,NA,NA,NA,NA,NA
-74,NA,NA,NA,149,NA,NA,42,NA,NA,39.2523364485981,NA,NA,NA,NA,NA,NA,NA,NA
-73,NA,NA,NA,190,NA,NA,41,NA,NA,27.5167785234899,NA,NA,NA,NA,NA,NA,NA,NA
-72,NA,NA,NA,244,NA,NA,54,NA,NA,28.4210526315789,NA,NA,NA,NA,NA,NA,NA,NA
-71,NA,NA,NA,288,NA,NA,44,NA,NA,18.0327868852459,NA,NA,NA,NA,NA,NA,NA,NA
-70,NA,NA,NA,349,NA,NA,61,NA,NA,21.1805555555556,NA,NA,NA,NA,NA,NA,NA,NA
-69,NA,NA,NA,423,NA,NA,74,NA,NA,21.2034383954155,NA,NA,NA,NA,NA,NA,NA,NA
-68,NA,NA,NA,580,NA,NA,157,NA,NA,37.1158392434988,NA,NA,NA,NA,NA,NA,NA,NA
-67,NA,NA,NA,774,NA,NA,194,NA,NA,33.448275862069,NA,NA,NA,NA,NA,NA,NA,NA
-66,NA,NA,NA,992,NA,NA,218,NA,NA,28.1653746770026,NA,NA,NA,NA,NA,NA,NA,NA
-65,NA,NA,NA,1239,NA,NA,247,NA,NA,24.8991935483871,NA,NA,NA,NA,NA,NA,NA,NA
-64,NA,NA,NA,1413,NA,NA,174,NA,NA,14.043583535109,NA,NA,NA,NA,NA,NA,NA,NA
-63,NA,NA,NA,1660,NA,NA,247,NA,NA,17.4805378627035,NA,NA,NA,NA,NA,NA,NA,NA
-62,NA,NA,NA,1985,NA,NA,325,NA,NA,19.578313253012,NA,NA,NA,NA,NA,NA,NA,NA
-61,NA,NA,NA,2331,NA,NA,346,NA,NA,17.4307304785894,NA,NA,NA,NA,NA,NA,NA,NA
-60,NA,NA,NA,2758,NA,NA,427,NA,NA,18.3183183183183,NA,NA,NA,NA,NA,NA,NA,NA
-59,NA,NA,NA,3125,NA,NA,367,NA,NA,13.3067440174039,NA,NA,NA,NA,NA,NA,NA,NA
-58,NA,NA,15,3609,NA,NA,484,NA,NA,15.488,NA,NA,NA,NA,NA,NA,NA,NA
-57,NA,NA,23,4045,NA,8,436,NA,53.3333333333333,12.0809088390136,NA,NA,NA,NA,NA,NA,NA,NA
-56,NA,NA,32,4371,NA,9,326,NA,39.1304347826087,8.05933250927071,NA,NA,NA,NA,NA,NA,NA,NA
-55,NA,NA,45,5529,NA,13,1158,NA,40.625,26.4927934111187,NA,NA,NA,NA,NA,NA,NA,NA
-54,NA,NA,65,6185,NA,20,656,NA,44.4444444444444,11.864713329716,NA,NA,NA,NA,NA,NA,NA,NA
-53,NA,NA,89,6968,NA,24,783,NA,36.9230769230769,12.6596604688763,NA,NA,NA,NA,NA,NA,NA,NA
-52,NA,NA,113,7694,NA,24,726,NA,26.9662921348315,10.4190585533869,NA,NA,NA,NA,NA,NA,NA,NA
-51,NA,NA,169,8225,NA,56,531,NA,49.5575221238938,6.90148167403171,NA,NA,NA,NA,NA,NA,NA,NA
-50,NA,NA,204,8936,NA,35,711,NA,20.7100591715976,8.64437689969605,NA,NA,NA,NA,NA,NA,NA,NA
-49,NA,NA,250,9472,NA,46,536,NA,22.5490196078431,5.99820948970457,NA,NA,NA,NA,NA,NA,NA,NA
-48,NA,NA,309,10032,NA,59,560,NA,23.6,5.91216216216216,NA,NA,NA,NA,NA,NA,NA,NA
-47,NA,NA,386,10784,NA,77,752,NA,24.9190938511327,7.49601275917065,NA,NA,NA,NA,NA,NA,NA,NA
-46,NA,NA,464,11572,NA,78,788,NA,20.2072538860104,7.30712166172107,NA,NA,NA,NA,NA,NA,NA,NA
-45,NA,NA,588,12308,NA,124,736,NA,26.7241379310345,6.36017974421016,NA,NA,NA,NA,NA,NA,NA,NA
-44,NA,NA,737,12830,NA,149,522,NA,25.3401360544218,4.24114397140071,NA,NA,NA,NA,NA,NA,NA,NA
-43,NA,NA,917,13684,NA,180,854,NA,24.4233378561737,6.65627435697584,NA,NA,NA,NA,NA,NA,NA,NA
-42,NA,NA,1015,14193,NA,98,509,NA,10.6870229007634,3.71967261034785,NA,NA,NA,NA,NA,NA,NA,NA
-41,NA,NA,1246,14775,NA,231,582,NA,22.7586206896552,4.1006129782287,NA,NA,NA,NA,NA,NA,NA,NA
-40,NA,NA,1511,15737,NA,265,962,NA,21.2680577849117,6.51099830795262,NA,NA,NA,NA,NA,NA,NA,NA
-39,NA,NA,1766,16616,NA,255,879,NA,16.8762409000662,5.58556268666201,NA,NA,NA,NA,NA,NA,NA,NA
-38,NA,NA,2116,17766,NA,350,1150,NA,19.8187995469989,6.92103996148291,NA,NA,NA,NA,NA,NA,NA,NA
-37,0,12,2474,18581,NA,358,815,NA,16.9187145557656,4.58741416188225,NA,NA,NA,NA,NA,NA,NA,NA
-36,1,24,2798,19487,12,324,906,100,13.0962004850445,4.87594854959367,NA,NA,NA,NA,NA,NA,NA,NA
-35,2,51,3150,20113,27,352,626,112.5,12.5804145818442,3.21239800892903,NA,NA,NA,NA,NA,NA,NA,NA
-34,3,71,3571,20849,20,421,736,39.2156862745098,13.3650793650794,3.6593248147964,NA,NA,NA,NA,NA,NA,NA,NA
-33,4,98,4103,21742,27,532,893,38.0281690140845,14.8977877345281,4.28317904935489,NA,NA,NA,NA,NA,NA,NA,NA
-32,5,115,4702,23472,17,599,1730,17.3469387755102,14.5990738484036,7.95694968264189,NA,NA,NA,NA,NA,NA,NA,NA
-31,6,149,5357,24473,34,655,1001,29.5652173913043,13.9302424500213,4.26465576005453,NA,NA,NA,NA,NA,NA,NA,NA
-30,7,208,5913,25462,59,556,989,39.5973154362416,10.3789434384917,4.04118824827361,NA,NA,NA,NA,NA,NA,NA,NA
-29,8,276,6392,26408,68,479,946,32.6923076923077,8.10079485878573,3.71534050742283,NA,NA,NA,NA,NA,NA,NA,NA
-28,9,371,6917,27117,95,525,709,34.4202898550725,8.21339173967459,2.68479248712511,NA,NA,NA,NA,NA,NA,NA,NA
-27,10,441,7438,28163,70,521,1046,18.8679245283019,7.53216712447593,3.85735885238043,NA,NA,NA,NA,NA,NA,NA,NA
-26,11,511,8058,29374,70,620,1211,15.8730158730159,8.33557407905351,4.29996804317722,NA,NA,NA,NA,NA,NA,NA,NA
-25,12,612,8649,30485,101,591,1111,19.7651663405088,7.3343261355175,3.78225641723974,NA,NA,NA,NA,NA,NA,NA,NA
-24,13,663,9246,31534,51,597,1049,8.33333333333333,6.90253208463406,3.44103657536493,NA,NA,NA,NA,NA,NA,NA,NA
-23,14,718,9768,32587,55,522,1053,8.29562594268477,5.64568462037638,3.33925286991818,NA,NA,NA,NA,NA,NA,NA,NA
-22,15,777,10173,33373,59,405,786,8.21727019498607,4.14619164619165,2.41200478718507,NA,NA,NA,NA,NA,NA,NA,NA
-21,16,830,10578,34061,53,405,688,6.82110682110682,3.98112651135358,2.06154675935637,NA,NA,NA,NA,NA,NA,NA,NA
-20,17,862,11056,34812,32,478,751,3.85542168674699,4.51881262998676,2.20486773729485,NA,NA,NA,NA,NA,NA,NA,NA
-19,18,882,11523,35903,20,467,1091,2.32018561484919,4.2239507959479,3.13397678961278,NA,NA,NA,NA,NA,NA,NA,NA
-18,19,886,11982,36986,4,459,1083,0.453514739229025,3.98333767248113,3.01646101997048,NA,NA,NA,NA,NA,NA,NA,NA
-17,20,914,12462,37968,28,480,982,3.16027088036117,4.00600901352028,2.65505867084843,NA,NA,NA,NA,NA,NA,NA,NA
-16,21,928,12894,38804,14,432,836,1.53172866520788,3.46653827636014,2.20185419300464,NA,NA,NA,NA,NA,NA,NA,NA
-15,22,941,13254,39762,13,360,958,1.40086206896552,2.7919962773383,2.46881764766519,NA,NA,NA,NA,NA,NA,NA,NA
-14,23,954,13557,41546,13,303,1784,1.38150903294368,2.28610230873699,4.48669584024948,NA,NA,NA,NA,NA,NA,NA,NA
-13,24,962,13941,42323,8,384,777,0.838574423480084,2.83248506306705,1.8702161459587,NA,NA,NA,NA,NA,NA,NA,NA
-12,25,971,14361,43531,9,420,1208,0.935550935550936,3.0126963632451,2.85424001134135,NA,NA,NA,NA,NA,NA,NA,NA
-11,26,981,14756,44424,10,395,893,1.02986611740474,2.75050483949586,2.05141163768349,NA,NA,NA,NA,NA,NA,NA,NA
-10,27,992,15226,45495,11,470,1071,1.12130479102956,3.18514502575224,2.41085899513776,NA,NA,NA,NA,NA,NA,NA,NA
-9,28,1010,15635,46313,18,409,818,1.81451612903226,2.68619466701694,1.79799978019563,NA,NA,NA,NA,NA,NA,NA,NA
-8,29,1020,15950,47152,10,315,839,0.99009900990099,2.01471058522546,1.81158637963423,NA,NA,NA,NA,NA,NA,NA,NA
-7,30,1038,16247,47687,18,297,535,1.76470588235294,1.86206896551724,1.13462843569732,NA,NA,NA,NA,NA,NA,NA,NA
-6,31,1049,16514,48423,11,267,736,1.0597302504817,1.6433803163661,1.54339757166523,NA,NA,NA,NA,NA,NA,NA,NA
-5,32,1057,16893,49709,8,379,1286,0.762631077216397,2.29502240523192,2.65576275736737,NA,NA,NA,NA,NA,NA,NA,NA
-4,33,1066,17242,50988,9,349,1279,0.851466414380322,2.0659444740425,2.57297471282866,NA,NA,NA,NA,NA,NA,NA,NA
-3,34,1077,17591,52015,11,349,1027,1.03189493433396,2.02412713142327,2.01419941947125,NA,NA,NA,NA,NA,NA,NA,NA
-2,35,1090,17896,52778,13,305,763,1.20705663881151,1.73384116877949,1.46688455253292,NA,NA,NA,NA,NA,NA,NA,NA
-1,36,1100,18121,53327,10,225,549,0.917431192660551,1.25726419311578,1.04020614650044,NA,NA,NA,NA,NA,NA,NA,NA
0,37,1118,18394,54175,18,273,848,1.63636363636364,1.50653937420672,1.59018883492415,NA,NA,54175,54175,848,848,NA,NA
1,38,1130,18731,NA,12,337,NA,1.07334525939177,1.83211916929434,NA,1.07334525939177,1.83211916929434,54756.4847942755,55167.5505599652,581.484794275493,992.550559965202,1.07334525939177,1.83211916929433
2,39,1139,18996,NA,9,265,NA,0.79646017699115,1.41476696385671,NA,0.79646017699115,1.41476696385671,55192.5983899821,55948.0428400565,436.113595706622,780.492280091341,0.796460176991155,1.41476696385672
3,40,1154,19298,NA,15,302,NA,1.31694468832309,1.58980838071173,NA,1.31694468832309,1.58980838071173,55919.4543828265,56837.5095139719,726.855992844365,889.466673915405,1.31694468832309,1.58980838071173
4,41,1166,19533,NA,12,235,NA,1.03986135181976,1.21774277127163,NA,1.03986135181976,1.21774277127163,56500.939177102,57529.6441774492,581.484794275486,692.134663477213,1.03986135181975,1.21774277127162
5,42,1176,19766,NA,10,233,NA,0.857632933104631,1.19285312036042,NA,0.857632933104631,1.19285312036042,56985.5098389982,58215.8883331521,484.570661896243,686.244155702945,0.857632933104631,1.19285312036041
6,43,1187,19940,NA,11,174,NA,0.935374149659864,0.88029950419913,NA,0.935374149659864,0.88029950419913,57518.5375670841,58728.362509514,533.027728085872,512.474176361851,0.935374149659871,0.88029950419912
7,44,1198,20149,NA,11,209,NA,0.92670598146588,1.0481444332999,NA,0.92670598146588,1.0481444332999,58051.5652951699,59343.9205719256,533.027728085865,615.558062411656,0.926705981465875,1.0481444332999
8,45,1207,20357,NA,9,208,NA,0.751252086811352,1.03230929574669,NA,0.751252086811352,1.03230929574669,58487.6788908766,59956.5333804501,436.113595706614,612.612808524522,0.751252086811344,1.03230929574669
9,46,1213,20545,NA,6,188,NA,0.497100248550124,0.923515252738616,NA,0.497100248550124,0.923515252738616,58778.4212880143,60510.2411112319,290.742397137743,553.707730781774,0.497100248550119,0.923515252738612
10,47,1218,20741,NA,5,196,NA,0.412201154163232,0.954003407155026,NA,0.412201154163232,0.954003407155026,59020.7066189624,61087.5108731108,242.285330948122,577.269761878881,0.412201154163232,0.954003407155038
11,48,1224,20931,NA,6,190,NA,0.492610837438424,0.916059977821706,NA,0.492610837438424,0.916059977821706,59311.4490161002,61647.1091116668,290.74239713775,559.598238556056,0.492610837438431,0.916059977821715
12,49,1229,21070,NA,5,139,NA,0.408496732026144,0.664086761263198,NA,0.408496732026144,0.664086761263198,59553.7343470483,62056.4994019789,242.285330948122,409.390290312054,0.408496732026144,0.664086761263192
13,50,1232,21192,NA,3,122,NA,0.244100895036615,0.579022306597057,NA,0.244100895036615,0.579022306597057,59699.1055456172,62415.8203762096,145.371198568871,359.320974230723,0.244100895036613,0.57902230659705
14,51,1236,21300,NA,4,108,NA,0.324675324675325,0.509626274065685,NA,0.324675324675325,0.509626274065685,59892.9338103757,62733.9077960204,193.8282647585,318.087419810807,0.324675324675329,0.509626274065683
15,52,1240,21444,NA,4,144,NA,0.323624595469256,0.676056338028169,NA,0.323624595469256,0.676056338028169,60086.7620751342,63158.0243557682,193.8282647585,424.116559747737,0.32362459546926,0.676056338028159
16,53,1243,21584,NA,3,140,NA,0.241935483870968,0.652863271777653,NA,0.241935483870968,0.652863271777653,60232.133273703,63570.3598999674,145.371198568871,412.335544199195,0.241935483870965,0.652863271777653
17,54,1246,21717,NA,3,133,NA,0.241351568785197,0.616197183098592,NA,0.241351568785197,0.616197183098592,60377.5044722719,63962.0786669566,145.371198568871,391.718766989237,0.241351568785195,0.616197183098595
18,55,1249,21825,NA,3,108,NA,0.240770465489567,0.49730625777041,NA,0.240770465489567,0.49730625777041,60522.8756708408,64280.1660867674,145.371198568871,318.087419810799,0.240770465489564,0.497306257770397
19,56,1251,21905,NA,2,80,NA,0.160128102481986,0.366552119129439,NA,0.160128102481986,0.366552119129439,60619.78980322,64515.7863977384,96.9141323792501,235.620310970968,0.160128102481988,0.366552119129437
20,57,1254,21980,NA,3,75,NA,0.239808153477218,0.342387582743666,NA,0.239808153477218,0.342387582743666,60765.1610017889,64736.6804392737,145.371198568871,220.894041535292,0.239808153477216,0.342387582743679
21,58,1256,22120,NA,2,140,NA,0.159489633173844,0.636942675159236,NA,0.159489633173844,0.636942675159236,60862.0751341682,65149.0159834729,96.9141323792501,412.335544199195,0.159489633173846,0.636942675159236
22,59,1257,22209,NA,1,89,NA,0.0796178343949045,0.402350813743219,NA,0.0796178343949045,0.402350813743219,60910.5322003578,65411.1435794281,48.4570661896214,262.127595955208,0.0796178343948997,0.402350813743226
23,60,1259,22308,NA,2,99,NA,0.159108989657916,0.445765230312036,NA,0.159108989657916,0.445765230312036,61007.446332737,65702.7237142546,96.9141323792501,291.580134826574,0.159108989657918,0.445765230312036
24,61,1260,22387,NA,1,79,NA,0.079428117553614,0.354133046440739,NA,0.079428117553614,0.354133046440739,61055.9033989266,65935.3987713385,48.4570661896214,232.675057083834,0.0794281175536092,0.354133046440742
25,62,1261,22474,NA,1,87,NA,0.0793650793650794,0.388618394604011,NA,0.0793650793650794,0.388618394604011,61104.3604651163,66191.6358595194,48.4570661896214,256.237088180918,0.0793650793650746,0.388618394603996
26,63,1263,22542,NA,2,68,NA,0.158604282315623,0.302571860816944,NA,0.158604282315623,0.302571860816944,61201.2745974955,66391.9131238447,96.9141323792501,200.277264325327,0.158604282315625,0.302571860816949
27,64,1264,22587,NA,1,45,NA,0.0791765637371338,0.19962736225712,NA,0.0791765637371338,0.19962736225712,61249.7316636851,66524.4495487659,48.4570661896214,132.536424921171,0.079176563737129,0.199627362257121
28,65,1265,22668,NA,1,81,NA,0.0791139240506329,0.358613361668216,NA,0.0791139240506329,0.358613361668216,61298.1887298748,66763.015113624,48.4570661896214,238.565564858116,0.0791139240506282,0.358613361668231
29,66,1266,22735,NA,1,67,NA,0.0790513833992095,0.295570848773602,NA,0.0790513833992095,0.295570848773602,61346.6457960644,66960.3471240622,48.4570661896214,197.332010438186,0.0790513833992047,0.2955708487736
30,67,1268,22799,NA,2,64,NA,0.157977883096367,0.281504288541896,NA,0.157977883096367,0.281504288541896,61443.5599284436,67148.843372839,96.9141323792501,188.496248776777,0.157977883096369,0.281504288541899
31,68,1269,22864,NA,1,65,NA,0.0788643533123028,0.285100223694022,NA,0.0788643533123028,0.285100223694022,61492.0169946333,67340.2848755029,48.4570661896214,191.441502663904,0.0788643533122981,0.285100223694009
32,69,1269,22931,NA,0,67,NA,0,0.293037088873338,NA,0,0.293037088873338,61492.0169946333,67537.6168859411,0,197.332010438186,0,0.293037088873337
33,70,1270,22984,NA,1,53,NA,0.0788022064617809,0.231128167110026,NA,0.0788022064617809,0.231128167110026,61540.4740608229,67693.7153419593,48.4570661896141,156.098456018255,0.0788022064617644,0.231128167110008
34,71,1271,23014,NA,1,30,NA,0.078740157480315,0.130525583014271,NA,0.078740157480315,0.130525583014271,61588.9311270125,67782.0729585734,48.4570661896214,88.3576166141138,0.0787401574803102,0.130525583014272
35,72,1273,23054,NA,2,40,NA,0.1573564122738,0.173807247762232,NA,0.1573564122738,0.173807247762232,61685.8452593917,67899.8831140589,96.9141323792428,117.810155485495,0.157356412273791,0.173807247762247
36,73,1274,23112,NA,1,58,NA,0.0785545954438335,0.251583239351089,NA,0.0785545954438335,0.251583239351089,61734.3023255814,68070.7078395129,48.4570661896287,170.824725453946,0.0785545954438406,0.251583239351079
37,74,1274,23171,NA,0,59,NA,0,0.25527864312911,NA,0,0.25527864312911,61734.3023255814,68244.4778188539,0,173.769979341087,0,0.255278643129106
38,75,1274,23223,NA,0,52,NA,0,0.22441845410211,NA,0,0.22441845410211,61734.3023255814,68397.6310209851,0,153.153202131129,0,0.224418454102109
39,76,1275,23264,NA,1,41,NA,0.0784929356357928,0.176549110795332,NA,0.0784929356357928,0.176549110795332,61782.759391771,68518.3864303577,48.4570661896287,120.755409372636,0.0784929356357999,0.176549110795353
40,77,1276,23298,NA,1,34,NA,0.0784313725490196,0.146148555708391,NA,0.0784313725490196,0.146148555708391,61831.2164579606,68618.5250625204,48.4570661896214,100.138632162649,0.0784313725490149,0.146148555708372
41,78,1278,23318,NA,2,20,NA,0.156739811912226,0.0858442784788394,NA,0.156739811912226,0.0858442784788394,61928.1305903399,68677.4301402631,96.9141323792428,58.9050777427474,0.156739811912216,0.085844278478847
42,79,1282,23350,NA,4,32,NA,0.312989045383412,0.137233038854104,NA,0.312989045383412,0.137233038854104,62121.9588550984,68771.6782646515,193.8282647585,94.2481243883958,0.312989045383416,0.137233038854116
43,80,1286,NA,NA,4,NA,NA,0.31201248049922,NA,NA,0.31201248049922,NA,62315.7871198568,NA,193.828264758493,NA,0.312012480499213,NA
44,81,1290,NA,NA,4,NA,NA,0.31104199066874,NA,NA,0.31104199066874,NA,62509.6153846153,NA,193.828264758493,NA,0.311041990668733,NA
45,82,1293,NA,NA,3,NA,NA,0.232558139534884,NA,NA,0.232558139534884,NA,62654.9865831842,NA,145.371198568879,NA,0.232558139534893,NA
46,83,1296,NA,NA,3,NA,NA,0.232018561484919,NA,NA,0.232018561484919,NA,62800.3577817531,NA,145.371198568871,NA,0.232018561484917,NA
47,84,1299,NA,NA,3,NA,NA,0.231481481481481,NA,NA,0.231481481481481,NA,62945.728980322,NA,145.371198568879,NA,0.231481481481491,NA
48,85,1301,NA,NA,2,NA,NA,0.153964588144727,NA,NA,0.153964588144727,NA,63042.6431127012,NA,96.9141323792428,NA,0.153964588144717,NA
49,86,1303,NA,NA,2,NA,NA,0.153727901614143,NA,NA,0.153727901614143,NA,63139.5572450805,NA,96.9141323792501,NA,0.153727901614145,NA
50,87,1305,NA,NA,2,NA,NA,0.153491941673062,NA,NA,0.153491941673062,NA,63236.4713774597,NA,96.9141323792501,NA,0.153491941673065,NA
51,88,1306,NA,NA,1,NA,NA,0.0766283524904215,NA,NA,0.0766283524904215,NA,63284.9284436493,NA,48.4570661896287,NA,0.0766283524904284,NA
52,89,1310,NA,NA,4,NA,NA,0.306278713629403,NA,NA,0.306278713629403,NA,63478.7567084078,NA,193.8282647585,NA,0.306278713629407,NA
53,90,1312,NA,NA,2,NA,NA,0.152671755725191,NA,NA,0.152671755725191,NA,63575.6708407871,NA,96.9141323792501,NA,0.152671755725193,NA
54,91,1314,NA,NA,2,NA,NA,0.152439024390244,NA,NA,0.152439024390244,NA,63672.5849731663,NA,96.9141323792428,NA,0.152439024390235,NA
55,92,1317,NA,NA,3,NA,NA,0.228310502283105,NA,NA,0.228310502283105,NA,63817.9561717352,NA,145.371198568879,NA,0.228310502283114,NA
56,93,1320,NA,NA,3,NA,NA,0.227790432801822,NA,NA,0.227790432801822,NA,63963.3273703041,NA,145.371198568879,NA,0.227790432801831,NA
57,94,1321,NA,NA,1,NA,NA,0.0757575757575758,NA,NA,0.0757575757575758,NA,64011.7844364937,NA,48.4570661896214,NA,0.0757575757575712,NA
58,95,1324,NA,NA,3,NA,NA,0.227100681302044,NA,NA,0.227100681302044,NA,64157.1556350626,NA,145.371198568879,NA,0.227100681302053,NA
59,96,1328,NA,NA,4,NA,NA,0.302114803625378,NA,NA,0.302114803625378,NA,64350.9838998211,NA,193.8282647585,NA,0.302114803625382,NA
60,97,1338,NA,NA,10,NA,NA,0.753012048192771,NA,NA,0.753012048192771,NA,64835.5545617173,NA,484.57066189625,NA,0.753012048192782,NA
61,98,1345,NA,NA,7,NA,NA,0.523168908819133,NA,NA,0.523168908819133,NA,65174.7540250447,NA,339.199463327372,NA,0.523168908819135,NA
62,99,1349,NA,NA,4,NA,NA,0.297397769516729,NA,NA,0.297397769516729,NA,65368.5822898032,NA,193.8282647585,NA,0.297397769516733,NA
63,100,1352,NA,NA,3,NA,NA,0.22238695329874,NA,NA,0.22238695329874,NA,65513.9534883721,NA,145.371198568879,NA,0.222386953298749,NA
64,101,1356,NA,NA,4,NA,NA,0.29585798816568,NA,NA,0.29585798816568,NA,65707.7817531306,NA,193.828264758486,NA,0.295857988165663,NA
65,102,1361,NA,NA,5,NA,NA,0.368731563421829,NA,NA,0.368731563421829,NA,65950.0670840787,NA,242.285330948129,NA,0.36873156342184,NA
66,103,1367,NA,NA,6,NA,NA,0.440852314474651,NA,NA,0.440852314474651,NA,66240.8094812165,NA,290.742397137758,NA,0.440852314474669,NA
