"daysFromToday","Day","Korea","Italy","X","dif.Korea","dif.Italy","dif.X","growth.Korea","growth.Italy","growth.X","prj.grKO.X","prj.grIT.X","grKO.prj.tot.X","grIT.prj.tot.X","dif.grKO.prj.tot.X","dif.grIT.prj.tot.X","growth.grKO.prj.tot.X","growth.grIT.prj.tot.X"
-34,NA,NA,0,NA,NA,NA,NA,NA,NA,NA,NA,NA,NA,NA,NA,NA,NA,NA
-33,NA,NA,0,NA,NA,0,NA,NA,NA,NA,NA,NA,NA,NA,NA,NA,NA,NA
-32,NA,NA,0,NA,NA,0,NA,NA,NA,NA,NA,NA,NA,NA,NA,NA,NA,NA
-31,NA,NA,1,NA,NA,1,NA,NA,Inf,NA,NA,NA,NA,NA,NA,NA,NA,NA
-30,NA,NA,1,NA,NA,0,NA,NA,0,NA,NA,NA,NA,NA,NA,NA,NA,NA
-29,NA,NA,1,NA,NA,0,NA,NA,0,NA,NA,NA,NA,NA,NA,NA,NA,NA
-28,NA,NA,2,NA,NA,1,NA,NA,100,NA,NA,NA,NA,NA,NA,NA,NA,NA
-27,NA,NA,2,NA,NA,0,NA,NA,0,NA,NA,NA,NA,NA,NA,NA,NA,NA
-26,NA,NA,3,NA,NA,1,NA,NA,50,NA,NA,NA,NA,NA,NA,NA,NA,NA
-25,NA,NA,4,NA,NA,1,NA,NA,33.3333333333333,NA,NA,NA,NA,NA,NA,NA,NA,NA
-24,NA,NA,5,NA,NA,1,NA,NA,25,NA,NA,NA,NA,NA,NA,NA,NA,NA
-23,NA,NA,6,NA,NA,1,NA,NA,20,NA,NA,NA,NA,NA,NA,NA,NA,NA
-22,NA,NA,8,NA,NA,2,NA,NA,33.3333333333333,NA,NA,NA,NA,NA,NA,NA,NA,NA
-21,NA,NA,9,NA,NA,1,NA,NA,12.5,NA,NA,NA,NA,NA,NA,NA,NA,NA
-20,NA,NA,12,NA,NA,3,NA,NA,33.3333333333333,NA,NA,NA,NA,NA,NA,NA,NA,NA
-19,NA,NA,15,58,NA,3,NA,NA,25,NA,NA,NA,NA,NA,NA,NA,NA,NA
-18,NA,NA,18,66,NA,3,8,NA,20,13.7931034482759,NA,NA,NA,NA,NA,NA,NA,NA
-17,NA,NA,20,66,NA,2,0,NA,11.1111111111111,0,NA,NA,NA,NA,NA,NA,NA,NA
-16,NA,NA,25,70,NA,5,4,NA,25,6.06060606060606,NA,NA,NA,NA,NA,NA,NA,NA
-15,NA,NA,30,70,NA,5,0,NA,20,0,NA,NA,NA,NA,NA,NA,NA,NA
-14,NA,NA,35,79,NA,5,9,NA,16.6666666666667,12.8571428571429,NA,NA,NA,NA,NA,NA,NA,NA
-13,0,0,42,79,NA,7,0,NA,20,0,NA,NA,NA,NA,NA,NA,NA,NA
-12,1,0,49,92,0,7,13,NA,16.6666666666667,16.4556962025316,NA,NA,NA,NA,NA,NA,NA,NA
-11,2,1,55,101,1,6,9,Inf,12.2448979591837,9.78260869565217,NA,NA,NA,NA,NA,NA,NA,NA
-10,3,1,62,110,0,7,9,0,12.7272727272727,8.91089108910891,NA,NA,NA,NA,NA,NA,NA,NA
-9,4,2,71,130,1,9,20,100,14.5161290322581,18.1818181818182,NA,NA,NA,NA,NA,NA,NA,NA
-8,5,2,81,142,0,10,12,0,14.0845070422535,9.23076923076923,NA,NA,NA,NA,NA,NA,NA,NA
-7,6,3,93,160,1,12,18,50,14.8148148148148,12.6760563380282,NA,NA,NA,NA,NA,NA,NA,NA
-6,7,4,106,204,1,13,44,33.3333333333333,13.9784946236559,27.5,NA,NA,NA,NA,NA,NA,NA,NA
-5,8,5,117,221,1,11,17,25,10.377358490566,8.33333333333333,NA,NA,NA,NA,NA,NA,NA,NA
-4,9,7,127,280,2,10,59,40,8.54700854700855,26.6968325791855,NA,NA,NA,NA,NA,NA,NA,NA
-3,10,9,137,326,2,10,46,28.5714285714286,7.8740157480315,16.4285714285714,NA,NA,NA,NA,NA,NA,NA,NA
-2,11,10,147,333,1,10,7,11.1111111111111,7.2992700729927,2.14723926380368,NA,NA,NA,NA,NA,NA,NA,NA
-1,12,12,159,396,2,12,63,20,8.16326530612245,18.9189189189189,NA,NA,NA,NA,NA,NA,NA,NA
0,13,13,171,396,1,12,0,8.33333333333333,7.54716981132075,0,NA,NA,396,396,0,0,NA,NA
1,14,14,183,NA,1,12,NA,7.69230769230769,7.01754385964912,NA,7.69230769230769,7.01754385964912,426.461538461538,423.789473684211,30.4615384615385,27.7894736842105,7.69230769230769,7.01754385964912
2,15,15,193,NA,1,10,NA,7.14285714285714,5.46448087431694,NA,7.14285714285714,5.46448087431694,456.923076923077,446.947368421053,30.4615384615385,23.1578947368421,7.14285714285714,5.46448087431695
3,16,16,201,NA,1,8,NA,6.66666666666667,4.14507772020725,NA,6.66666666666667,4.14507772020725,487.384615384615,465.473684210526,30.4615384615385,18.5263157894736,6.66666666666667,4.14507772020724
4,17,17,209,NA,1,8,NA,6.25,3.98009950248756,NA,6.25,3.98009950248756,517.846153846154,484,30.4615384615385,18.5263157894737,6.25,3.98009950248757
5,18,17,219,NA,0,10,NA,0,4.78468899521531,NA,0,4.78468899521531,517.846153846154,507.157894736842,0,23.1578947368421,0,4.78468899521532
6,19,18,228,NA,1,9,NA,5.88235294117647,4.10958904109589,NA,5.88235294117647,4.10958904109589,548.307692307692,528,30.4615384615385,20.8421052631579,5.88235294117647,4.10958904109588
7,20,18,237,NA,0,9,NA,0,3.94736842105263,NA,0,3.94736842105263,548.307692307692,548.842105263158,0,20.8421052631579,0,3.94736842105264
8,21,18,247,NA,0,10,NA,0,4.21940928270042,NA,0,4.21940928270042,548.307692307692,572,0,23.1578947368421,0,4.21940928270042
9,22,19,255,NA,1,8,NA,5.55555555555556,3.23886639676113,NA,5.55555555555556,3.23886639676113,578.769230769231,590.526315789474,30.4615384615385,18.5263157894738,5.55555555555555,3.23886639676115
10,23,19,262,NA,0,7,NA,0,2.74509803921569,NA,0,2.74509803921569,578.769230769231,606.736842105263,0,16.2105263157894,0,2.74509803921567
11,24,19,268,NA,0,6,NA,0,2.29007633587786,NA,0,2.29007633587786,578.769230769231,620.631578947368,0,13.8947368421052,0,2.29007633587785
12,25,19,276,NA,0,8,NA,0,2.98507462686567,NA,0,2.98507462686567,578.769230769231,639.157894736842,0,18.5263157894738,0,2.98507462686568
13,26,19,284,NA,0,8,NA,0,2.89855072463768,NA,0,2.89855072463768,578.769230769231,657.684210526316,0,18.5263157894736,0,2.89855072463767
14,27,20,292,NA,1,8,NA,5.26315789473684,2.8169014084507,NA,5.26315789473684,2.8169014084507,609.230769230769,676.210526315789,30.4615384615385,18.5263157894736,5.26315789473684,2.8169014084507
15,28,20,301,NA,0,9,NA,0,3.08219178082192,NA,0,3.08219178082192,609.230769230769,697.052631578947,0,20.8421052631579,0,3.08219178082192
16,29,20,309,NA,0,8,NA,0,2.6578073089701,NA,0,2.6578073089701,609.230769230769,715.578947368421,0,18.5263157894736,0,2.65780730897009
17,30,21,316,NA,1,7,NA,5,2.26537216828479,NA,5,2.26537216828479,639.692307692308,731.78947368421,30.4615384615385,16.2105263157895,5,2.26537216828479
18,31,21,322,NA,0,6,NA,0,1.89873417721519,NA,0,1.89873417721519,639.692307692308,745.684210526316,0,13.8947368421053,0,1.8987341772152
19,32,21,327,NA,0,5,NA,0,1.5527950310559,NA,0,1.5527950310559,639.692307692308,757.263157894737,0,11.578947368421,0,1.5527950310559
20,33,21,334,NA,0,7,NA,0,2.14067278287462,NA,0,2.14067278287462,639.692307692308,773.473684210526,0,16.2105263157895,0,2.14067278287462
21,34,21,341,NA,0,7,NA,0,2.09580838323353,NA,0,2.09580838323353,639.692307692308,789.684210526316,0,16.2105263157895,0,2.09580838323353
22,35,22,348,NA,1,7,NA,4.76190476190476,2.05278592375367,NA,4.76190476190476,2.05278592375367,670.153846153846,805.894736842105,30.4615384615385,16.2105263157895,4.76190476190476,2.05278592375367
23,36,22,354,NA,0,6,NA,0,1.72413793103448,NA,0,1.72413793103448,670.153846153846,819.78947368421,0,13.8947368421052,0,1.72413793103448
24,37,22,359,NA,0,5,NA,0,1.41242937853107,NA,0,1.41242937853107,670.153846153846,831.368421052631,0,11.578947368421,0,1.41242937853107
25,38,22,364,NA,0,5,NA,0,1.39275766016713,NA,0,1.39275766016713,670.153846153846,842.947368421052,0,11.578947368421,0,1.39275766016713
26,39,23,371,NA,1,7,NA,4.54545454545455,1.92307692307692,NA,4.54545454545455,1.92307692307692,700.615384615385,859.157894736842,30.4615384615385,16.2105263157894,4.54545454545454,1.92307692307691
27,40,23,376,NA,0,5,NA,0,1.34770889487871,NA,0,1.34770889487871,700.615384615385,870.736842105263,0,11.5789473684209,0,1.34770889487869
28,41,23,382,NA,0,6,NA,0,1.59574468085106,NA,0,1.59574468085106,700.615384615385,884.631578947368,0,13.8947368421052,0,1.59574468085106
29,42,23,387,NA,0,5,NA,0,1.30890052356021,NA,0,1.30890052356021,700.615384615385,896.210526315789,0,11.578947368421,0,1.30890052356021
30,43,23,391,NA,0,4,NA,0,1.03359173126615,NA,0,1.03359173126615,700.615384615385,905.473684210526,0,9.26315789473688,0,1.03359173126615
31,44,24,395,NA,1,4,NA,4.34782608695652,1.0230179028133,NA,4.34782608695652,1.0230179028133,731.076923076923,914.736842105263,30.4615384615385,9.26315789473676,4.34782608695652,1.02301790281329
32,45,24,399,NA,0,4,NA,0,1.0126582278481,NA,0,1.0126582278481,731.076923076923,924,0,9.26315789473688,0,1.01265822784811
33,46,24,NA,NA,0,NA,NA,0,NA,NA,0,NA,731.076923076923,NA,0,NA,0,NA
34,47,24,NA,NA,0,NA,NA,0,NA,NA,0,NA,731.076923076923,NA,0,NA,0,NA
35,48,24,NA,NA,0,NA,NA,0,NA,NA,0,NA,731.076923076923,NA,0,NA,0,NA
36,49,24,NA,NA,0,NA,NA,0,NA,NA,0,NA,731.076923076923,NA,0,NA,0,NA
37,50,24,NA,NA,0,NA,NA,0,NA,NA,0,NA,731.076923076923,NA,0,NA,0,NA
38,51,24,NA,NA,0,NA,NA,0,NA,NA,0,NA,731.076923076923,NA,0,NA,0,NA
39,52,25,NA,NA,1,NA,NA,4.16666666666667,NA,NA,4.16666666666667,NA,761.538461538462,NA,30.4615384615386,NA,4.16666666666668,NA
40,53,25,NA,NA,0,NA,NA,0,NA,NA,0,NA,761.538461538462,NA,0,NA,0,NA
41,54,25,NA,NA,0,NA,NA,0,NA,NA,0,NA,761.538461538462,NA,0,NA,0,NA
42,55,25,NA,NA,0,NA,NA,0,NA,NA,0,NA,761.538461538462,NA,0,NA,0,NA
43,56,25,NA,NA,0,NA,NA,0,NA,NA,0,NA,761.538461538462,NA,0,NA,0,NA
44,57,25,NA,NA,0,NA,NA,0,NA,NA,0,NA,761.538461538462,NA,0,NA,0,NA
45,58,25,NA,NA,0,NA,NA,0,NA,NA,0,NA,761.538461538462,NA,0,NA,0,NA
46,59,25,NA,NA,0,NA,NA,0,NA,NA,0,NA,761.538461538462,NA,0,NA,0,NA
47,60,25,NA,NA,0,NA,NA,0,NA,NA,0,NA,761.538461538462,NA,0,NA,0,NA
48,61,25,NA,NA,0,NA,NA,0,NA,NA,0,NA,761.538461538462,NA,0,NA,0,NA
49,62,25,NA,NA,0,NA,NA,0,NA,NA,0,NA,761.538461538462,NA,0,NA,0,NA
50,63,25,NA,NA,0,NA,NA,0,NA,NA,0,NA,761.538461538462,NA,0,NA,0,NA
51,64,25,NA,NA,0,NA,NA,0,NA,NA,0,NA,761.538461538462,NA,0,NA,0,NA
52,65,25,NA,NA,0,NA,NA,0,NA,NA,0,NA,761.538461538462,NA,0,NA,0,NA
53,66,25,NA,NA,0,NA,NA,0,NA,NA,0,NA,761.538461538462,NA,0,NA,0,NA
54,67,25,NA,NA,0,NA,NA,0,NA,NA,0,NA,761.538461538462,NA,0,NA,0,NA
55,68,25,NA,NA,0,NA,NA,0,NA,NA,0,NA,761.538461538462,NA,0,NA,0,NA
