"daysFromToday","Day","Korea","Italy","X","dif.Korea","dif.Italy","dif.X","growth.Korea","growth.Italy","growth.X","prj.grKO.X","prj.grIT.X","grKO.prj.tot.X","grIT.prj.tot.X","dif.grKO.prj.tot.X","dif.grIT.prj.tot.X","growth.grKO.prj.tot.X","growth.grIT.prj.tot.X"
-185,0,2,NA,NA,NA,NA,NA,NA,NA,NA,NA,NA,NA,NA,NA,NA,NA,NA
-184,1,4,NA,NA,2,NA,NA,100,NA,NA,NA,NA,NA,NA,NA,NA,NA,NA
-183,2,7,NA,NA,3,NA,NA,75,NA,NA,NA,NA,NA,NA,NA,NA,NA,NA
-182,3,10,NA,NA,3,NA,NA,42.8571428571429,NA,NA,NA,NA,NA,NA,NA,NA,NA,NA
-181,4,14,NA,NA,4,NA,NA,40,NA,NA,NA,NA,NA,NA,NA,NA,NA,NA
-180,5,17,NA,NA,3,NA,NA,21.4285714285714,NA,NA,NA,NA,NA,NA,NA,NA,NA,NA
-179,6,22,NA,NA,5,NA,NA,29.4117647058824,NA,NA,NA,NA,NA,NA,NA,NA,NA,NA
-178,7,30,NA,NA,8,NA,NA,36.3636363636364,NA,NA,NA,NA,NA,NA,NA,NA,NA,NA
-177,8,40,NA,NA,10,NA,NA,33.3333333333333,NA,NA,NA,NA,NA,NA,NA,NA,NA,NA
-176,9,54,NA,NA,14,NA,NA,35,NA,NA,NA,NA,NA,NA,NA,NA,NA,NA
-175,10,64,NA,NA,10,NA,NA,18.5185185185185,NA,NA,NA,NA,NA,NA,NA,NA,NA,NA
-174,11,75,NA,NA,11,NA,NA,17.1875,NA,NA,NA,NA,NA,NA,NA,NA,NA,NA
-173,12,89,NA,NA,14,NA,NA,18.6666666666667,NA,NA,NA,NA,NA,NA,NA,NA,NA,NA
-172,13,97,NA,NA,8,NA,NA,8.98876404494382,NA,NA,NA,NA,NA,NA,NA,NA,NA,NA
-171,14,105,NA,NA,8,NA,NA,8.24742268041237,NA,NA,NA,NA,NA,NA,NA,NA,NA,NA
-170,15,114,NA,NA,9,NA,NA,8.57142857142857,NA,NA,NA,NA,NA,NA,NA,NA,NA,NA
-169,16,121,NA,NA,7,NA,NA,6.14035087719298,NA,NA,NA,NA,NA,NA,NA,NA,NA,NA
-168,17,126,NA,NA,5,NA,NA,4.13223140495868,NA,NA,NA,NA,NA,NA,NA,NA,NA,NA
-167,18,129,NA,NA,3,NA,NA,2.38095238095238,NA,NA,NA,NA,NA,NA,NA,NA,NA,NA
-166,19,130,NA,NA,1,NA,NA,0.775193798449612,NA,NA,NA,NA,NA,NA,NA,NA,NA,NA
-165,20,134,NA,NA,4,NA,NA,3.07692307692308,NA,NA,NA,NA,NA,NA,NA,NA,NA,NA
-164,21,136,NA,NA,2,NA,NA,1.49253731343284,NA,NA,NA,NA,NA,NA,NA,NA,NA,NA
-163,22,138,NA,NA,2,NA,NA,1.47058823529412,NA,NA,NA,NA,NA,NA,NA,NA,NA,NA
-162,23,140,NA,NA,2,NA,NA,1.44927536231884,NA,NA,NA,NA,NA,NA,NA,NA,NA,NA
-161,24,141,NA,NA,1,NA,NA,0.714285714285714,NA,NA,NA,NA,NA,NA,NA,NA,NA,NA
-160,25,142,NA,NA,1,NA,NA,0.709219858156028,NA,NA,NA,NA,NA,NA,NA,NA,NA,NA
-159,26,144,NA,NA,2,NA,NA,1.40845070422535,NA,NA,NA,NA,NA,NA,NA,NA,NA,NA
-158,27,145,NA,NA,1,NA,NA,0.694444444444444,NA,NA,NA,NA,NA,NA,NA,NA,NA,NA
-157,28,148,NA,NA,3,NA,NA,2.06896551724138,NA,NA,NA,NA,NA,NA,NA,NA,NA,NA
-156,29,149,NA,NA,1,NA,NA,0.675675675675676,NA,NA,NA,NA,NA,NA,NA,NA,NA,NA
-155,30,152,NA,NA,3,NA,NA,2.01342281879195,NA,NA,NA,NA,NA,NA,NA,NA,NA,NA
-154,31,154,NA,NA,2,NA,NA,1.31578947368421,NA,NA,NA,NA,NA,NA,NA,NA,NA,NA
-153,32,155,NA,NA,1,NA,NA,0.649350649350649,NA,NA,NA,NA,NA,NA,NA,NA,NA,NA
-152,33,156,NA,NA,1,NA,NA,0.645161290322581,NA,NA,NA,NA,NA,NA,NA,NA,NA,NA
-151,34,158,NA,NA,2,NA,NA,1.28205128205128,NA,NA,NA,NA,NA,NA,NA,NA,NA,NA
-150,35,159,NA,NA,1,NA,NA,0.632911392405063,NA,NA,NA,NA,NA,NA,NA,NA,NA,NA
-149,36,161,NA,NA,2,NA,NA,1.25786163522013,NA,NA,NA,NA,NA,NA,NA,NA,NA,NA
-148,37,164,NA,NA,3,NA,NA,1.86335403726708,NA,NA,NA,NA,NA,NA,NA,NA,NA,NA
-147,38,165,NA,NA,1,NA,NA,0.609756097560976,NA,NA,NA,NA,NA,NA,NA,NA,NA,NA
-146,39,167,NA,101,2,NA,NA,1.21212121212121,NA,NA,NA,NA,NA,NA,NA,NA,NA,NA
-145,40,169,NA,108,2,NA,7,1.19760479041916,NA,6.93069306930693,NA,NA,NA,NA,NA,NA,NA,NA
-144,41,171,NA,129,2,NA,21,1.18343195266272,NA,19.4444444444444,NA,NA,NA,NA,NA,NA,NA,NA
-143,42,172,NA,165,1,NA,36,0.584795321637427,NA,27.906976744186,NA,NA,NA,NA,NA,NA,NA,NA
-142,43,174,NA,187,2,NA,22,1.16279069767442,NA,13.3333333333333,NA,NA,NA,NA,NA,NA,NA,NA
-141,44,175,NA,212,1,NA,25,0.574712643678161,NA,13.3689839572193,NA,NA,NA,NA,NA,NA,NA,NA
-140,45,177,NA,240,2,NA,28,1.14285714285714,NA,13.2075471698113,NA,NA,NA,NA,NA,NA,NA,NA
-139,46,177,NA,288,0,NA,48,0,NA,20,NA,NA,NA,NA,NA,NA,NA,NA
-138,47,178,NA,320,1,NA,32,0.564971751412429,NA,11.1111111111111,NA,NA,NA,NA,NA,NA,NA,NA
-137,48,179,NA,393,1,NA,73,0.561797752808989,NA,22.8125,NA,NA,NA,NA,NA,NA,NA,NA
-136,49,180,NA,447,1,NA,54,0.558659217877095,NA,13.7404580152672,NA,NA,NA,NA,NA,NA,NA,NA
-135,50,180,NA,536,0,NA,89,0,NA,19.910514541387,NA,NA,NA,NA,NA,NA,NA,NA
-134,51,181,NA,626,1,NA,90,0.555555555555556,NA,16.7910447761194,NA,NA,NA,NA,NA,NA,NA,NA
-133,52,181,NA,730,0,NA,104,0,NA,16.6134185303514,NA,NA,NA,NA,NA,NA,NA,NA
-132,53,182,NA,868,1,NA,138,0.552486187845304,NA,18.9041095890411,NA,NA,NA,NA,NA,NA,NA,NA
-131,54,182,NA,988,0,NA,120,0,NA,13.8248847926267,NA,NA,NA,NA,NA,NA,NA,NA
-130,55,183,NA,1168,1,NA,180,0.549450549450549,NA,18.2186234817814,NA,NA,NA,NA,NA,NA,NA,NA
-129,56,183,NA,1311,0,NA,143,0,NA,12.2431506849315,NA,NA,NA,NA,NA,NA,NA,NA
-128,57,184,NA,1411,1,NA,100,0.546448087431694,NA,7.627765064836,NA,NA,NA,NA,NA,NA,NA,NA
-127,58,184,NA,1542,0,NA,131,0,NA,9.28419560595322,NA,NA,NA,NA,NA,NA,NA,NA
-126,59,184,NA,1635,0,NA,93,0,NA,6.03112840466926,NA,NA,NA,NA,NA,NA,NA,NA
-125,60,184,NA,1685,0,NA,50,0,NA,3.05810397553517,NA,NA,NA,NA,NA,NA,NA,NA
-124,61,184,NA,1755,0,NA,70,0,NA,4.15430267062314,NA,NA,NA,NA,NA,NA,NA,NA
-123,62,185,NA,1858,1,NA,103,0.543478260869565,NA,5.86894586894587,NA,NA,NA,NA,NA,NA,NA,NA
-122,63,185,NA,1956,0,NA,98,0,NA,5.27448869752422,NA,NA,NA,NA,NA,NA,NA,NA
-121,64,185,NA,2040,0,NA,84,0,NA,4.29447852760736,NA,NA,NA,NA,NA,NA,NA,NA
-120,65,185,NA,2147,0,NA,107,0,NA,5.24509803921569,NA,NA,NA,NA,NA,NA,NA,NA
-119,66,185,NA,2212,0,NA,65,0,NA,3.02748020493712,NA,NA,NA,NA,NA,NA,NA,NA
-118,67,186,NA,2245,1,NA,33,0.540540540540541,NA,1.49186256781193,NA,NA,NA,NA,NA,NA,NA,NA
-117,68,186,NA,2313,0,NA,68,0,NA,3.02895322939866,NA,NA,NA,NA,NA,NA,NA,NA
-116,69,186,NA,2373,0,NA,60,0,NA,2.59403372243839,NA,NA,NA,NA,NA,NA,NA,NA
-115,70,186,NA,2449,0,NA,76,0,NA,3.20269700800674,NA,NA,NA,NA,NA,NA,NA,NA
-114,71,186,NA,2525,0,NA,76,0,NA,3.10330747243773,NA,NA,NA,NA,NA,NA,NA,NA
-113,72,186,NA,2588,0,NA,63,0,NA,2.4950495049505,NA,NA,NA,NA,NA,NA,NA,NA
-112,73,186,NA,2631,0,NA,43,0,NA,1.66151468315301,NA,NA,NA,NA,NA,NA,NA,NA
-111,74,186,NA,2668,0,NA,37,0,NA,1.40630938806537,NA,NA,NA,NA,NA,NA,NA,NA
-110,75,186,NA,2721,0,NA,53,0,NA,1.98650674662669,NA,NA,NA,NA,NA,NA,NA,NA
-109,76,187,NA,2779,1,NA,58,0.537634408602151,NA,2.13156927600147,NA,NA,NA,NA,NA,NA,NA,NA
-108,77,187,NA,2905,0,NA,126,0,NA,4.53400503778338,NA,NA,NA,NA,NA,NA,NA,NA
-107,78,187,NA,3144,0,NA,239,0,NA,8.22719449225473,NA,NA,NA,NA,NA,NA,NA,NA
-106,79,188,NA,3393,1,NA,249,0.53475935828877,NA,7.91984732824427,NA,NA,NA,NA,NA,NA,NA,NA
-105,80,188,NA,3517,0,NA,124,0,NA,3.65458296492779,NA,NA,NA,NA,NA,NA,NA,NA
-104,81,189,NA,3614,1,NA,97,0.531914893617021,NA,2.7580324139892,NA,NA,NA,NA,NA,NA,NA,NA
-103,82,189,NA,3663,0,NA,49,0,NA,1.35583840619812,NA,NA,NA,NA,NA,NA,NA,NA
-102,83,190,NA,3732,1,NA,69,0.529100529100529,NA,1.88370188370188,NA,NA,NA,NA,NA,NA,NA,NA
-101,84,190,NA,3792,0,NA,60,0,NA,1.60771704180064,NA,NA,NA,NA,NA,NA,NA,NA
-100,85,190,NA,3887,0,NA,95,0,NA,2.50527426160338,NA,NA,NA,NA,NA,NA,NA,NA
-99,86,191,NA,3959,1,NA,72,0.526315789473684,NA,1.85232827373296,NA,NA,NA,NA,NA,NA,NA,NA
-98,87,191,NA,3987,0,NA,28,0,NA,0.707249305380147,NA,NA,NA,NA,NA,NA,NA,NA
-97,88,191,NA,4027,0,NA,40,0,NA,1.00326059694006,NA,NA,NA,NA,NA,NA,NA,NA
-96,89,192,NA,4085,1,NA,58,0.523560209424084,NA,1.44027812267196,NA,NA,NA,NA,NA,NA,NA,NA
-95,90,192,NA,4177,0,NA,92,0,NA,2.25214198286414,NA,NA,NA,NA,NA,NA,NA,NA
-94,91,192,NA,4250,0,NA,73,0,NA,1.74766578884367,NA,NA,NA,NA,NA,NA,NA,NA
-93,92,193,NA,4356,1,NA,106,0.520833333333333,NA,2.49411764705882,NA,NA,NA,NA,NA,NA,NA,NA
-92,93,193,NA,4468,0,NA,112,0,NA,2.57116620752984,NA,NA,NA,NA,NA,NA,NA,NA
-91,94,193,NA,4563,0,NA,95,0,NA,2.12623097582811,NA,NA,NA,NA,NA,NA,NA,NA
-90,95,194,NA,4586,1,NA,23,0.518134715025907,NA,0.504054350208196,NA,NA,NA,NA,NA,NA,NA,NA
-89,96,194,NA,4653,0,NA,67,0,NA,1.46096816397732,NA,NA,NA,NA,NA,NA,NA,NA
-88,97,196,NA,4710,2,NA,57,1.03092783505155,NA,1.22501611863314,NA,NA,NA,NA,NA,NA,NA,NA
-87,98,197,NA,4793,1,NA,83,0.510204081632653,NA,1.76220806794055,NA,NA,NA,NA,NA,NA,NA,NA
-86,99,197,NA,4866,0,NA,73,0,NA,1.52305445441269,NA,NA,NA,NA,NA,NA,NA,NA
-85,100,198,NA,4960,1,NA,94,0.50761421319797,NA,1.9317714755446,NA,NA,NA,NA,NA,NA,NA,NA
-84,101,198,NA,4993,0,NA,33,0,NA,0.665322580645161,NA,NA,NA,NA,NA,NA,NA,NA
-83,102,199,NA,5034,1,NA,41,0.505050505050505,NA,0.821149609453235,NA,NA,NA,NA,NA,NA,NA,NA
-82,103,200,NA,5067,1,NA,33,0.50251256281407,NA,0.65554231227652,NA,NA,NA,NA,NA,NA,NA,NA
-81,104,201,NA,5162,1,NA,95,0.5,NA,1.87487665285179,NA,NA,NA,NA,NA,NA,NA,NA
-80,105,201,NA,5247,0,NA,85,0,NA,1.64664858581945,NA,NA,NA,NA,NA,NA,NA,NA
-79,106,202,NA,5277,1,NA,30,0.497512437810945,NA,0.571755288736421,NA,NA,NA,NA,NA,NA,NA,NA
-78,107,203,NA,5367,1,NA,90,0.495049504950495,NA,1.70551449687322,NA,NA,NA,NA,NA,NA,NA,NA
-77,108,204,NA,5438,1,NA,71,0.492610837438424,NA,1.32289919880753,NA,NA,NA,NA,NA,NA,NA,NA
-76,109,205,NA,5471,1,NA,33,0.490196078431373,NA,0.606840750275837,NA,NA,NA,NA,NA,NA,NA,NA
-75,110,205,NA,5523,0,NA,52,0,NA,0.950466093949918,NA,NA,NA,NA,NA,NA,NA,NA
-74,111,206,NA,5604,1,NA,81,0.48780487804878,NA,1.46659424225964,NA,NA,NA,NA,NA,NA,NA,NA
-73,112,207,NA,5665,1,NA,61,0.485436893203883,NA,1.08850820842256,NA,NA,NA,NA,NA,NA,NA,NA
-72,113,208,NA,5742,1,NA,77,0.483091787439614,NA,1.35922330097087,NA,NA,NA,NA,NA,NA,NA,NA
-71,114,209,NA,5833,1,NA,91,0.480769230769231,NA,1.58481365377917,NA,NA,NA,NA,NA,NA,NA,NA
-70,115,209,NA,5898,0,NA,65,0,NA,1.11434939139379,NA,NA,NA,NA,NA,NA,NA,NA
-69,116,210,NA,5928,1,NA,30,0.478468899521531,NA,0.508646998982706,NA,NA,NA,NA,NA,NA,NA,NA
-68,117,210,NA,5966,0,NA,38,0,NA,0.641025641025641,NA,NA,NA,NA,NA,NA,NA,NA
-67,118,211,NA,6050,1,NA,84,0.476190476190476,NA,1.40797854508884,NA,NA,NA,NA,NA,NA,NA,NA
-66,119,212,NA,6109,1,NA,59,0.4739336492891,NA,0.975206611570248,NA,NA,NA,NA,NA,NA,NA,NA
-65,120,213,NA,6158,1,NA,49,0.471698113207547,NA,0.80209526927484,NA,NA,NA,NA,NA,NA,NA,NA
-64,121,214,NA,6225,1,NA,67,0.469483568075117,NA,1.0880155894771,NA,NA,NA,NA,NA,NA,NA,NA
-63,122,215,NA,6297,1,NA,72,0.467289719626168,NA,1.1566265060241,NA,NA,NA,NA,NA,NA,NA,NA
-62,123,215,NA,6326,0,NA,29,0,NA,0.460536763538193,NA,NA,NA,NA,NA,NA,NA,NA
-61,124,216,NA,6353,1,NA,27,0.465116279069767,NA,0.426809990515334,NA,NA,NA,NA,NA,NA,NA,NA
-60,125,217,2,6419,1,NA,66,0.462962962962963,NA,1.03887926963639,NA,NA,NA,NA,NA,NA,NA,NA
-59,126,217,3,6479,0,1,60,0,50,0.934725035052189,NA,NA,NA,NA,NA,NA,NA,NA
-58,127,218,5,6535,1,2,56,0.460829493087558,66.6666666666667,0.864330915264701,NA,NA,NA,NA,NA,NA,NA,NA
-57,128,219,7,6626,1,2,91,0.458715596330275,40,1.39250191277735,NA,NA,NA,NA,NA,NA,NA,NA
-56,129,220,10,6681,1,3,55,0.45662100456621,42.8571428571429,0.830063386658618,NA,NA,NA,NA,NA,NA,NA,NA
-55,130,221,13,6716,1,3,35,0.454545454545455,30,0.523873671606047,NA,NA,NA,NA,NA,NA,NA,NA
-54,131,222,17,6764,1,4,48,0.452488687782805,30.7692307692308,0.714711137581894,NA,NA,NA,NA,NA,NA,NA,NA
-53,132,223,25,6826,1,8,62,0.45045045045045,47.0588235294118,0.916617386162034,NA,NA,NA,NA,NA,NA,NA,NA
-52,133,224,30,6893,1,5,67,0.448430493273543,20,0.981541166129505,NA,NA,NA,NA,NA,NA,NA,NA
-51,134,225,37,6978,1,7,85,0.446428571428571,23.3333333333333,1.23313506455825,NA,NA,NA,NA,NA,NA,NA,NA
-50,135,226,45,7028,1,8,50,0.444444444444444,21.6216216216216,0.716537689882488,NA,NA,NA,NA,NA,NA,NA,NA
-49,136,227,56,7063,1,11,35,0.442477876106195,24.4444444444444,0.49800796812749,NA,NA,NA,NA,NA,NA,NA,NA
-48,137,227,68,7105,0,12,42,0,21.4285714285714,0.594648166501487,NA,NA,NA,NA,NA,NA,NA,NA
-47,138,229,86,7163,2,18,58,0.881057268722467,26.4705882352941,0.816326530612245,NA,NA,NA,NA,NA,NA,NA,NA
-46,139,229,108,7242,0,22,79,0,25.5813953488372,1.10288985062125,NA,NA,NA,NA,NA,NA,NA,NA
-45,140,230,134,7336,1,26,94,0.436681222707424,24.0740740740741,1.29798398232532,NA,NA,NA,NA,NA,NA,NA,NA
-44,141,231,148,7401,1,14,65,0.434782608695652,10.4477611940298,0.886041439476554,NA,NA,NA,NA,NA,NA,NA,NA
-43,142,232,182,7454,1,34,53,0.432900432900433,22.972972972973,0.716119443318471,NA,NA,NA,NA,NA,NA,NA,NA
-42,143,233,221,7499,1,39,45,0.431034482758621,21.4285714285714,0.603702709954387,NA,NA,NA,NA,NA,NA,NA,NA
-41,144,233,258,7524,0,37,25,0,16.7420814479638,0.333377783704494,NA,NA,NA,NA,NA,NA,NA,NA
-40,145,234,310,7572,1,52,48,0.429184549356223,20.1550387596899,0.637958532695375,NA,NA,NA,NA,NA,NA,NA,NA
-39,146,235,362,7652,1,52,80,0.427350427350427,16.7741935483871,1.05652403592182,NA,NA,NA,NA,NA,NA,NA,NA
-38,147,236,409,7694,1,47,42,0.425531914893617,12.9834254143646,0.548876110820701,NA,NA,NA,NA,NA,NA,NA,NA
-37,148,237,461,7789,1,52,95,0.423728813559322,12.7139364303178,1.23472835976085,NA,NA,NA,NA,NA,NA,NA,NA
-36,149,237,523,7862,0,62,73,0,13.4490238611714,0.937219155218898,NA,NA,NA,NA,NA,NA,NA,NA
-35,150,238,600,7906,1,77,44,0.421940928270042,14.7227533460803,0.559654032052913,NA,NA,NA,NA,NA,NA,NA,NA
-34,151,238,688,7943,0,88,37,0,14.6666666666667,0.467998988110296,NA,NA,NA,NA,NA,NA,NA,NA
-33,152,239,784,8019,1,96,76,0.420168067226891,13.953488372093,0.956817323429435,NA,NA,NA,NA,NA,NA,NA,NA
-32,153,241,865,8077,2,81,58,0.836820083682008,10.3316326530612,0.723282204763686,NA,NA,NA,NA,NA,NA,NA,NA
-31,154,241,935,8143,0,70,66,0,8.09248554913295,0.817135074904048,NA,NA,NA,NA,NA,NA,NA,NA
-30,155,243,1012,8200,2,77,57,0.829875518672199,8.23529411764706,0.699987719513693,NA,NA,NA,NA,NA,NA,NA,NA
-29,156,244,1088,8305,1,76,105,0.411522633744856,7.5098814229249,1.28048780487805,NA,NA,NA,NA,NA,NA,NA,NA
-28,157,245,1179,8395,1,91,90,0.409836065573771,8.36397058823529,1.08368452739314,NA,NA,NA,NA,NA,NA,NA,NA
-27,158,245,1266,8444,0,87,49,0,7.37913486005089,0.583680762358547,NA,NA,NA,NA,NA,NA,NA,NA
-26,159,246,1353,8492,1,87,48,0.408163265306122,6.87203791469194,0.568450971103742,NA,NA,NA,NA,NA,NA,NA,NA
-25,160,246,1429,8641,0,76,149,0,5.61714708056171,1.75459255770137,NA,NA,NA,NA,NA,NA,NA,NA
-24,161,247,1489,8685,1,60,44,0.40650406504065,4.19874037788663,0.50920032403657,NA,NA,NA,NA,NA,NA,NA,NA
-23,162,247,1548,8764,0,59,79,0,3.96239086635326,0.909614277489925,NA,NA,NA,NA,NA,NA,NA,NA
-22,163,248,1618,8867,1,70,103,0.404858299595142,4.52196382428941,1.17526243724327,NA,NA,NA,NA,NA,NA,NA,NA
-21,164,248,1686,8955,0,68,88,0,4.20271940667491,0.992443893086726,NA,NA,NA,NA,NA,NA,NA,NA
-20,165,249,1753,9020,1,67,65,0.403225806451613,3.97390272835113,0.725851479620324,NA,NA,NA,NA,NA,NA,NA,NA
-19,166,249,1824,9079,0,71,59,0,4.05019965772961,0.65410199556541,NA,NA,NA,NA,NA,NA,NA,NA
-18,167,250,1887,9168,1,63,89,0.401606425702811,3.45394736842105,0.980284172265668,NA,NA,NA,NA,NA,NA,NA,NA
-17,168,251,1939,9273,1,52,105,0.4,2.75569687334393,1.14528795811518,NA,NA,NA,NA,NA,NA,NA,NA
-16,169,251,1984,9371,0,45,98,0,2.32078390923156,1.05683166181387,NA,NA,NA,NA,NA,NA,NA,NA
-15,170,252,2040,9477,1,56,106,0.398406374501992,2.82258064516129,1.13114929036389,NA,NA,NA,NA,NA,NA,NA,NA
-14,171,252,2101,9605,0,61,128,0,2.99019607843137,1.35063838767542,NA,NA,NA,NA,NA,NA,NA,NA
-13,172,253,2159,9663,1,58,58,0.396825396825397,2.76059019514517,0.60385216033316,NA,NA,NA,NA,NA,NA,NA,NA
-12,173,254,2228,9713,1,69,50,0.395256916996047,3.1959240389069,0.517437648763324,NA,NA,NA,NA,NA,NA,NA,NA
-11,174,255,2288,9815,1,60,102,0.393700787401575,2.69299820466786,1.05013898898384,NA,NA,NA,NA,NA,NA,NA,NA
-10,175,257,2334,9897,2,46,82,0.784313725490196,2.01048951048951,0.835455934793683,NA,NA,NA,NA,NA,NA,NA,NA
-9,176,260,2377,10024,3,43,127,1.16731517509728,1.84233076263925,1.28321713650601,NA,NA,NA,NA,NA,NA,NA,NA
-8,177,264,2416,10118,4,39,94,1.53846153846154,1.64072360117796,0.937749401436552,NA,NA,NA,NA,NA,NA,NA,NA
-7,178,268,2472,10274,4,56,156,1.51515151515152,2.31788079470199,1.54180668116229,NA,NA,NA,NA,NA,NA,NA,NA
-6,179,272,2523,10360,4,51,86,1.49253731343284,2.06310679611651,0.837064434494841,NA,NA,NA,NA,NA,NA,NA,NA
-5,180,277,2574,10443,5,51,83,1.83823529411765,2.02140309155767,0.801158301158301,NA,NA,NA,NA,NA,NA,NA,NA
-4,181,282,2619,10566,5,45,123,1.80505415162455,1.74825174825175,1.17782246480896,NA,NA,NA,NA,NA,NA,NA,NA
-3,182,288,2652,10691,6,33,125,2.12765957446809,1.26002290950745,1.18303993942836,NA,NA,NA,NA,NA,NA,NA,NA
-2,183,293,2692,10884,5,40,193,1.73611111111111,1.50829562594268,1.80525675802077,NA,NA,NA,NA,NA,NA,NA,NA
-1,184,300,2741,11135,7,49,251,2.38907849829352,1.82020802377415,2.30613744946711,NA,NA,NA,NA,NA,NA,NA,NA
0,185,305,2780,11276,5,39,141,1.66666666666667,1.42283838015323,1.26627750336776,NA,NA,11276,11276,141,141,NA,NA
1,NA,NA,2824,NA,NA,44,NA,NA,1.58273381294964,NA,NA,1.58273381294964,NA,11454.4690647482,NA,178.469064748202,NA,1.58273381294965
2,NA,NA,2858,NA,NA,34,NA,NA,1.20396600566572,NA,NA,1.20396600566572,NA,11592.3769784173,NA,137.907913669065,NA,1.20396600566573
3,NA,NA,2892,NA,NA,34,NA,NA,1.18964310706788,NA,NA,1.18964310706788,NA,11730.2848920863,NA,137.907913669065,NA,1.18964310706788
4,NA,NA,2918,NA,NA,26,NA,NA,0.899031811894882,NA,NA,0.899031811894882,NA,11835.7438848921,NA,105.458992805756,NA,0.899031811894885
5,NA,NA,2948,NA,NA,30,NA,NA,1.02810143934202,NA,NA,1.02810143934202,NA,11957.4273381295,NA,121.683453237411,NA,1.02810143934202
6,NA,NA,2979,NA,NA,31,NA,NA,1.05156037991859,NA,NA,1.05156037991859,NA,12083.1669064748,NA,125.739568345323,NA,1.05156037991858
7,NA,NA,3006,NA,NA,27,NA,NA,0.906344410876133,NA,NA,0.906344410876133,NA,12192.6820143885,NA,109.51510791367,NA,0.906344410876144
8,NA,NA,3035,NA,NA,29,NA,NA,0.964737192282102,NA,NA,0.964737192282102,NA,12310.309352518,NA,117.627338129496,NA,0.964737192282098
9,NA,NA,3063,NA,NA,28,NA,NA,0.922570016474465,NA,NA,0.922570016474465,NA,12423.8805755396,NA,113.571223021583,NA,0.922570016474468
10,NA,NA,3083,NA,NA,20,NA,NA,0.652954619653934,NA,NA,0.652954619653934,NA,12505.0028776978,NA,81.1223021582737,NA,0.652954619653936
11,NA,NA,3101,NA,NA,18,NA,NA,0.583846902367824,NA,NA,0.583846902367824,NA,12578.0129496403,NA,73.0100719424445,NA,0.583846902367811
12,NA,NA,3117,NA,NA,16,NA,NA,0.515962592712028,NA,NA,0.515962592712028,NA,12642.9107913669,NA,64.8978417266189,NA,0.51596259271203
13,NA,NA,3138,NA,NA,21,NA,NA,0.673724735322425,NA,NA,0.673724735322425,NA,12728.0892086331,NA,85.1784172661883,NA,0.673724735322435
14,NA,NA,3158,NA,NA,20,NA,NA,0.637348629700446,NA,NA,0.637348629700446,NA,12809.2115107914,NA,81.1223021582719,NA,0.637348629700434
15,NA,NA,3178,NA,NA,20,NA,NA,0.633312222925903,NA,NA,0.633312222925903,NA,12890.3338129496,NA,81.1223021582737,NA,0.633312222925905
16,NA,NA,3194,NA,NA,16,NA,NA,0.503461296412838,NA,NA,0.503461296412838,NA,12955.2316546763,NA,64.8978417266171,NA,0.503461296412826
17,NA,NA,3205,NA,NA,11,NA,NA,0.344395742016281,NA,NA,0.344395742016281,NA,12999.8489208633,NA,44.6172661870496,NA,0.344395742016275
18,NA,NA,3216,NA,NA,11,NA,NA,0.343213728549142,NA,NA,0.343213728549142,NA,13044.4661870504,NA,44.6172661870514,NA,0.34321372854915
19,NA,NA,3237,NA,NA,21,NA,NA,0.652985074626866,NA,NA,0.652985074626866,NA,13129.6446043165,NA,85.1784172661864,NA,0.652985074626861
20,NA,NA,3250,NA,NA,13,NA,NA,0.401606425702811,NA,NA,0.401606425702811,NA,13182.3741007194,NA,52.7294964028788,NA,0.40160642570282
21,NA,NA,3264,NA,NA,14,NA,NA,0.430769230769231,NA,NA,0.430769230769231,NA,13239.1597122302,NA,56.7856115107916,NA,0.430769230769232
22,NA,NA,3276,NA,NA,12,NA,NA,0.367647058823529,NA,NA,0.367647058823529,NA,13287.8330935252,NA,48.6733812949642,NA,0.367647058823531
23,NA,NA,3289,NA,NA,13,NA,NA,0.396825396825397,NA,NA,0.396825396825397,NA,13340.5625899281,NA,52.729496402877,NA,0.396825396825391
24,NA,NA,3298,NA,NA,9,NA,NA,0.273639404074187,NA,NA,0.273639404074187,NA,13377.0676258993,NA,36.5050359712241,NA,0.273639404074194
25,NA,NA,3305,NA,NA,7,NA,NA,0.212249848392965,NA,NA,0.212249848392965,NA,13405.4604316547,NA,28.3928057553949,NA,0.212249848392959
26,NA,NA,3317,NA,NA,12,NA,NA,0.363086232980333,NA,NA,0.363086232980333,NA,13454.1338129496,NA,48.6733812949642,NA,0.363086232980334
27,NA,NA,3327,NA,NA,10,NA,NA,0.301477238468496,NA,NA,0.301477238468496,NA,13494.6949640288,NA,40.5611510791368,NA,0.301477238468497
28,NA,NA,3336,NA,NA,9,NA,NA,0.270513976555455,NA,NA,0.270513976555455,NA,13531.2,NA,36.5050359712241,NA,0.270513976555463
29,NA,NA,3346,NA,NA,10,NA,NA,0.299760191846523,NA,NA,0.299760191846523,NA,13571.7611510791,NA,40.5611510791368,NA,0.299760191846524
30,NA,NA,3355,NA,NA,9,NA,NA,0.268977884040646,NA,NA,0.268977884040646,NA,13608.2661870504,NA,36.5050359712241,NA,0.268977884040653
31,NA,NA,3363,NA,NA,8,NA,NA,0.238450074515648,NA,NA,0.238450074515648,NA,13640.7151079137,NA,32.4489208633076,NA,0.238450074515636
32,NA,NA,3368,NA,NA,5,NA,NA,0.148676776687481,NA,NA,0.148676776687481,NA,13660.9956834532,NA,20.2805755395693,NA,0.148676776687489
33,NA,NA,3373,NA,NA,5,NA,NA,0.148456057007126,NA,NA,0.148456057007126,NA,13681.2762589928,NA,20.2805755395693,NA,0.148456057007133
34,NA,NA,3382,NA,NA,9,NA,NA,0.266824785057812,NA,NA,0.266824785057812,NA,13717.781294964,NA,36.5050359712241,NA,0.26682478505782
35,NA,NA,3391,NA,NA,9,NA,NA,0.266114725014784,NA,NA,0.266114725014784,NA,13754.2863309353,NA,36.5050359712241,NA,0.266114725014792
36,NA,NA,3398,NA,NA,7,NA,NA,0.206428782070186,NA,NA,0.206428782070186,NA,13782.6791366907,NA,28.3928057553949,NA,0.20642878207018
37,NA,NA,3404,NA,NA,6,NA,NA,0.176574455562095,NA,NA,0.176574455562095,NA,13807.0158273381,NA,24.3366906474821,NA,0.176574455562096
38,NA,NA,3409,NA,NA,5,NA,NA,0.146886016451234,NA,NA,0.146886016451234,NA,13827.2964028777,NA,20.2805755395675,NA,0.146886016451228
39,NA,NA,3412,NA,NA,3,NA,NA,0.0880023467292461,NA,NA,0.0880023467292461,NA,13839.4647482014,NA,12.168345323742,NA,0.088002346729253
40,NA,NA,3417,NA,NA,5,NA,NA,0.146541617819461,NA,NA,0.146541617819461,NA,13859.745323741,NA,20.2805755395693,NA,0.146541617819468
41,NA,NA,3421,NA,NA,4,NA,NA,0.117061750073164,NA,NA,0.117061750073164,NA,13875.9697841727,NA,16.2244604316529,NA,0.117061750073151
42,NA,NA,3424,NA,NA,3,NA,NA,0.0876936568254896,NA,NA,0.0876936568254896,NA,13888.1381294964,NA,12.1683453237401,NA,0.0876936568254834
43,NA,NA,3432,NA,NA,8,NA,NA,0.233644859813084,NA,NA,0.233644859813084,NA,13920.5870503597,NA,32.4489208633076,NA,0.233644859813072
44,NA,NA,3436,NA,NA,4,NA,NA,0.116550116550117,NA,NA,0.116550116550117,NA,13936.8115107914,NA,16.2244604316547,NA,0.116550116550117
45,NA,NA,3438,NA,NA,2,NA,NA,0.0582072176949942,NA,NA,0.0582072176949942,NA,13944.9237410072,NA,8.11223021582555,NA,0.0582072176949813
46,NA,NA,3443,NA,NA,5,NA,NA,0.14543339150669,NA,NA,0.14543339150669,NA,13965.2043165468,NA,20.2805755395693,NA,0.145433391506697
47,NA,NA,3447,NA,NA,4,NA,NA,0.1161777519605,NA,NA,0.1161777519605,NA,13981.4287769784,NA,16.2244604316529,NA,0.116177751960487
48,NA,NA,3450,NA,NA,3,NA,NA,0.0870322019147084,NA,NA,0.0870322019147084,NA,13993.5971223022,NA,12.1683453237401,NA,0.0870322019147022
49,NA,NA,3455,NA,NA,5,NA,NA,0.144927536231884,NA,NA,0.144927536231884,NA,14013.8776978417,NA,20.2805755395675,NA,0.144927536231878
50,NA,NA,3458,NA,NA,3,NA,NA,0.0868306801736614,NA,NA,0.0868306801736614,NA,14026.0460431655,NA,12.1683453237401,NA,0.0868306801736552
51,NA,NA,3463,NA,NA,5,NA,NA,0.144592249855408,NA,NA,0.144592249855408,NA,14046.326618705,NA,20.2805755395693,NA,0.144592249855415
52,NA,NA,3468,NA,NA,5,NA,NA,0.144383482529599,NA,NA,0.144383482529599,NA,14066.6071942446,NA,20.2805755395693,NA,0.144383482529606
53,NA,NA,3472,NA,NA,4,NA,NA,0.115340253748558,NA,NA,0.115340253748558,NA,14082.8316546763,NA,16.2244604316547,NA,0.115340253748559
54,NA,NA,3475,NA,NA,3,NA,NA,0.0864055299539171,NA,NA,0.0864055299539171,NA,14095,NA,12.1683453237401,NA,0.0864055299539109
55,NA,NA,3480,NA,NA,5,NA,NA,0.143884892086331,NA,NA,0.143884892086331,NA,14115.2805755396,NA,20.2805755395675,NA,0.143884892086325
56,NA,NA,3485,NA,NA,5,NA,NA,0.14367816091954,NA,NA,0.14367816091954,NA,14135.5611510791,NA,20.2805755395675,NA,0.143678160919534
57,NA,NA,3483,NA,NA,0,NA,NA,0,NA,NA,0,NA,14135.5611510791,NA,0,NA,0
58,NA,NA,3486,NA,NA,3,NA,NA,0.0861326442721792,NA,NA,0.0861326442721792,NA,14147.7364836813,NA,12.1753326021353,NA,0.086132644272179
59,NA,NA,3490,NA,NA,4,NA,NA,0.114744693057946,NA,NA,0.114744693057946,NA,14163.9702604841,NA,16.2337768028465,NA,0.114744693057942
60,NA,NA,3493,NA,NA,3,NA,NA,0.0859598853868195,NA,NA,0.0859598853868195,NA,14176.1455930863,NA,12.1753326021353,NA,0.0859598853868193
61,NA,NA,3495,NA,NA,2,NA,NA,0.0572573718866304,NA,NA,0.0572573718866304,NA,14184.2624814877,NA,8.11688840142233,NA,0.0572573718866217
62,NA,NA,3503,NA,NA,8,NA,NA,0.228898426323319,NA,NA,0.228898426323319,NA,14216.7300350934,NA,32.4675536056948,NA,0.228898426323323
63,NA,NA,3507,NA,NA,4,NA,NA,0.114187838995147,NA,NA,0.114187838995147,NA,14232.9638118962,NA,16.2337768028483,NA,0.114187838995155
64,NA,NA,3511,NA,NA,4,NA,NA,0.114057599087539,NA,NA,0.114057599087539,NA,14249.1975886991,NA,16.2337768028465,NA,0.114057599087535
65,NA,NA,3514,NA,NA,3,NA,NA,0.0854457419538593,NA,NA,0.0854457419538593,NA,14261.3729213012,NA,12.1753326021353,NA,0.0854457419538591
66,NA,NA,3516,NA,NA,2,NA,NA,0.0569151963574274,NA,NA,0.0569151963574274,NA,14269.4898097026,NA,8.11688840142233,NA,0.0569151963574188
67,NA,NA,3518,NA,NA,2,NA,NA,0.0568828213879408,NA,NA,0.0568828213879408,NA,14277.606698104,NA,8.11688840142233,NA,0.0568828213879322
68,NA,NA,3520,NA,NA,2,NA,NA,0.0568504832291074,NA,NA,0.0568504832291074,NA,14285.7235865055,NA,8.11688840142233,NA,0.0568504832290988
69,NA,NA,3523,NA,NA,3,NA,NA,0.0852272727272727,NA,NA,0.0852272727272727,NA,14297.8989191076,NA,12.1753326021335,NA,0.0852272727272598
70,NA,NA,3526,NA,NA,3,NA,NA,0.0851546977008232,NA,NA,0.0851546977008232,NA,14310.0742517097,NA,12.1753326021353,NA,0.085154697700823
71,NA,NA,3529,NA,NA,3,NA,NA,0.0850822461712989,NA,NA,0.0850822461712989,NA,14322.2495843119,NA,12.1753326021353,NA,0.0850822461712988
72,NA,NA,3532,NA,NA,3,NA,NA,0.0850099178237461,NA,NA,0.0850099178237461,NA,14334.424916914,NA,12.1753326021353,NA,0.0850099178237459
73,NA,NA,3535,NA,NA,3,NA,NA,0.0849377123442809,NA,NA,0.0849377123442809,NA,14346.6002495161,NA,12.1753326021353,NA,0.0849377123442807
74,NA,NA,3538,NA,NA,3,NA,NA,0.0848656294200849,NA,NA,0.0848656294200849,NA,14358.7755821183,NA,12.1753326021371,NA,0.0848656294200974
75,NA,NA,3540,NA,NA,2,NA,NA,0.0565291124929339,NA,NA,0.0565291124929339,NA,14366.8924705197,NA,8.11688840142415,NA,0.056529112492938
76,NA,NA,3543,NA,NA,3,NA,NA,0.0847457627118644,NA,NA,0.0847457627118644,NA,14379.0678031218,NA,12.1753326021353,NA,0.0847457627118642
77,NA,NA,3546,NA,NA,3,NA,NA,0.0846740050804403,NA,NA,0.0846740050804403,NA,14391.243135724,NA,12.1753326021335,NA,0.0846740050804275
78,NA,NA,3550,NA,NA,4,NA,NA,0.112803158488438,NA,NA,0.112803158488438,NA,14407.4769125268,NA,16.2337768028465,NA,0.112803158488433
79,NA,NA,3553,NA,NA,3,NA,NA,0.0845070422535211,NA,NA,0.0845070422535211,NA,14419.6522451289,NA,12.1753326021335,NA,0.0845070422535083
80,NA,NA,3556,NA,NA,3,NA,NA,0.0844356881508584,NA,NA,0.0844356881508584,NA,14431.8275777311,NA,12.1753326021353,NA,0.0844356881508583
81,NA,NA,3559,NA,NA,3,NA,NA,0.0843644544431946,NA,NA,0.0843644544431946,NA,14444.0029103332,NA,12.1753326021353,NA,0.0843644544431944
82,NA,NA,3561,NA,NA,2,NA,NA,0.0561955605507165,NA,NA,0.0561955605507165,NA,14452.1197987346,NA,8.11688840142415,NA,0.0561955605507206
83,NA,NA,3563,NA,NA,2,NA,NA,0.05616399887672,NA,NA,0.05616399887672,NA,14460.2366871361,NA,8.11688840142233,NA,0.0561639988767115
