"daysFromToday","Day","Korea","Italy","X","dif.Korea","dif.Italy","dif.X","growth.Korea","growth.Italy","growth.X","prj.grKO.X","prj.grIT.X","grKO.prj.tot.X","grIT.prj.tot.X","dif.grKO.prj.tot.X","dif.grIT.prj.tot.X","growth.grKO.prj.tot.X","growth.grIT.prj.tot.X"
-68,NA,NA,NA,183,NA,NA,NA,NA,NA,NA,NA,NA,NA,NA,NA,NA,NA,NA
-67,NA,NA,NA,183,NA,NA,0,NA,NA,0,NA,NA,NA,NA,NA,NA,NA,NA
-66,NA,NA,NA,356,NA,NA,173,NA,NA,94.5355191256831,NA,NA,NA,NA,NA,NA,NA,NA
-65,NA,NA,NA,502,NA,NA,146,NA,NA,41.0112359550562,NA,NA,NA,NA,NA,NA,NA,NA
-64,NA,NA,NA,669,NA,NA,167,NA,NA,33.2669322709163,NA,NA,NA,NA,NA,NA,NA,NA
-63,NA,NA,16,838,NA,NA,169,NA,NA,25.2615844544096,NA,NA,NA,NA,NA,NA,NA,NA
-62,NA,NA,23,838,NA,7,0,NA,43.75,0,NA,NA,NA,NA,NA,NA,NA,NA
-61,NA,NA,33,1031,NA,10,193,NA,43.4782608695652,23.0310262529833,NA,NA,NA,NA,NA,NA,NA,NA
-60,NA,NA,46,1327,NA,13,296,NA,39.3939393939394,28.7099903006789,NA,NA,NA,NA,NA,NA,NA,NA
-59,NA,NA,66,1581,NA,20,254,NA,43.4782608695652,19.1409193669932,NA,NA,NA,NA,NA,NA,NA,NA
-58,NA,NA,90,1834,NA,24,253,NA,36.3636363636364,16.0025300442758,NA,NA,NA,NA,NA,NA,NA,NA
-57,NA,NA,115,2113,NA,25,279,NA,27.7777777777778,15.2126499454744,NA,NA,NA,NA,NA,NA,NA,NA
-56,NA,NA,172,2291,NA,57,178,NA,49.5652173913044,8.42404164694747,NA,NA,NA,NA,NA,NA,NA,NA
-55,NA,NA,207,2367,NA,35,76,NA,20.3488372093023,3.31732867743343,NA,NA,NA,NA,NA,NA,NA,NA
-54,NA,NA,254,2722,NA,47,355,NA,22.7053140096618,14.9978876214618,NA,NA,NA,NA,NA,NA,NA,NA
-53,NA,NA,314,3037,NA,60,315,NA,23.6220472440945,11.5723732549596,NA,NA,NA,NA,NA,NA,NA,NA
-52,NA,NA,392,3327,NA,78,290,NA,24.8407643312102,9.54889693776753,NA,NA,NA,NA,NA,NA,NA,NA
-51,NA,NA,471,3539,NA,79,212,NA,20.1530612244898,6.37210700330628,NA,NA,NA,NA,NA,NA,NA,NA
-50,NA,NA,597,3799,NA,126,260,NA,26.7515923566879,7.34670810963549,NA,NA,NA,NA,NA,NA,NA,NA
-49,NA,NA,749,4024,NA,152,225,NA,25.4606365159129,5.92261121347723,NA,NA,NA,NA,NA,NA,NA,NA
-48,NA,NA,931,4160,NA,182,136,NA,24.2990654205607,3.37972166998012,NA,NA,NA,NA,NA,NA,NA,NA
-47,NA,NA,1030,4388,NA,99,228,NA,10.6337271750806,5.48076923076923,NA,NA,NA,NA,NA,NA,NA,NA
-46,NA,NA,1265,4686,NA,235,298,NA,22.8155339805825,6.79124886052871,NA,NA,NA,NA,NA,NA,NA,NA
-45,NA,NA,1534,4895,NA,269,209,NA,21.2648221343874,4.46009389671362,NA,NA,NA,NA,NA,NA,NA,NA
-44,NA,NA,1793,5111,NA,259,216,NA,16.883963494133,4.41266598569969,NA,NA,NA,NA,NA,NA,NA,NA
-43,NA,NA,2148,5283,NA,355,172,NA,19.7992191857223,3.36529054979456,NA,NA,NA,NA,NA,NA,NA,NA
-42,NA,NA,2512,5517,NA,364,234,NA,16.9459962756052,4.42930153321976,NA,NA,NA,NA,NA,NA,NA,NA
-41,NA,NA,2840,5667,NA,328,150,NA,13.0573248407643,2.71886895051659,NA,NA,NA,NA,NA,NA,NA,NA
-40,NA,NA,3198,5807,NA,358,140,NA,12.6056338028169,2.47044291512264,NA,NA,NA,NA,NA,NA,NA,NA
-39,NA,NA,3625,5941,NA,427,134,NA,13.3520950594121,2.30755984157052,NA,NA,NA,NA,NA,NA,NA,NA
-38,NA,NA,4165,6137,NA,540,196,NA,14.8965517241379,3.29910789429389,NA,NA,NA,NA,NA,NA,NA,NA
-37,NA,NA,4773,6321,NA,608,184,NA,14.5978391356543,2.99820759328662,NA,NA,NA,NA,NA,NA,NA,NA
-36,NA,NA,5439,6625,NA,666,304,NA,13.953488372093,4.8093656067078,NA,NA,NA,NA,NA,NA,NA,NA
-35,NA,NA,6003,6826,NA,564,201,NA,10.3695532266961,3.03396226415094,NA,NA,NA,NA,NA,NA,NA,NA
-34,NA,NA,6489,6997,NA,486,171,NA,8.095952023988,2.50512745385292,NA,NA,NA,NA,NA,NA,NA,NA
-33,NA,NA,7022,7171,NA,533,174,NA,8.21390044691016,2.48678004859225,NA,NA,NA,NA,NA,NA,NA,NA
-32,NA,NA,7551,7303,NA,529,132,NA,7.53346624893193,1.84074745502719,NA,NA,NA,NA,NA,NA,NA,NA
-31,NA,NA,8181,7425,NA,630,122,NA,8.34326579261025,1.67054635081473,NA,NA,NA,NA,NA,NA,NA,NA
-30,NA,NA,8780,7562,NA,599,137,NA,7.32184329544066,1.84511784511785,NA,NA,NA,NA,NA,NA,NA,NA
-29,NA,NA,9387,7835,NA,607,273,NA,6.91343963553531,3.61015604337477,NA,NA,NA,NA,NA,NA,NA,NA
-28,NA,NA,9916,8154,NA,529,319,NA,5.63545328646,4.07147415443523,NA,NA,NA,NA,NA,NA,NA,NA
-27,NA,NA,10327,8386,NA,411,232,NA,4.14481645824929,2.84522933529556,NA,NA,NA,NA,NA,NA,NA,NA
-26,NA,NA,10739,8754,NA,412,368,NA,3.98954197734095,4.38826615788218,NA,NA,NA,NA,NA,NA,NA,NA
-25,0,12,11224,8916,NA,485,162,NA,4.51624918521278,1.85058259081563,NA,NA,NA,NA,NA,NA,NA,NA
-24,1,24,11698,9102,12,474,186,100,4.22309337134711,2.08613728129206,NA,NA,NA,NA,NA,NA,NA,NA
-23,2,52,12164,9341,28,466,239,116.666666666667,3.98358693793811,2.62579652823555,NA,NA,NA,NA,NA,NA,NA,NA
-22,3,72,12651,9489,20,487,148,38.4615384615385,4.00361723117396,1.58441280376833,NA,NA,NA,NA,NA,NA,NA,NA
-21,4,100,13089,9666,28,438,177,38.8888888888889,3.46217690301162,1.86531773632627,NA,NA,NA,NA,NA,NA,NA,NA
-20,5,117,13455,9844,17,366,178,17,2.79624111849645,1.84150631078005,NA,NA,NA,NA,NA,NA,NA,NA
-19,6,151,13763,9918,34,308,74,29.0598290598291,2.28911185432925,0.751726940268184,NA,NA,NA,NA,NA,NA,NA,NA
-18,7,211,14153,10006,60,390,88,39.7350993377483,2.83368451645717,0.887275660415406,NA,NA,NA,NA,NA,NA,NA,NA
-17,8,280,14579,10142,69,426,136,32.7014218009479,3.00996255210909,1.35918448930642,NA,NA,NA,NA,NA,NA,NA,NA
-16,9,377,14980,10317,97,401,175,34.6428571428571,2.75053158652857,1.72549792940248,NA,NA,NA,NA,NA,NA,NA,NA
-15,10,447,15457,10456,70,477,139,18.5676392572944,3.18424566088117,1.34729087913153,NA,NA,NA,NA,NA,NA,NA,NA
-14,11,519,15872,10675,72,415,219,16.1073825503356,2.68486769748334,2.09449120122418,NA,NA,NA,NA,NA,NA,NA,NA
-13,12,621,16192,10789,102,320,114,19.6531791907514,2.01612903225806,1.06791569086651,NA,NA,NA,NA,NA,NA,NA,NA
-12,13,673,16494,10945,52,302,156,8.37359098228663,1.8651185770751,1.44591713782556,NA,NA,NA,NA,NA,NA,NA,NA
-11,14,729,16765,11080,56,271,135,8.32095096582466,1.64302170486237,1.23343992690726,NA,NA,NA,NA,NA,NA,NA,NA
-10,15,789,17149,11232,60,384,152,8.23045267489712,2.29048613182225,1.37184115523466,NA,NA,NA,NA,NA,NA,NA,NA
-9,16,843,17504,11340,54,355,108,6.84410646387833,2.07009155052773,0.961538461538462,NA,NA,NA,NA,NA,NA,NA,NA
-8,17,876,17858,11558,33,354,218,3.91459074733096,2.02239488117002,1.92239858906526,NA,NA,NA,NA,NA,NA,NA,NA
-7,18,895,18167,11752,19,309,194,2.1689497716895,1.73031694478665,1.6784910884236,NA,NA,NA,NA,NA,NA,NA,NA
-6,19,899,18396,11988,4,229,236,0.446927374301676,1.26052732977377,2.00816882232811,NA,NA,NA,NA,NA,NA,NA,NA
-5,20,928,18673,12167,29,277,179,3.2258064516129,1.50576212220048,1.49315982649316,NA,NA,NA,NA,NA,NA,NA,NA
-4,21,942,19015,12291,14,342,124,1.50862068965517,1.83152144808012,1.01915016026958,NA,NA,NA,NA,NA,NA,NA,NA
-3,22,955,19284,12492,13,269,201,1.38004246284501,1.41467262687352,1.63534293385404,NA,NA,NA,NA,NA,NA,NA,NA
-2,23,968,19591,12673,13,307,181,1.36125654450262,1.59199336237295,1.44892731348063,NA,NA,NA,NA,NA,NA,NA,NA
-1,24,977,19830,12795,9,239,122,0.929752066115702,1.2199479352764,0.962676556458613,NA,NA,NA,NA,NA,NA,NA,NA
0,25,986,20066,12962,9,236,167,0.921187308085977,1.19011598587998,1.305197342712,NA,NA,12962,12962,167,167,NA,NA
1,26,996,20242,NA,10,176,NA,1.01419878296146,0.877105551679458,NA,1.01419878296146,0.877105551679458,13093.4604462475,13075.6904216087,131.460446247464,113.690421608691,1.01419878296145,0.877105551679458
2,27,1007,20455,NA,11,213,NA,1.10441767068273,1.05226756249382,NA,1.10441767068273,1.05226756249382,13238.0669371197,13213.2816704874,144.606490872209,137.591248878698,1.10441767068272,1.05226756249381
3,28,1025,20666,NA,18,211,NA,1.78748758689176,1.03153263260816,NA,1.78748758689176,1.03153263260816,13474.6957403651,13349.5809827569,236.628803245436,136.29931226951,1.78748758689176,1.03153263260816
4,29,1036,20856,NA,11,190,NA,1.07317073170732,0.919384496274073,NA,1.07317073170732,0.919384496274073,13619.3022312373,13472.3149606299,144.606490872211,122.733977873018,1.07317073170732,0.919384496274068
5,30,1053,21056,NA,17,200,NA,1.64092664092664,0.958956655159187,NA,1.64092664092664,0.958956655159187,13842.784989858,13601.5086215489,223.482758620688,129.193660918969,1.64092664092663,0.958956655159198
6,31,1065,21249,NA,12,193,NA,1.13960113960114,0.916603343465046,NA,1.13960113960114,0.916603343465046,14000.537525355,13726.1805043357,157.752535496958,124.671882786803,1.13960113960115,0.916603343465039
7,32,1073,21390,NA,8,141,NA,0.751173708920188,0.663560638147678,NA,0.751173708920188,0.663560638147678,14105.7058823529,13817.2620352836,105.168356997972,91.0815309478712,0.751173708920193,0.663560638147672
8,33,1082,21514,NA,9,124,NA,0.838769804287046,0.579710144927536,NA,0.838769804287046,0.579710144927536,14224.0202839757,13897.3621050533,118.31440162272,80.1000697697582,0.838769804287058,0.579710144927525
9,34,1094,21623,NA,12,109,NA,1.1090573012939,0.506646834619318,NA,1.1090573012939,0.506646834619318,14381.7728194726,13967.7726502542,157.752535496957,70.4105452008371,1.10905730129389,0.506646834619317
10,35,1106,21769,NA,12,146,NA,1.09689213893967,0.675206955556583,NA,1.09689213893967,0.675206955556583,14539.5253549696,14062.084022725,157.752535496957,94.3113724708455,1.09689213893967,0.675206955556579
11,36,1117,21912,NA,11,143,NA,0.994575045207957,0.656897422940879,NA,0.994575045207957,0.656897422940879,14684.1318458418,14154.4574902821,144.606490872209,92.3734675570613,0.994575045207944,0.656897422940877
12,37,1135,22046,NA,18,134,NA,1.61145926589078,0.61153705732019,NA,1.61145926589078,0.61153705732019,14920.7606490872,14241.0172430978,236.628803245434,86.5597528157086,1.61145926589077,0.611537057320193
13,38,1147,22156,NA,12,110,NA,1.05726872246696,0.498956726843872,NA,1.05726872246696,0.498956726843872,15078.5131845842,14312.0737566032,157.752535496958,71.056513505433,1.05726872246697,0.498956726843879
14,39,1157,22238,NA,10,82,NA,0.871839581517001,0.370102906661852,NA,0.871839581517001,0.370102906661852,15209.9736308316,14365.04315758,131.460446247464,52.9694009767773,0.871839581516995,0.370102906661857
15,40,1171,22313,NA,14,75,NA,1.21002592912705,0.337260545013041,NA,1.21002592912705,0.337260545013041,15394.0182555781,14413.4907804246,184.04462474645,48.4476228446129,1.21002592912705,0.337260545013041
16,41,1184,22455,NA,13,142,NA,1.11016225448335,0.636400304755075,NA,1.11016225448335,0.636400304755075,15564.9168356998,14505.2182796771,170.898580121704,91.7274992524653,1.11016225448335,0.636400304755065
17,42,1194,22546,NA,10,91,NA,0.844594594594595,0.405254954353151,NA,0.844594594594595,0.405254954353151,15696.3772819473,14564.0013953952,131.460446247465,58.7831157181299,0.844594594594601,0.405254954353149
18,43,1205,22646,NA,11,100,NA,0.921273031825796,0.443537656347024,NA,0.921273031825796,0.443537656347024,15840.9837728195,14628.5982258547,144.606490872209,64.5968304594826,0.921273031825785,0.443537656347016
19,44,1216,22726,NA,11,80,NA,0.912863070539419,0.353263269451559,NA,0.912863070539419,0.353263269451559,15985.5902636917,14680.2756902223,144.606490872211,51.6774643675853,0.91286307053942,0.353263269451548
20,45,1225,22815,NA,9,89,NA,0.740131578947368,0.391621930828126,NA,0.740131578947368,0.391621930828126,16103.9046653144,14737.7668693312,118.314401622718,57.4911791089417,0.740131578947368,0.391621930828135
21,46,1231,22884,NA,6,69,NA,0.489795918367347,0.302432610124918,NA,0.489795918367347,0.302432610124918,16182.7809330629,14782.3386823482,78.8762677484792,44.5718130170444,0.48979591836735,0.302432610124922
22,47,1237,22929,NA,6,45,NA,0.487408610885459,0.196643943366544,NA,0.487408610885459,0.196643943366544,16261.6572008114,14811.407256055,78.8762677484774,29.068573706767,0.487408610885451,0.19664394336654
23,48,1243,23012,NA,6,83,NA,0.485044462409054,0.361987003358193,NA,0.485044462409054,0.361987003358193,16340.5334685598,14865.0226253364,78.8762677484774,53.6153692813714,0.485044462409046,0.361987003358192
24,49,1248,23080,NA,5,68,NA,0.402252614641995,0.295498001042934,NA,0.402252614641995,0.295498001042934,16406.2636916836,14908.9484700488,65.7302231237336,43.9258447124503,0.402252614642004,0.295498001042943
25,50,1251,23145,NA,3,65,NA,0.240384615384615,0.281629116117851,NA,0.240384615384615,0.281629116117851,16445.7018255578,14950.9364098475,39.4381338742423,41.9879397986624,0.240384615384634,0.281629116117838
26,51,1255,23211,NA,4,66,NA,0.319744204636291,0.285158781594297,NA,0.319744204636291,0.285158781594297,16498.2860040568,14993.5703179508,52.5841784989861,42.6339081032584,0.319744204636293,0.285158781594291
27,52,1258,23279,NA,3,68,NA,0.239043824701195,0.292964542673732,NA,0.239043824701195,0.292964542673732,16537.724137931,15037.4961626632,39.4381338742387,43.9258447124485,0.239043824701191,0.292964542673729
28,53,1261,23333,NA,3,54,NA,0.238473767885533,0.231968727179003,NA,0.238473767885533,0.231968727179003,16577.1622718053,15072.3784511113,39.4381338742387,34.8822884481215,0.238473767885529,0.231968727179004
29,54,1265,23363,NA,4,30,NA,0.317208564631245,0.128573265332362,NA,0.317208564631245,0.128573265332362,16629.7464503043,15091.7575002492,52.5841784989861,19.379049137844,0.317208564631247,0.128573265332355
30,55,1268,23403,NA,3,40,NA,0.237154150197628,0.171210889012541,NA,0.237154150197628,0.171210889012541,16669.1845841785,15117.596232433,39.4381338742387,25.8387321837945,0.237154150197625,0.171210889012548
31,56,1270,23463,NA,2,60,NA,0.157728706624606,0.256377387514421,NA,0.157728706624606,0.256377387514421,16695.476673428,15156.3543307087,26.2920892494913,38.7580982756917,0.157728706624596,0.256377387514431
32,57,1273,23523,NA,3,60,NA,0.236220472440945,0.255721774709116,NA,0.236220472440945,0.255721774709116,16734.9148073022,15195.1124289843,39.4381338742387,38.7580982756899,0.236220472440941,0.255721774709115
33,58,1275,23575,NA,2,52,NA,0.157109190887667,0.221060238915104,NA,0.157109190887667,0.221060238915104,16761.2068965517,15228.7027808233,26.2920892494949,33.5903518389314,0.157109190887679,0.221060238915104
34,59,1276,23618,NA,1,43,NA,0.0784313725490196,0.182396606574761,NA,0.0784313725490196,0.182396606574761,16774.3529411765,15256.4794179209,13.1460446247474,27.7766370975769,0.0784313725490256,0.182396606574754
35,60,1278,NA,NA,2,NA,NA,0.156739811912226,NA,NA,0.156739811912226,NA,16800.645030426,NA,26.2920892494913,NA,0.156739811912216,NA
36,61,1279,NA,NA,1,NA,NA,0.0782472613458529,NA,NA,0.0782472613458529,NA,16813.7910750507,NA,13.1460446247438,NA,0.0782472613458372,NA
37,62,1280,NA,NA,1,NA,NA,0.0781860828772478,NA,NA,0.0781860828772478,NA,16826.9371196754,NA,13.1460446247438,NA,0.0781860828772322,NA
38,63,1282,NA,NA,2,NA,NA,0.15625,NA,NA,0.15625,NA,16853.2292089249,NA,26.2920892494913,NA,0.15624999999999,NA
39,64,1283,NA,NA,1,NA,NA,0.078003120124805,NA,NA,0.078003120124805,NA,16866.3752535497,NA,13.1460446247474,NA,0.078003120124811,NA
40,65,1284,NA,NA,1,NA,NA,0.0779423226812159,NA,NA,0.0779423226812159,NA,16879.5212981744,NA,13.1460446247474,NA,0.0779423226812219,NA
41,66,1285,NA,NA,1,NA,NA,0.0778816199376947,NA,NA,0.0778816199376947,NA,16892.6673427992,NA,13.1460446247474,NA,0.0778816199377007,NA
42,67,1287,NA,NA,2,NA,NA,0.155642023346304,NA,NA,0.155642023346304,NA,16918.9594320487,NA,26.2920892494913,NA,0.155642023346294,NA
43,68,1288,NA,NA,1,NA,NA,0.0777000777000777,NA,NA,0.0777000777000777,NA,16932.1054766734,NA,13.1460446247438,NA,0.0777000777000621,NA
44,69,1289,NA,NA,1,NA,NA,0.077639751552795,NA,NA,0.077639751552795,NA,16945.2515212982,NA,13.1460446247474,NA,0.077639751552801,NA
45,70,1290,NA,NA,1,NA,NA,0.0775795190069822,NA,NA,0.0775795190069822,NA,16958.3975659229,NA,13.1460446247438,NA,0.0775795190069666,NA
46,71,1290,NA,NA,0,NA,NA,0,NA,NA,0,NA,16958.3975659229,NA,0,NA,0,NA
47,72,1292,NA,NA,2,NA,NA,0.155038759689922,NA,NA,0.155038759689922,NA,16984.6896551724,NA,26.2920892494913,NA,0.155038759689913,NA
48,73,1293,NA,NA,1,NA,NA,0.0773993808049536,NA,NA,0.0773993808049536,NA,16997.8356997971,NA,13.1460446247474,NA,0.0773993808049595,NA
49,74,1293,NA,NA,0,NA,NA,0,NA,NA,0,NA,16997.8356997971,NA,0,NA,0,NA
50,75,1294,NA,NA,1,NA,NA,0.0773395204949729,NA,NA,0.0773395204949729,NA,17010.9817444219,NA,13.1460446247474,NA,0.0773395204949789,NA
51,76,1294,NA,NA,0,NA,NA,0,NA,NA,0,NA,17010.9817444219,NA,0,NA,0,NA
52,77,1296,NA,NA,2,NA,NA,0.154559505409583,NA,NA,0.154559505409583,NA,17037.2738336714,NA,26.2920892494949,NA,0.154559505409595,NA
53,78,1298,NA,NA,2,NA,NA,0.154320987654321,NA,NA,0.154320987654321,NA,17063.5659229209,NA,26.2920892494913,NA,0.154320987654311,NA
54,79,1302,NA,NA,4,NA,NA,0.308166409861325,NA,NA,0.308166409861325,NA,17116.1501014199,NA,52.5841784989861,NA,0.308166409861327,NA
55,80,1306,NA,NA,4,NA,NA,0.307219662058372,NA,NA,0.307219662058372,NA,17168.7342799188,NA,52.5841784989861,NA,0.307219662058374,NA
56,81,1309,NA,NA,3,NA,NA,0.229709035222052,NA,NA,0.229709035222052,NA,17208.1724137931,NA,39.4381338742387,NA,0.229709035222048,NA
57,82,1312,NA,NA,3,NA,NA,0.229182582123759,NA,NA,0.229182582123759,NA,17247.6105476673,NA,39.4381338742423,NA,0.229182582123776,NA
58,83,1316,NA,NA,4,NA,NA,0.304878048780488,NA,NA,0.304878048780488,NA,17300.1947261663,NA,52.5841784989825,NA,0.304878048780469,NA
59,84,1319,NA,NA,3,NA,NA,0.227963525835866,NA,NA,0.227963525835866,NA,17339.6328600406,NA,39.4381338742387,NA,0.227963525835863,NA
60,85,1321,NA,NA,2,NA,NA,0.151630022744503,NA,NA,0.151630022744503,NA,17365.92494929,NA,26.2920892494913,NA,0.151630022744494,NA
61,86,1323,NA,NA,2,NA,NA,0.151400454201363,NA,NA,0.151400454201363,NA,17392.2170385395,NA,26.2920892494949,NA,0.151400454201374,NA
62,87,1325,NA,NA,2,NA,NA,0.151171579743008,NA,NA,0.151171579743008,NA,17418.509127789,NA,26.2920892494913,NA,0.151171579742999,NA
63,88,1326,NA,NA,1,NA,NA,0.0754716981132075,NA,NA,0.0754716981132075,NA,17431.6551724138,NA,13.1460446247474,NA,0.0754716981132133,NA
64,89,1330,NA,NA,4,NA,NA,0.301659125188537,NA,NA,0.301659125188537,NA,17484.2393509128,NA,52.5841784989861,NA,0.301659125188539,NA
65,90,1331,NA,NA,1,NA,NA,0.075187969924812,NA,NA,0.075187969924812,NA,17497.3853955375,NA,13.1460446247438,NA,0.075187969924797,NA
66,91,1334,NA,NA,3,NA,NA,0.225394440270473,NA,NA,0.225394440270473,NA,17536.8235294117,NA,39.4381338742387,NA,0.22539444027047,NA
67,92,1337,NA,NA,3,NA,NA,0.224887556221889,NA,NA,0.224887556221889,NA,17576.261663286,NA,39.4381338742423,NA,0.224887556221906,NA
68,93,1340,NA,NA,3,NA,NA,0.224382946896036,NA,NA,0.224382946896036,NA,17615.6997971602,NA,39.4381338742387,NA,0.224382946896032,NA
69,94,1341,NA,NA,1,NA,NA,0.0746268656716418,NA,NA,0.0746268656716418,NA,17628.845841785,NA,13.1460446247438,NA,0.0746268656716269,NA
70,95,1344,NA,NA,3,NA,NA,0.223713646532438,NA,NA,0.223713646532438,NA,17668.2839756592,NA,39.4381338742387,NA,0.223713646532435,NA
71,96,1349,NA,NA,5,NA,NA,0.372023809523809,NA,NA,0.372023809523809,NA,17734.0141987829,NA,65.7302231237336,NA,0.372023809523818,NA
72,97,1358,NA,NA,9,NA,NA,0.667160859896219,NA,NA,0.667160859896219,NA,17852.3286004057,NA,118.31440162272,NA,0.66716085989623,NA
73,98,1365,NA,NA,7,NA,NA,0.515463917525773,NA,NA,0.515463917525773,NA,17944.3509127789,NA,92.0223123732248,NA,0.515463917525772,NA
74,99,1370,NA,NA,5,NA,NA,0.366300366300366,NA,NA,0.366300366300366,NA,18010.0811359026,NA,65.7302231237336,NA,0.366300366300374,NA
75,100,1373,NA,NA,3,NA,NA,0.218978102189781,NA,NA,0.218978102189781,NA,18049.5192697769,NA,39.4381338742387,NA,0.218978102189778,NA
