"daysFromToday","Day","Korea","Italy","X","dif.Korea","dif.Italy","dif.X","growth.Korea","growth.Italy","growth.X","prj.grKO.X","prj.grIT.X","grKO.prj.tot.X","grIT.prj.tot.X","dif.grKO.prj.tot.X","dif.grIT.prj.tot.X","growth.grKO.prj.tot.X","growth.grIT.prj.tot.X"
-126,0,7,NA,NA,NA,NA,NA,NA,NA,NA,NA,NA,NA,NA,NA,NA,NA,NA
-125,1,14,NA,NA,7,NA,NA,100,NA,NA,NA,NA,NA,NA,NA,NA,NA,NA
-124,2,30,NA,NA,16,NA,NA,114.285714285714,NA,NA,NA,NA,NA,NA,NA,NA,NA,NA
-123,3,42,NA,NA,12,NA,NA,40,NA,NA,NA,NA,NA,NA,NA,NA,NA,NA
-122,4,58,NA,NA,16,NA,NA,38.0952380952381,NA,NA,NA,NA,NA,NA,NA,NA,NA,NA
-121,5,68,NA,NA,10,NA,NA,17.2413793103448,NA,NA,NA,NA,NA,NA,NA,NA,NA,NA
-120,6,88,NA,NA,20,NA,NA,29.4117647058824,NA,NA,NA,NA,NA,NA,NA,NA,NA,NA
-119,7,123,NA,NA,35,NA,NA,39.7727272727273,NA,NA,NA,NA,NA,NA,NA,NA,NA,NA
-118,8,163,NA,NA,40,NA,NA,32.520325203252,NA,NA,NA,NA,NA,NA,NA,NA,NA,NA
-117,9,219,NA,NA,56,NA,NA,34.3558282208589,NA,NA,NA,NA,NA,NA,NA,NA,NA,NA
-116,10,260,NA,NA,41,NA,NA,18.7214611872146,NA,NA,NA,NA,NA,NA,NA,NA,NA,NA
-115,11,301,NA,NA,41,NA,NA,15.7692307692308,NA,NA,NA,NA,NA,NA,NA,NA,NA,NA
-114,12,361,NA,NA,60,NA,NA,19.9335548172757,NA,NA,NA,NA,NA,NA,NA,NA,NA,NA
-113,13,391,NA,NA,30,NA,NA,8.31024930747922,NA,NA,NA,NA,NA,NA,NA,NA,NA,NA
-112,14,423,NA,NA,32,NA,NA,8.18414322250639,NA,NA,NA,NA,NA,NA,NA,NA,NA,NA
-111,15,458,NA,NA,35,NA,NA,8.274231678487,NA,NA,NA,NA,NA,NA,NA,NA,NA,NA
-110,16,490,NA,194,32,NA,NA,6.98689956331878,NA,NA,NA,NA,NA,NA,NA,NA,NA,NA
-109,17,509,NA,194,19,NA,0,3.87755102040816,NA,0,NA,NA,NA,NA,NA,NA,NA,NA
-108,18,520,NA,223,11,NA,29,2.16110019646365,NA,14.9484536082474,NA,NA,NA,NA,NA,NA,NA,NA
-107,19,522,NA,415,2,NA,192,0.384615384615385,NA,86.0986547085202,NA,NA,NA,NA,NA,NA,NA,NA
-106,20,539,NA,618,17,NA,203,3.25670498084291,NA,48.9156626506024,NA,NA,NA,NA,NA,NA,NA,NA
-105,21,547,NA,875,8,NA,257,1.48423005565863,NA,41.5857605177994,NA,NA,NA,NA,NA,NA,NA,NA
-104,22,555,NA,1012,8,NA,137,1.46252285191956,NA,15.6571428571429,NA,NA,NA,NA,NA,NA,NA,NA
-103,23,562,NA,1291,7,NA,279,1.26126126126126,NA,27.5691699604743,NA,NA,NA,NA,NA,NA,NA,NA
-102,24,568,NA,1291,6,NA,0,1.06761565836299,NA,0,NA,NA,NA,NA,NA,NA,NA,NA
-101,25,573,NA,1993,5,NA,702,0.880281690140845,NA,54.3764523625097,NA,NA,NA,NA,NA,NA,NA,NA
-100,26,579,NA,2571,6,NA,578,1.04712041884817,NA,29.0015052684395,NA,NA,NA,NA,NA,NA,NA,NA
-99,27,585,NA,3128,6,NA,557,1.03626943005181,NA,21.6647218980941,NA,NA,NA,NA,NA,NA,NA,NA
-98,28,596,NA,3557,11,NA,429,1.88034188034188,NA,13.7148337595908,NA,NA,NA,NA,NA,NA,NA,NA
-97,29,602,NA,3824,6,NA,267,1.00671140939597,NA,7.50632555524318,NA,NA,NA,NA,NA,NA,NA,NA
-96,30,612,NA,4914,10,NA,1090,1.66112956810631,NA,28.5041841004184,NA,NA,NA,NA,NA,NA,NA,NA
-95,31,619,NA,5276,7,NA,362,1.1437908496732,NA,7.36670736670737,NA,NA,NA,NA,NA,NA,NA,NA
-94,32,623,NA,5675,4,NA,399,0.646203554119548,NA,7.56254738438211,NA,NA,NA,NA,NA,NA,NA,NA
-93,33,628,NA,6906,5,NA,1231,0.802568218298555,NA,21.6916299559471,NA,NA,NA,NA,NA,NA,NA,NA
-92,34,635,NA,7781,7,NA,875,1.11464968152866,NA,12.6701419055893,NA,NA,NA,NA,NA,NA,NA,NA
-91,35,643,NA,7781,8,NA,0,1.25984251968504,NA,0,NA,NA,NA,NA,NA,NA,NA,NA
-90,36,649,NA,9784,6,NA,2003,0.933125972006221,NA,25.7421925202416,NA,NA,NA,NA,NA,NA,NA,NA
-89,37,659,NA,10538,10,NA,754,1.54083204930663,NA,7.70645952575634,NA,NA,NA,NA,NA,NA,NA,NA
-88,38,666,NA,11510,7,NA,972,1.06221547799697,NA,9.2237616245967,NA,NA,NA,NA,NA,NA,NA,NA
-87,39,672,NA,12035,6,NA,525,0.900900900900901,NA,4.56125108601216,NA,NA,NA,NA,NA,NA,NA,NA
-86,40,681,NA,13381,9,NA,1346,1.33928571428571,NA,11.1840465309514,NA,NA,NA,NA,NA,NA,NA,NA
-85,41,688,9,13989,7,NA,608,1.02790014684288,NA,4.54375607204245,NA,NA,NA,NA,NA,NA,NA,NA
-84,42,694,14,14755,6,5,766,0.872093023255814,55.5555555555556,5.47573093144614,NA,NA,NA,NA,NA,NA,NA,NA
-83,43,700,19,15884,6,5,1129,0.864553314121038,35.7142857142857,7.65164351067435,NA,NA,NA,NA,NA,NA,NA,NA
-82,44,706,27,16809,6,8,925,0.857142857142857,42.1052631578947,5.82347015865021,NA,NA,NA,NA,NA,NA,NA,NA
-81,45,712,39,16809,6,12,0,0.84985835694051,44.4444444444444,0,NA,NA,NA,NA,NA,NA,NA,NA
-80,46,715,52,17550,3,13,741,0.421348314606742,33.3333333333333,4.40835266821346,NA,NA,NA,NA,NA,NA,NA,NA
-79,47,718,67,19815,3,15,2265,0.41958041958042,28.8461538461538,12.9059829059829,NA,NA,NA,NA,NA,NA,NA,NA
-78,48,722,100,20360,4,33,545,0.557103064066852,49.2537313432836,2.75044158465809,NA,NA,NA,NA,NA,NA,NA,NA
-77,49,725,120,22469,3,20,2109,0.415512465373961,20,10.3585461689587,NA,NA,NA,NA,NA,NA,NA,NA
-76,50,727,148,23100,2,28,631,0.275862068965517,23.3333333333333,2.80831367662112,NA,NA,NA,NA,NA,NA,NA,NA
-75,51,729,182,23921,2,34,821,0.275103163686382,22.972972972973,3.55411255411255,NA,NA,NA,NA,NA,NA,NA,NA
-74,52,731,227,24582,2,45,661,0.274348422496571,24.7252747252747,2.76326240541783,NA,NA,NA,NA,NA,NA,NA,NA
-73,53,733,273,25269,2,46,687,0.27359781121751,20.2643171806167,2.79472784964608,NA,NA,NA,NA,NA,NA,NA,NA
-72,54,735,347,25269,2,74,0,0.272851296043656,27.1062271062271,0,NA,NA,NA,NA,NA,NA,NA,NA
-71,55,737,435,26312,2,88,1043,0.272108843537415,25.3602305475504,4.12758716213542,NA,NA,NA,NA,NA,NA,NA,NA
-70,56,738,541,26767,1,106,455,0.135685210312076,24.367816091954,1.72924901185771,NA,NA,NA,NA,NA,NA,NA,NA
-69,57,740,598,27700,2,57,933,0.2710027100271,10.5360443622921,3.48563529719431,NA,NA,NA,NA,NA,NA,NA,NA
-68,58,741,735,28764,1,137,1064,0.135135135135135,22.9096989966555,3.84115523465704,NA,NA,NA,NA,NA,NA,NA,NA
-67,59,741,891,28764,0,156,0,0,21.2244897959184,0,NA,NA,NA,NA,NA,NA,NA,NA
-66,60,742,1041,29287,1,150,523,0.134952766531714,16.8350168350168,1.81824502850786,NA,NA,NA,NA,NA,NA,NA,NA
-65,61,743,1248,29287,1,207,0,0.134770889487871,19.8847262247839,0,NA,NA,NA,NA,NA,NA,NA,NA
-64,62,744,1459,30621,1,211,1334,0.134589502018843,16.9070512820513,4.55492197903507,NA,NA,NA,NA,NA,NA,NA,NA
-63,63,745,1650,30995,1,191,374,0.134408602150538,13.0911583276217,1.22138401750433,NA,NA,NA,NA,NA,NA,NA,NA
-62,64,745,1858,31784,0,208,789,0,12.6060606060606,2.54557186643007,NA,NA,NA,NA,NA,NA,NA,NA
-61,65,746,2106,32411,1,248,627,0.134228187919463,13.3476856835307,1.97269066196829,NA,NA,NA,NA,NA,NA,NA,NA
-60,66,747,2420,32984,1,314,573,0.134048257372654,14.9097815764482,1.76791829934282,NA,NA,NA,NA,NA,NA,NA,NA
-59,67,748,2773,33554,1,353,570,0.133868808567604,14.5867768595041,1.72811059907834,NA,NA,NA,NA,NA,NA,NA,NA
-58,68,748,3159,33765,0,386,211,0,13.9199423007573,0.628837098408535,NA,NA,NA,NA,NA,NA,NA,NA
-57,69,749,3487,34333,1,328,568,0.133689839572192,10.3830326052548,1.68221531171331,NA,NA,NA,NA,NA,NA,NA,NA
-56,70,749,3770,34855,0,283,522,0,8.11585890450244,1.52040311070981,NA,NA,NA,NA,NA,NA,NA,NA
-55,71,750,4079,35464,1,309,609,0.133511348464619,8.19628647214854,1.74723855974753,NA,NA,NA,NA,NA,NA,NA,NA
-54,72,751,4386,36085,1,307,621,0.133333333333333,7.52635449865163,1.75107150913603,NA,NA,NA,NA,NA,NA,NA,NA
-53,73,751,4752,36703,0,366,618,0,8.34473324213406,1.71262297353471,NA,NA,NA,NA,NA,NA,NA,NA
-52,74,751,5101,37419,0,349,716,0,7.3442760942761,1.95079421300711,NA,NA,NA,NA,NA,NA,NA,NA
-51,75,751,5453,38116,0,352,697,0,6.90060772397569,1.86269007723349,NA,NA,NA,NA,NA,NA,NA,NA
-50,76,752,5760,38430,1,307,314,0.133155792276964,5.62992847973593,0.8238010284395,NA,NA,NA,NA,NA,NA,NA,NA
-49,77,753,5999,39017,1,239,587,0.132978723404255,4.14930555555556,1.52745251105907,NA,NA,NA,NA,NA,NA,NA,NA
-48,78,754,6238,39208,1,239,191,0.132802124833997,3.98399733288881,0.489530204782531,NA,NA,NA,NA,NA,NA,NA,NA
-47,79,756,6520,39640,2,282,432,0.26525198938992,4.52067970503366,1.10181595592736,NA,NA,NA,NA,NA,NA,NA,NA
-46,80,759,6796,40022,3,276,382,0.396825396825397,4.23312883435583,0.963673057517659,NA,NA,NA,NA,NA,NA,NA,NA
-45,81,760,7066,40468,1,270,446,0.131752305665349,3.97292525014715,1.11438708710209,NA,NA,NA,NA,NA,NA,NA,NA
-44,82,762,7349,40873,2,283,405,0.263157894736842,4.00509482026606,1.00079074824553,NA,NA,NA,NA,NA,NA,NA,NA
-43,83,764,7604,41303,2,255,430,0.26246719160105,3.46985984487685,1.05203924351039,NA,NA,NA,NA,NA,NA,NA,NA
-42,84,766,7816,41288,2,212,-15,0.261780104712042,2.78800631246712,-0.0363169745539065,NA,NA,NA,NA,NA,NA,NA,NA
-41,85,768,7995,41559,2,179,271,0.261096605744125,2.29017400204708,0.656365045533811,NA,NA,NA,NA,NA,NA,NA,NA
-40,86,768,8221,41762,0,226,203,0,2.82676672920575,0.488462186289372,NA,NA,NA,NA,NA,NA,NA,NA
-39,87,769,8469,42022,1,248,260,0.130208333333333,3.01666463933828,0.622575547148125,NA,NA,NA,NA,NA,NA,NA,NA
-38,88,770,8702,42201,1,233,179,0.130039011703511,2.75121029637502,0.425967350435486,NA,NA,NA,NA,NA,NA,NA,NA
-37,89,773,8979,42740,3,277,539,0.38961038961039,3.18317628131464,1.27722091893557,NA,NA,NA,NA,NA,NA,NA,NA
-36,90,773,9220,42979,0,241,239,0,2.68404053903553,0.55919513336453,NA,NA,NA,NA,NA,NA,NA,NA
-35,91,775,9406,43091,2,186,112,0.258732212160414,2.0173535791757,0.260592382326252,NA,NA,NA,NA,NA,NA,NA,NA
-34,92,776,9582,43239,1,176,148,0.129032258064516,1.87114607697215,0.343459191014365,NA,NA,NA,NA,NA,NA,NA,NA
-33,93,778,9739,43460,2,157,221,0.257731958762887,1.63848883322897,0.511112652929069,NA,NA,NA,NA,NA,NA,NA,NA
-32,94,779,9962,43818,1,223,358,0.12853470437018,2.28976280932334,0.82374597330879,NA,NA,NA,NA,NA,NA,NA,NA
-31,95,781,10168,43968,2,206,150,0.256739409499358,2.0678578598675,0.342325071888265,NA,NA,NA,NA,NA,NA,NA,NA
-30,96,783,10374,44092,2,206,124,0.256081946222791,2.02596380802518,0.282023289665211,NA,NA,NA,NA,NA,NA,NA,NA
-29,97,789,10554,44179,6,180,87,0.766283524904214,1.73510699826489,0.197314705615531,NA,NA,NA,NA,NA,NA,NA,NA
-28,98,793,10687,44347,4,133,168,0.506970849176172,1.26018571157855,0.380271169560198,NA,NA,NA,NA,NA,NA,NA,NA
-27,99,796,10847,44461,3,160,114,0.378310214375788,1.497146065313,0.257063611969243,NA,NA,NA,NA,NA,NA,NA,NA
-26,100,797,11046,44689,1,199,228,0.125628140703518,1.83460864755232,0.512808978655451,NA,NA,NA,NA,NA,NA,NA,NA
-25,101,800,11202,44994,3,156,305,0.376411543287327,1.41227593699077,0.682494573608718,NA,NA,NA,NA,NA,NA,NA,NA
-24,102,803,11380,45088,3,178,94,0.375,1.58900196393501,0.208916744454816,NA,NA,NA,NA,NA,NA,NA,NA
-23,103,806,11519,45235,3,139,147,0.37359900373599,1.22144112478032,0.326029098651526,NA,NA,NA,NA,NA,NA,NA,NA
-22,104,809,11656,45349,3,137,114,0.372208436724566,1.18933935237434,0.252017243285067,NA,NA,NA,NA,NA,NA,NA,NA
-21,105,811,11759,45429,2,103,80,0.247218788627936,0.883665065202471,0.176409623144943,NA,NA,NA,NA,NA,NA,NA,NA
-20,106,815,11882,45440,4,123,11,0.493218249075216,1.04600731354707,0.0242136080477228,NA,NA,NA,NA,NA,NA,NA,NA
-19,107,819,12005,45557,4,123,117,0.49079754601227,1.03517926275038,0.257482394366197,NA,NA,NA,NA,NA,NA,NA,NA
-18,108,822,12116,45715,3,111,158,0.366300366300366,0.924614743856726,0.346818271615778,NA,NA,NA,NA,NA,NA,NA,NA
-17,109,824,12232,45755,2,116,40,0.24330900243309,0.957411687025421,0.087498632833862,NA,NA,NA,NA,NA,NA,NA,NA
-16,110,828,12344,45782,4,112,27,0.485436893203883,0.91563113145847,0.059009944268386,NA,NA,NA,NA,NA,NA,NA,NA
-15,111,831,12425,45899,3,81,117,0.36231884057971,0.656189241736876,0.255558953300424,NA,NA,NA,NA,NA,NA,NA,NA
-14,112,835,12497,45913,4,72,14,0.481347773766546,0.579476861167002,0.0305017538508464,NA,NA,NA,NA,NA,NA,NA,NA
-13,113,838,12561,45994,3,64,81,0.359281437125749,0.51212290949828,0.176420621610437,NA,NA,NA,NA,NA,NA,NA,NA
-12,114,840,12646,46059,2,85,65,0.238663484486874,0.676697715150068,0.141322781232335,NA,NA,NA,NA,NA,NA,NA,NA
-11,115,843,12729,46206,3,83,147,0.357142857142857,0.656334018662027,0.319155865303198,NA,NA,NA,NA,NA,NA,NA,NA
-10,116,845,12807,46303,2,78,97,0.237247924080664,0.612773980674051,0.209929446392243,NA,NA,NA,NA,NA,NA,NA,NA
-9,117,848,12871,46362,3,64,59,0.355029585798817,0.4997267119544,0.127421549359653,NA,NA,NA,NA,NA,NA,NA,NA
-8,118,852,12918,46514,4,47,152,0.471698113207547,0.365161992075208,0.327854708597558,NA,NA,NA,NA,NA,NA,NA,NA
-7,119,856,12962,46572,4,44,58,0.469483568075117,0.340610001548227,0.124693640624328,NA,NA,NA,NA,NA,NA,NA,NA
-6,120,860,13045,46646,4,83,74,0.467289719626168,0.640333281900941,0.158893755904836,NA,NA,NA,NA,NA,NA,NA,NA
-5,121,864,13097,46717,4,52,71,0.465116279069767,0.398620160981219,0.152210264545727,NA,NA,NA,NA,NA,NA,NA,NA
-4,122,865,13155,46717,1,58,0,0.115740740740741,0.442849507520806,0,NA,NA,NA,NA,NA,NA,NA,NA
-3,123,868,13202,46717,3,47,0,0.346820809248555,0.357278601292284,0,NA,NA,NA,NA,NA,NA,NA,NA
-2,124,872,13254,46976,4,52,259,0.460829493087558,0.393879715194667,0.554402037802085,NA,NA,NA,NA,NA,NA,NA,NA
-1,125,874,13293,47033,2,39,57,0.229357798165138,0.294250792213671,0.121338555858311,NA,NA,NA,NA,NA,NA,NA,NA
0,126,876,13320,47108,2,27,75,0.22883295194508,0.2031144211239,0.159462505049646,NA,NA,47108,47108,75,75,NA,NA
1,127,880,13368,NA,4,48,NA,0.45662100456621,0.36036036036036,NA,0.45662100456621,0.36036036036036,47323.105022831,47277.7585585586,215.105022831049,169.758558558555,0.456621004566207,0.360360360360352
2,128,884,13407,NA,4,39,NA,0.454545454545455,0.291741472172352,NA,0.454545454545455,0.291741472172352,47538.2100456621,47415.6873873874,215.105022831056,137.92882882883,0.454545454545467,0.291741472172354
3,129,887,13445,NA,3,38,NA,0.339366515837104,0.28343402700082,NA,0.339366515837104,0.28343402700082,47699.5388127854,47550.0795795796,161.32876712329,134.392192192194,0.339366515837109,0.283434027000824
4,130,890,13483,NA,3,38,NA,0.338218714768884,0.282632949051692,NA,0.338218714768884,0.282632949051692,47860.8675799087,47684.4717717718,161.32876712329,134.392192192186,0.338218714768889,0.28263294905168
5,131,894,13523,NA,4,40,NA,0.449438202247191,0.296669880590373,NA,0.449438202247191,0.296669880590373,48075.9726027397,47825.9372372372,215.105022831049,141.465465465473,0.449438202247188,0.296669880590389
6,132,897,13554,NA,3,31,NA,0.335570469798658,0.229239074169933,NA,0.335570469798658,0.229239074169933,48237.301369863,47935.572972973,161.32876712329,109.635735735741,0.335570469798663,0.229239074169944
7,133,902,13572,NA,5,18,NA,0.557413600891862,0.132802124833997,NA,0.557413600891862,0.132802124833997,48506.1826484018,47999.2324324324,268.881278538807,63.6594594594571,0.55741360089185,0.132802124833992
8,134,906,13595,NA,4,23,NA,0.443458980044346,0.169466548776894,NA,0.443458980044346,0.169466548776894,48721.2876712329,48080.5750750751,215.105022831049,81.3426426426449,0.443458980044343,0.169466548776898
9,135,910,13630,NA,4,35,NA,0.441501103752759,0.257447591026113,NA,0.441501103752759,0.257447591026113,48936.3926940639,48204.3573573574,215.105022831049,123.782282282278,0.441501103752756,0.257447591026104
10,136,914,13665,NA,4,35,NA,0.43956043956044,0.256786500366838,NA,0.43956043956044,0.256786500366838,49151.497716895,48328.1396396396,215.105022831049,123.782282282285,0.439560439560436,0.256786500366844
11,137,917,13695,NA,3,30,NA,0.328227571115974,0.21953896816685,NA,0.328227571115974,0.21953896816685,49312.8264840183,48434.2387387387,161.328767123283,106.099099099098,0.328227571115964,0.219538968166847
12,138,921,13720,NA,4,25,NA,0.436205016357688,0.18254837531946,NA,0.436205016357688,0.18254837531946,49527.9315068493,48522.6546546547,215.105022831049,88.4159159159171,0.436205016357685,0.182548375319462
13,139,924,13739,NA,3,19,NA,0.325732899022801,0.138483965014577,NA,0.325732899022801,0.138483965014577,49689.2602739726,48589.8507507508,161.32876712329,67.1960960960932,0.325732899022806,0.138483965014571
14,NA,NA,13751,NA,NA,12,NA,NA,0.0873426013538103,NA,NA,0.0873426013538103,NA,48632.2903903904,NA,42.4396396396405,NA,0.0873426013538121
15,NA,NA,13770,NA,NA,19,NA,NA,0.138171769325867,NA,NA,0.138171769325867,NA,48699.4864864865,NA,67.1960960960932,NA,0.138171769325861
16,NA,NA,13789,NA,NA,19,NA,NA,0.137981118373275,NA,NA,0.137981118373275,NA,48766.6825825826,NA,67.1960960960932,NA,0.137981118373269
17,NA,NA,13799,NA,NA,10,NA,NA,0.0725215751686127,NA,NA,0.0725215751686127,NA,48802.0489489489,NA,35.3663663663683,NA,0.0725215751686167
18,NA,NA,13830,NA,NA,31,NA,NA,0.224653960431915,NA,NA,0.224653960431915,NA,48911.6846846847,NA,109.635735735741,NA,0.224653960431926
19,NA,NA,13846,NA,NA,16,NA,NA,0.115690527838033,NA,NA,0.115690527838033,NA,48968.2708708709,NA,56.5861861861922,NA,0.115690527838046
20,NA,NA,13857,NA,NA,11,NA,NA,0.0794453271703019,NA,NA,0.0794453271703019,NA,49007.1738738739,NA,38.9030030030044,NA,0.0794453271703048
21,NA,NA,13874,NA,NA,17,NA,NA,0.122681677130692,NA,NA,0.122681677130692,NA,49067.2966966967,NA,60.1228228228283,NA,0.122681677130703
22,NA,NA,13890,NA,NA,16,NA,NA,0.115323626928067,NA,NA,0.115323626928067,NA,49123.8828828829,NA,56.5861861861922,NA,0.115323626928079
23,NA,NA,13902,NA,NA,12,NA,NA,0.0863930885529158,NA,NA,0.0863930885529158,NA,49166.3225225225,NA,42.4396396396405,NA,0.0863930885529175
24,NA,NA,13925,NA,NA,23,NA,NA,0.165443821032945,NA,NA,0.165443821032945,NA,49247.6651651652,NA,81.3426426426377,NA,0.165443821032935
25,NA,NA,13934,NA,NA,9,NA,NA,0.0646319569120287,NA,NA,0.0646319569120287,NA,49279.4948948949,NA,31.8297297297249,NA,0.064631956912019
26,NA,NA,13955,NA,NA,21,NA,NA,0.150710492320942,NA,NA,0.150710492320942,NA,49353.7642642643,NA,74.2693693693654,NA,0.150710492320934
27,NA,NA,13975,NA,NA,20,NA,NA,0.143317807237549,NA,NA,0.143317807237549,NA,49424.496996997,NA,70.7327327327366,NA,0.143317807237557
28,NA,NA,13992,NA,NA,17,NA,NA,0.121645796064401,NA,NA,0.121645796064401,NA,49484.6198198198,NA,60.122822822821,NA,0.121645796064397
29,NA,NA,14005,NA,NA,13,NA,NA,0.0929102344196684,NA,NA,0.0929102344196684,NA,49530.5960960961,NA,45.9762762762766,NA,0.0929102344196691
30,NA,NA,14024,NA,NA,19,NA,NA,0.135665833630846,NA,NA,0.135665833630846,NA,49597.7921921922,NA,67.1960960961005,NA,0.135665833630855
31,NA,NA,14044,NA,NA,20,NA,NA,0.142612664004564,NA,NA,0.142612664004564,NA,49668.5249249249,NA,70.7327327327366,NA,0.142612664004571
32,NA,NA,14035,NA,NA,-9,NA,NA,-0.0640843064653945,NA,NA,-0.0640843064653945,NA,49636.6951951952,NA,-31.8297297297322,NA,-0.0640843064653994
33,NA,NA,14050,NA,NA,15,NA,NA,0.106875667972925,NA,NA,0.106875667972925,NA,49689.7447447448,NA,53.0495495495488,NA,0.106875667972923
34,NA,NA,14064,NA,NA,14,NA,NA,0.099644128113879,NA,NA,0.099644128113879,NA,49739.2576576577,NA,49.5129129129127,NA,0.0996441281138786
35,NA,NA,14077,NA,NA,13,NA,NA,0.0924345847554039,NA,NA,0.0924345847554039,NA,49785.233933934,NA,45.9762762762766,NA,0.0924345847554045
