"daysFromToday","Day","Korea","Italy","X","dif.Korea","dif.Italy","dif.X","growth.Korea","growth.Italy","growth.X","prj.grKO.X","prj.grIT.X","grKO.prj.tot.X","grIT.prj.tot.X","dif.grKO.prj.tot.X","dif.grIT.prj.tot.X","growth.grKO.prj.tot.X","growth.grIT.prj.tot.X"
-57,NA,NA,NA,58,NA,NA,NA,NA,NA,NA,NA,NA,NA,NA,NA,NA,NA,NA
-56,NA,NA,NA,66,NA,NA,8,NA,NA,13.7931034482759,NA,NA,NA,NA,NA,NA,NA,NA
-55,NA,NA,NA,66,NA,NA,0,NA,NA,0,NA,NA,NA,NA,NA,NA,NA,NA
-54,NA,NA,NA,70,NA,NA,4,NA,NA,6.06060606060606,NA,NA,NA,NA,NA,NA,NA,NA
-53,NA,NA,NA,70,NA,NA,0,NA,NA,0,NA,NA,NA,NA,NA,NA,NA,NA
-52,NA,NA,NA,79,NA,NA,9,NA,NA,12.8571428571429,NA,NA,NA,NA,NA,NA,NA,NA
-51,NA,NA,NA,79,NA,NA,0,NA,NA,0,NA,NA,NA,NA,NA,NA,NA,NA
-50,NA,NA,NA,92,NA,NA,13,NA,NA,16.4556962025316,NA,NA,NA,NA,NA,NA,NA,NA
-49,NA,NA,NA,101,NA,NA,9,NA,NA,9.78260869565217,NA,NA,NA,NA,NA,NA,NA,NA
-48,NA,NA,NA,110,NA,NA,9,NA,NA,8.91089108910891,NA,NA,NA,NA,NA,NA,NA,NA
-47,NA,NA,NA,130,NA,NA,20,NA,NA,18.1818181818182,NA,NA,NA,NA,NA,NA,NA,NA
-46,NA,NA,NA,142,NA,NA,12,NA,NA,9.23076923076923,NA,NA,NA,NA,NA,NA,NA,NA
-45,NA,NA,NA,160,NA,NA,18,NA,NA,12.6760563380282,NA,NA,NA,NA,NA,NA,NA,NA
-44,NA,NA,NA,204,NA,NA,44,NA,NA,27.5,NA,NA,NA,NA,NA,NA,NA,NA
-43,NA,NA,NA,221,NA,NA,17,NA,NA,8.33333333333333,NA,NA,NA,NA,NA,NA,NA,NA
-42,NA,NA,NA,280,NA,NA,59,NA,NA,26.6968325791855,NA,NA,NA,NA,NA,NA,NA,NA
-41,NA,NA,NA,326,NA,NA,46,NA,NA,16.4285714285714,NA,NA,NA,NA,NA,NA,NA,NA
-40,NA,NA,NA,333,NA,NA,7,NA,NA,2.14723926380368,NA,NA,NA,NA,NA,NA,NA,NA
-39,NA,NA,0,396,NA,NA,63,NA,NA,18.9189189189189,NA,NA,NA,NA,NA,NA,NA,NA
-38,NA,NA,0,396,NA,0,0,NA,NA,0,NA,NA,NA,NA,NA,NA,NA,NA
-37,NA,NA,0,499,NA,0,103,NA,NA,26.010101010101,NA,NA,NA,NA,NA,NA,NA,NA
-36,NA,NA,1,572,NA,1,73,NA,Inf,14.6292585170341,NA,NA,NA,NA,NA,NA,NA,NA
-35,NA,NA,1,684,NA,0,112,NA,0,19.5804195804196,NA,NA,NA,NA,NA,NA,NA,NA
-34,NA,NA,1,766,NA,0,82,NA,0,11.9883040935673,NA,NA,NA,NA,NA,NA,NA,NA
-33,NA,NA,2,818,NA,1,52,NA,100,6.78851174934726,NA,NA,NA,NA,NA,NA,NA,NA
-32,NA,NA,2,876,NA,0,58,NA,0,7.09046454767726,NA,NA,NA,NA,NA,NA,NA,NA
-31,NA,NA,3,907,NA,1,31,NA,50,3.53881278538813,NA,NA,NA,NA,NA,NA,NA,NA
-30,NA,NA,4,971,NA,1,64,NA,33.3333333333333,7.05622932745314,NA,NA,NA,NA,NA,NA,NA,NA
-29,NA,NA,5,1027,NA,1,56,NA,25,5.76725025746653,NA,NA,NA,NA,NA,NA,NA,NA
-28,NA,NA,6,1101,NA,1,74,NA,20,7.20545277507303,NA,NA,NA,NA,NA,NA,NA,NA
-27,NA,NA,8,1101,NA,2,0,NA,33.3333333333333,0,NA,NA,NA,NA,NA,NA,NA,NA
-26,NA,NA,9,1124,NA,1,23,NA,12.5,2.08900999091735,NA,NA,NA,NA,NA,NA,NA,NA
-25,NA,NA,12,1179,NA,3,55,NA,33.3333333333333,4.8932384341637,NA,NA,NA,NA,NA,NA,NA,NA
-24,NA,NA,15,1327,NA,3,148,NA,25,12.5530110262935,NA,NA,NA,NA,NA,NA,NA,NA
-23,NA,NA,18,1421,NA,3,94,NA,20,7.08364732479277,NA,NA,NA,NA,NA,NA,NA,NA
-22,0,0,20,1462,NA,2,41,NA,11.1111111111111,2.88529204785362,NA,NA,NA,NA,NA,NA,NA,NA
-21,1,0,25,2080,0,5,618,NA,25,42.2708618331053,NA,NA,NA,NA,NA,NA,NA,NA
-20,2,1,30,2129,1,5,49,Inf,20,2.35576923076923,NA,NA,NA,NA,NA,NA,NA,NA
-19,3,1,35,2129,0,5,0,0,16.6666666666667,0,NA,NA,NA,NA,NA,NA,NA,NA
-18,4,2,42,2145,1,7,16,100,20,0.751526538280883,NA,NA,NA,NA,NA,NA,NA,NA
-17,5,2,49,2193,0,7,48,0,16.6666666666667,2.23776223776224,NA,NA,NA,NA,NA,NA,NA,NA
-16,6,3,55,2196,1,6,3,50,12.2448979591837,0.136798905608755,NA,NA,NA,NA,NA,NA,NA,NA
-15,7,4,62,2202,1,7,6,33.3333333333333,12.7272727272727,0.273224043715847,NA,NA,NA,NA,NA,NA,NA,NA
-14,8,5,71,2229,1,9,27,25,14.5161290322581,1.22615803814714,NA,NA,NA,NA,NA,NA,NA,NA
-13,9,7,81,2238,2,10,9,40,14.0845070422535,0.403768506056528,NA,NA,NA,NA,NA,NA,NA,NA
-12,10,9,93,2238,2,12,0,28.5714285714286,14.8148148148148,0,NA,NA,NA,NA,NA,NA,NA,NA
-11,11,10,106,2238,1,13,0,11.1111111111111,13.9784946236559,0,NA,NA,NA,NA,NA,NA,NA,NA
-10,12,12,117,2251,2,11,13,20,10.377358490566,0.580875781948168,NA,NA,NA,NA,NA,NA,NA,NA
-9,13,13,127,2266,1,10,15,8.33333333333333,8.54700854700855,0.666370501999112,NA,NA,NA,NA,NA,NA,NA,NA
-8,14,14,137,2276,1,10,10,7.69230769230769,7.8740157480315,0.441306266548985,NA,NA,NA,NA,NA,NA,NA,NA
-7,15,15,147,2317,1,10,41,7.14285714285714,7.2992700729927,1.80140597539543,NA,NA,NA,NA,NA,NA,NA,NA
-6,16,16,159,2321,1,12,4,6.66666666666667,8.16326530612245,0.172637030643073,NA,NA,NA,NA,NA,NA,NA,NA
-5,17,17,171,2321,1,12,0,6.25,7.54716981132075,0,NA,NA,NA,NA,NA,NA,NA,NA
-4,18,17,183,2354,0,12,33,0,7.01754385964912,1.4218009478673,NA,NA,NA,NA,NA,NA,NA,NA
-3,19,18,193,2432,1,10,78,5.88235294117647,5.46448087431694,3.31350892098556,NA,NA,NA,NA,NA,NA,NA,NA
-2,20,18,201,2488,0,8,56,0,4.14507772020725,2.30263157894737,NA,NA,NA,NA,NA,NA,NA,NA
-1,21,18,209,2488,0,8,0,0,3.98009950248756,0,NA,NA,NA,NA,NA,NA,NA,NA
0,22,19,219,2754,1,10,266,5.55555555555556,4.78468899521531,10.6913183279743,NA,NA,2754,2754,266,266,NA,NA
1,23,19,228,NA,0,9,NA,0,4.10958904109589,NA,0,4.10958904109589,2754,2867.17808219178,0,113.178082191781,0,4.10958904109588
2,24,19,237,NA,0,9,NA,0,3.94736842105263,NA,0,3.94736842105263,2754,2980.35616438356,0,113.178082191781,0,3.94736842105264
3,25,19,247,NA,0,10,NA,0,4.21940928270042,NA,0,4.21940928270042,2754,3106.1095890411,0,125.753424657534,0,4.21940928270042
4,26,19,255,NA,0,8,NA,0,3.23886639676113,NA,0,3.23886639676113,2754,3206.71232876712,0,100.602739726028,0,3.23886639676114
5,27,20,262,NA,1,7,NA,5.26315789473684,2.74509803921569,NA,5.26315789473684,2.74509803921569,2898.94736842105,3294.7397260274,144.947368421052,88.0273972602736,5.26315789473684,2.74509803921567
6,28,20,268,NA,0,6,NA,0,2.29007633587786,NA,0,2.29007633587786,2898.94736842105,3370.19178082192,0,75.4520547945203,0,2.29007633587786
7,29,20,276,NA,0,8,NA,0,2.98507462686567,NA,0,2.98507462686567,2898.94736842105,3470.79452054795,0,100.602739726028,0,2.98507462686568
8,30,21,284,NA,1,8,NA,5,2.89855072463768,NA,5,2.89855072463768,3043.89473684211,3571.39726027397,144.947368421053,100.602739726027,5.00000000000001,2.89855072463768
9,31,21,292,NA,0,8,NA,0,2.8169014084507,NA,0,2.8169014084507,3043.89473684211,3672,0,100.602739726027,0,2.8169014084507
10,32,21,301,NA,0,9,NA,0,3.08219178082192,NA,0,3.08219178082192,3043.89473684211,3785.17808219178,0,113.178082191781,0,3.08219178082192
11,33,21,309,NA,0,8,NA,0,2.6578073089701,NA,0,2.6578073089701,3043.89473684211,3885.78082191781,0,100.602739726027,0,2.6578073089701
12,34,21,316,NA,0,7,NA,0,2.26537216828479,NA,0,2.26537216828479,3043.89473684211,3973.80821917808,0,88.027397260274,0,2.26537216828479
13,35,22,322,NA,1,6,NA,4.76190476190476,1.89873417721519,NA,4.76190476190476,1.89873417721519,3188.84210526316,4049.2602739726,144.947368421053,75.4520547945208,4.76190476190477,1.8987341772152
14,36,22,327,NA,0,5,NA,0,1.5527950310559,NA,0,1.5527950310559,3188.84210526316,4112.13698630137,0,62.8767123287671,0,1.5527950310559
15,37,22,334,NA,0,7,NA,0,2.14067278287462,NA,0,2.14067278287462,3188.84210526316,4200.16438356164,0,88.0273972602745,0,2.14067278287463
16,38,22,341,NA,0,7,NA,0,2.09580838323353,NA,0,2.09580838323353,3188.84210526316,4288.19178082192,0,88.0273972602736,0,2.09580838323352
17,39,23,348,NA,1,7,NA,4.54545454545455,2.05278592375367,NA,4.54545454545455,2.05278592375367,3333.78947368421,4376.21917808219,144.947368421052,88.0273972602736,4.54545454545454,2.05278592375366
18,40,23,354,NA,0,6,NA,0,1.72413793103448,NA,0,1.72413793103448,3333.78947368421,4451.67123287671,0,75.4520547945203,0,1.72413793103448
19,41,23,359,NA,0,5,NA,0,1.41242937853107,NA,0,1.41242937853107,3333.78947368421,4514.54794520548,0,62.8767123287671,0,1.41242937853107
20,42,23,364,NA,0,5,NA,0,1.39275766016713,NA,0,1.39275766016713,3333.78947368421,4577.42465753425,0,62.8767123287671,0,1.39275766016713
21,43,23,371,NA,0,7,NA,0,1.92307692307692,NA,0,1.92307692307692,3333.78947368421,4665.45205479452,0,88.0273972602736,0,1.92307692307691
22,44,24,376,NA,1,5,NA,4.34782608695652,1.34770889487871,NA,4.34782608695652,1.34770889487871,3478.73684210526,4728.32876712329,144.947368421052,62.8767123287671,4.34782608695652,1.34770889487871
23,45,24,382,NA,0,6,NA,0,1.59574468085106,NA,0,1.59574468085106,3478.73684210526,4803.78082191781,0,75.4520547945203,0,1.59574468085106
24,46,24,387,NA,0,5,NA,0,1.30890052356021,NA,0,1.30890052356021,3478.73684210526,4866.65753424657,0,62.8767123287671,0,1.30890052356021
25,47,24,391,NA,0,4,NA,0,1.03359173126615,NA,0,1.03359173126615,3478.73684210526,4916.95890410959,0,50.3013698630139,0,1.03359173126615
26,48,24,395,NA,0,4,NA,0,1.0230179028133,NA,0,1.0230179028133,3478.73684210526,4967.2602739726,0,50.3013698630139,0,1.0230179028133
27,49,24,399,NA,0,4,NA,0,1.0126582278481,NA,0,1.0126582278481,3478.73684210526,5017.56164383562,0,50.3013698630139,0,1.0126582278481
28,50,24,403,NA,0,4,NA,0,1.00250626566416,NA,0,1.00250626566416,3478.73684210526,5067.86301369863,0,50.3013698630139,0,1.00250626566416
29,51,24,407,NA,0,4,NA,0,0.992555831265509,NA,0,0.992555831265509,3478.73684210526,5118.16438356164,0,50.3013698630139,0,0.992555831265512
30,52,25,410,NA,1,3,NA,4.16666666666667,0.737100737100737,NA,4.16666666666667,0.737100737100737,3623.68421052632,5155.8904109589,144.947368421053,37.7260273972606,4.16666666666668,0.737100737100744
31,53,25,414,NA,0,4,NA,0,0.975609756097561,NA,0,0.975609756097561,3623.68421052632,5206.19178082192,0,50.3013698630139,0,0.975609756097564
32,54,25,417,NA,0,3,NA,0,0.72463768115942,NA,0,0.72463768115942,3623.68421052632,5243.91780821918,0,37.7260273972606,0,0.724637681159427
33,55,25,419,NA,0,2,NA,0,0.479616306954436,NA,0,0.479616306954436,3623.68421052632,5269.06849315068,0,25.1506849315065,0,0.479616306954429
34,56,25,422,NA,0,3,NA,0,0.715990453460621,NA,0,0.715990453460621,3623.68421052632,5306.79452054795,0,37.7260273972606,0,0.715990453460627
35,57,25,424,NA,0,2,NA,0,0.4739336492891,NA,0,0.4739336492891,3623.68421052632,5331.94520547945,0,25.1506849315065,0,0.473933649289092
36,58,25,427,NA,0,3,NA,0,0.707547169811321,NA,0,0.707547169811321,3623.68421052632,5369.67123287671,0,37.7260273972597,0,0.70754716981131
37,59,25,430,NA,0,3,NA,0,0.702576112412178,NA,0,0.702576112412178,3623.68421052632,5407.39726027397,0,37.7260273972606,0,0.702576112412185
38,60,25,432,NA,0,2,NA,0,0.465116279069767,NA,0,0.465116279069767,3623.68421052632,5432.54794520548,0,25.1506849315074,0,0.465116279069777
39,61,25,434,NA,0,2,NA,0,0.462962962962963,NA,0,0.462962962962963,3623.68421052632,5457.69863013699,0,25.1506849315065,0,0.462962962962956
40,62,25,435,NA,0,1,NA,0,0.230414746543779,NA,0,0.230414746543779,3623.68421052632,5470.27397260274,0,12.5753424657532,0,0.230414746543775
41,63,25,438,NA,0,3,NA,0,0.689655172413793,NA,0,0.689655172413793,3623.68421052632,5508,0,37.7260273972606,0,0.689655172413799
42,64,25,440,NA,0,2,NA,0,0.45662100456621,NA,0,0.45662100456621,3623.68421052632,5533.15068493151,0,25.1506849315065,0,0.456621004566203
43,65,25,441,NA,0,1,NA,0,0.227272727272727,NA,0,0.227272727272727,3623.68421052632,5545.72602739726,0,12.5753424657532,0,0.227272727272724
44,66,25,443,NA,0,2,NA,0,0.453514739229025,NA,0,0.453514739229025,3623.68421052632,5570.87671232877,0,25.1506849315074,0,0.453514739229035
45,67,25,445,NA,0,2,NA,0,0.451467268623025,NA,0,0.451467268623025,3623.68421052632,5596.02739726027,0,25.1506849315065,0,0.451467268623018
46,68,25,446,NA,0,1,NA,0,0.224719101123596,NA,0,0.224719101123596,3623.68421052632,5608.60273972603,0,12.5753424657541,0,0.224719101123608
47,69,25,447,NA,0,1,NA,0,0.224215246636771,NA,0,0.224215246636771,3623.68421052632,5621.17808219178,0,12.5753424657532,0,0.224215246636768
48,70,25,449,NA,0,2,NA,0,0.447427293064877,NA,0,0.447427293064877,3623.68421052632,5646.32876712329,0,25.1506849315074,0,0.447427293064886
49,71,25,450,NA,0,1,NA,0,0.22271714922049,NA,0,0.22271714922049,3623.68421052632,5658.90410958904,0,12.5753424657532,0,0.222717149220487
50,72,25,451,NA,0,1,NA,0,0.222222222222222,NA,0,0.222222222222222,3623.68421052632,5671.47945205479,0,12.5753424657532,0,0.222222222222219
51,73,25,452,NA,0,1,NA,0,0.221729490022173,NA,0,0.221729490022173,3623.68421052632,5684.05479452055,0,12.5753424657532,0,0.22172949002217
52,74,25,454,NA,0,2,NA,0,0.442477876106195,NA,0,0.442477876106195,3623.68421052632,5709.20547945205,0,25.1506849315065,0,0.442477876106188
53,75,25,455,NA,0,1,NA,0,0.220264317180617,NA,0,0.220264317180617,3623.68421052632,5721.78082191781,0,12.5753424657532,0,0.220264317180613
54,76,25,455,NA,0,0,NA,0,0,NA,0,0,3623.68421052632,5721.78082191781,0,0,0,0
55,77,25,456,NA,0,1,NA,0,0.21978021978022,NA,0,0.21978021978022,3623.68421052632,5734.35616438356,0,12.5753424657532,0,0.219780219780217
56,78,25,457,NA,0,1,NA,0,0.219298245614035,NA,0,0.219298245614035,3623.68421052632,5746.93150684932,0,12.5753424657541,0,0.219298245614048
57,79,25,459,NA,0,2,NA,0,0.437636761487965,NA,0,0.437636761487965,3623.68421052632,5772.08219178082,0,25.1506849315065,0,0.437636761487958
58,80,25,460,NA,0,1,NA,0,0.217864923747277,NA,0,0.217864923747277,3623.68421052632,5784.65753424657,0,12.5753424657532,0,0.217864923747273
59,81,26,460,NA,1,0,NA,4,0,NA,4,0,3768.63157894737,5784.65753424657,144.947368421053,0,4.00000000000001,0
60,82,26,461,NA,0,1,NA,0,0.217391304347826,NA,0,0.217391304347826,3768.63157894737,5797.23287671233,0,12.5753424657541,0,0.217391304347839
61,83,26,461,NA,0,0,NA,0,0,NA,0,0,3768.63157894737,5797.23287671233,0,0,0,0
62,84,26,462,NA,0,1,NA,0,0.216919739696312,NA,0,0.216919739696312,3768.63157894737,5809.80821917808,0,12.5753424657532,0,0.216919739696309
63,85,26,463,NA,0,1,NA,0,0.216450216450216,NA,0,0.216450216450216,3768.63157894737,5822.38356164384,0,12.5753424657541,0,0.216450216450229
64,86,26,463,NA,0,0,NA,0,0,NA,0,0,3768.63157894737,5822.38356164384,0,0,0,0
65,87,26,464,NA,0,1,NA,0,0.215982721382289,NA,0,0.215982721382289,3768.63157894737,5834.95890410959,0,12.5753424657532,0,0.215982721382286
66,88,26,NA,NA,0,NA,NA,0,NA,NA,0,NA,3768.63157894737,NA,0,NA,0,NA
67,89,26,NA,NA,0,NA,NA,0,NA,NA,0,NA,3768.63157894737,NA,0,NA,0,NA
68,90,26,NA,NA,0,NA,NA,0,NA,NA,0,NA,3768.63157894737,NA,0,NA,0,NA
69,91,26,NA,NA,0,NA,NA,0,NA,NA,0,NA,3768.63157894737,NA,0,NA,0,NA
70,92,26,NA,NA,0,NA,NA,0,NA,NA,0,NA,3768.63157894737,NA,0,NA,0,NA
71,93,26,NA,NA,0,NA,NA,0,NA,NA,0,NA,3768.63157894737,NA,0,NA,0,NA
72,94,26,NA,NA,0,NA,NA,0,NA,NA,0,NA,3768.63157894737,NA,0,NA,0,NA
73,95,26,NA,NA,0,NA,NA,0,NA,NA,0,NA,3768.63157894737,NA,0,NA,0,NA
74,96,26,NA,NA,0,NA,NA,0,NA,NA,0,NA,3768.63157894737,NA,0,NA,0,NA
75,97,26,NA,NA,0,NA,NA,0,NA,NA,0,NA,3768.63157894737,NA,0,NA,0,NA
76,98,27,NA,NA,1,NA,NA,3.84615384615385,NA,NA,3.84615384615385,NA,3913.57894736842,NA,144.947368421053,NA,3.84615384615385,NA
77,99,27,NA,NA,0,NA,NA,0,NA,NA,0,NA,3913.57894736842,NA,0,NA,0,NA
78,100,27,NA,NA,0,NA,NA,0,NA,NA,0,NA,3913.57894736842,NA,0,NA,0,NA
79,101,27,NA,NA,0,NA,NA,0,NA,NA,0,NA,3913.57894736842,NA,0,NA,0,NA
80,102,27,NA,NA,0,NA,NA,0,NA,NA,0,NA,3913.57894736842,NA,0,NA,0,NA
81,103,27,NA,NA,0,NA,NA,0,NA,NA,0,NA,3913.57894736842,NA,0,NA,0,NA
82,104,27,NA,NA,0,NA,NA,0,NA,NA,0,NA,3913.57894736842,NA,0,NA,0,NA
83,105,27,NA,NA,0,NA,NA,0,NA,NA,0,NA,3913.57894736842,NA,0,NA,0,NA
84,106,27,NA,NA,0,NA,NA,0,NA,NA,0,NA,3913.57894736842,NA,0,NA,0,NA
