"daysFromToday","Day","Korea","Italy","X","dif.Korea","dif.Italy","dif.X","growth.Korea","growth.Italy","growth.X","prj.grKO.X","prj.grIT.X","grKO.prj.tot.X","grIT.prj.tot.X","dif.grKO.prj.tot.X","dif.grIT.prj.tot.X","growth.grKO.prj.tot.X","growth.grIT.prj.tot.X"
-81,NA,NA,NA,139,NA,NA,NA,NA,NA,NA,NA,NA,NA,NA,NA,NA,NA,NA
-80,NA,NA,NA,245,NA,NA,106,NA,NA,76.2589928057554,NA,NA,NA,NA,NA,NA,NA,NA
-79,NA,NA,NA,388,NA,NA,143,NA,NA,58.3673469387755,NA,NA,NA,NA,NA,NA,NA,NA
-78,NA,NA,NA,593,NA,NA,205,NA,NA,52.8350515463918,NA,NA,NA,NA,NA,NA,NA,NA
-77,NA,NA,NA,978,NA,NA,385,NA,NA,64.9241146711636,NA,NA,NA,NA,NA,NA,NA,NA
-76,NA,NA,NA,1501,NA,NA,523,NA,NA,53.4764826175869,NA,NA,NA,NA,NA,NA,NA,NA
-75,NA,NA,NA,2336,NA,NA,835,NA,NA,55.6295802798135,NA,NA,NA,NA,NA,NA,NA,NA
-74,NA,NA,NA,2922,NA,NA,586,NA,NA,25.0856164383562,NA,NA,NA,NA,NA,NA,NA,NA
-73,NA,NA,NA,3513,NA,NA,591,NA,NA,20.2258726899384,NA,NA,NA,NA,NA,NA,NA,NA
-72,NA,NA,NA,4747,NA,NA,1234,NA,NA,35.1266723598064,NA,NA,NA,NA,NA,NA,NA,NA
-71,NA,NA,NA,5823,NA,NA,1076,NA,NA,22.6669475458184,NA,NA,NA,NA,NA,NA,NA,NA
-70,NA,NA,NA,6566,NA,NA,743,NA,NA,12.75974583548,NA,NA,NA,NA,NA,NA,NA,NA
-69,NA,NA,NA,7161,NA,NA,595,NA,NA,9.06183368869936,NA,NA,NA,NA,NA,NA,NA,NA
-68,NA,NA,NA,8042,NA,NA,881,NA,NA,12.3027510124284,NA,NA,NA,NA,NA,NA,NA,NA
-67,NA,NA,NA,9000,NA,NA,958,NA,NA,11.9124595871674,NA,NA,NA,NA,NA,NA,NA,NA
-66,NA,NA,NA,10075,NA,NA,1075,NA,NA,11.9444444444444,NA,NA,NA,NA,NA,NA,NA,NA
-65,NA,NA,NA,11364,NA,NA,1289,NA,NA,12.7940446650124,NA,NA,NA,NA,NA,NA,NA,NA
-64,NA,NA,NA,12729,NA,NA,1365,NA,NA,12.0116156282999,NA,NA,NA,NA,NA,NA,NA,NA
-63,NA,NA,NA,13938,NA,NA,1209,NA,NA,9.4979967004478,NA,NA,NA,NA,NA,NA,NA,NA
-62,NA,NA,NA,14991,NA,NA,1053,NA,NA,7.55488592337495,NA,NA,NA,NA,NA,NA,NA,NA
-61,NA,NA,212,16169,NA,NA,1178,NA,NA,7.85804816223067,NA,NA,NA,NA,NA,NA,NA,NA
-60,NA,NA,314,17361,NA,102,1192,NA,48.1132075471698,7.37213185725772,NA,NA,NA,NA,NA,NA,NA,NA
-59,NA,NA,441,18407,NA,127,1046,NA,40.4458598726115,6.02499855999078,NA,NA,NA,NA,NA,NA,NA,NA
-58,NA,NA,620,19644,NA,179,1237,NA,40.5895691609977,6.72026946270441,NA,NA,NA,NA,NA,NA,NA,NA
-57,NA,NA,897,20610,NA,277,966,NA,44.6774193548387,4.91753207086133,NA,NA,NA,NA,NA,NA,NA,NA
-56,NA,NA,1216,21638,NA,319,1028,NA,35.5629877369008,4.98786996603591,NA,NA,NA,NA,NA,NA,NA,NA
-55,NA,NA,1545,23049,NA,329,1411,NA,27.0559210526316,6.52093539144098,NA,NA,NA,NA,NA,NA,NA,NA
-54,NA,NA,2320,24811,NA,775,1762,NA,50.1618122977346,7.64458327910105,NA,NA,NA,NA,NA,NA,NA,NA
-53,NA,NA,2788,27017,NA,468,2206,NA,20.1724137931034,8.89121760509451,NA,NA,NA,NA,NA,NA,NA,NA
-52,NA,NA,3426,29406,NA,638,2389,NA,22.883787661406,8.84258059740164,NA,NA,NA,NA,NA,NA,NA,NA
-51,NA,NA,4230,32332,NA,804,2926,NA,23.4676007005254,9.95035026865266,NA,NA,NA,NA,NA,NA,NA,NA
-50,NA,NA,5283,35408,NA,1053,3076,NA,24.8936170212766,9.51379438327354,NA,NA,NA,NA,NA,NA,NA,NA
-49,NA,NA,6348,38309,NA,1065,2901,NA,20.1590005678592,8.19306371441482,NA,NA,NA,NA,NA,NA,NA,NA
-48,NA,NA,8056,41495,NA,1708,3186,NA,26.9061121613106,8.31658357044037,NA,NA,NA,NA,NA,NA,NA,NA
-47,NA,NA,10099,44605,NA,2043,3110,NA,25.3599801390268,7.49487890107242,NA,NA,NA,NA,NA,NA,NA,NA
-46,NA,NA,12560,47593,NA,2461,2988,NA,24.3687493811268,6.69880058289429,NA,NA,NA,NA,NA,NA,NA,NA
-45,NA,NA,13897,50468,NA,1337,2875,NA,10.6449044585987,6.04080431996302,NA,NA,NA,NA,NA,NA,NA,NA
-44,NA,NA,17065,53183,NA,3168,2715,NA,22.7962869684104,5.37964650867877,NA,NA,NA,NA,NA,NA,NA,NA
-43,NA,NA,20695,55743,NA,3630,2560,NA,21.271608555523,4.81356824549198,NA,NA,NA,NA,NA,NA,NA,NA
-42,NA,NA,24183,58226,NA,3488,2483,NA,16.8543126359024,4.45437095240658,NA,NA,NA,NA,NA,NA,NA,NA
-41,NA,NA,28971,60500,NA,4788,2274,NA,19.7990323781169,3.90547178236527,NA,NA,NA,NA,NA,NA,NA,NA
-40,NA,NA,33887,62589,NA,4916,2089,NA,16.9686928307618,3.45289256198347,NA,NA,NA,NA,NA,NA,NA,NA
-39,NA,NA,38314,64586,NA,4427,1997,NA,13.0640068462832,3.19065650513669,NA,NA,NA,NA,NA,NA,NA,NA
-38,NA,NA,43143,66220,NA,4829,1634,NA,12.6037479772407,2.52996005326232,NA,NA,NA,NA,NA,NA,NA,NA
-37,NA,NA,48903,68192,NA,5760,1972,NA,13.3509491690425,2.97795228027786,NA,NA,NA,NA,NA,NA,NA,NA
-36,NA,NA,56191,70029,NA,7288,1837,NA,14.9029711878617,2.69386438291882,NA,NA,NA,NA,NA,NA,NA,NA
-35,NA,NA,64388,71686,NA,8197,1657,NA,14.5877453684754,2.36616258978423,NA,NA,NA,NA,NA,NA,NA,NA
-34,NA,NA,73367,73303,NA,8979,1617,NA,13.9451450580854,2.2556705632899,NA,NA,NA,NA,NA,NA,NA,NA
-33,NA,NA,80980,74877,NA,7613,1574,NA,10.3765998337127,2.14725181779736,NA,NA,NA,NA,NA,NA,NA,NA
-32,NA,NA,87538,76389,NA,6558,1512,NA,8.09829587552482,2.01931167114067,NA,NA,NA,NA,NA,NA,NA,NA
-31,NA,NA,94726,77995,NA,7188,1606,NA,8.21129109643812,2.10239694196808,NA,NA,NA,NA,NA,NA,NA,NA
-30,NA,NA,101860,79494,NA,7134,1499,NA,7.53119523678821,1.92191807167126,NA,NA,NA,NA,NA,NA,NA,NA
-29,NA,NA,110354,80868,NA,8494,1374,NA,8.33889652464167,1.72843233451581,NA,NA,NA,NA,NA,NA,NA,NA
-28,NA,NA,118445,82211,NA,8091,1343,NA,7.33185928919658,1.66073106791314,NA,NA,NA,NA,NA,NA,NA,NA
-27,NA,NA,126626,83505,NA,8181,1294,NA,6.9070032504538,1.57399861332425,NA,NA,NA,NA,NA,NA,NA,NA
-26,NA,NA,133770,84802,NA,7144,1297,NA,5.64181131837063,1.55320040716125,NA,NA,NA,NA,NA,NA,NA,NA
-25,NA,NA,139316,85996,NA,5546,1194,NA,4.14592210510578,1.40798566071555,NA,NA,NA,NA,NA,NA,NA,NA
-24,NA,NA,144866,87026,NA,5550,1030,NA,3.98374917453846,1.19773012698265,NA,NA,NA,NA,NA,NA,NA,NA
-23,0,168,151414,88194,NA,6548,1168,NA,4.52003920864799,1.34212764001563,NA,NA,NA,NA,NA,NA,NA,NA
-22,1,330,157806,89328,162,6392,1134,96.4285714285714,4.22153829896839,1.28580175522144,NA,NA,NA,NA,NA,NA,NA,NA
-21,2,701,164084,90481,371,6278,1153,112.424242424242,3.9783024726563,1.29074870141501,NA,NA,NA,NA,NA,NA,NA,NA
-20,3,974,170664,91472,273,6580,991,38.944365192582,4.01014114721728,1.09525756788718,NA,NA,NA,NA,NA,NA,NA,NA
-19,4,1348,176574,92584,374,5910,1112,38.3983572895277,3.46294473351146,1.21567255553612,NA,NA,NA,NA,NA,NA,NA,NA
-18,5,1581,181502,93657,233,4928,1073,17.2848664688427,2.79089786718316,1.15894755033267,NA,NA,NA,NA,NA,NA,NA,NA
-17,6,2041,185664,94640,460,4162,983,29.0955091714105,2.29308767947461,1.04957451124849,NA,NA,NA,NA,NA,NA,NA,NA
-16,7,2858,190917,95646,817,5253,1006,40.0293973542381,2.82930455015512,1.06297548605241,NA,NA,NA,NA,NA,NA,NA,NA
-15,8,3783,196673,96448,925,5756,802,32.3652904128761,3.01492271510656,0.838508667377622,NA,NA,NA,NA,NA,NA,NA,NA
-14,9,5099,202084,97424,1316,5411,976,34.7872059212265,2.75126733206897,1.01194426011944,NA,NA,NA,NA,NA,NA,NA,NA
-13,10,6047,208511,98647,948,6427,1223,18.5918807609335,3.18036064210922,1.25533749384135,NA,NA,NA,NA,NA,NA,NA,NA
-12,11,7017,214115,99970,970,5604,1323,16.0410120721019,2.6876279908494,1.34114570133912,NA,NA,NA,NA,NA,NA,NA,NA
-11,12,8394,218432,101650,1377,4317,1680,19.6237708422403,2.01620624430797,1.68050415124537,NA,NA,NA,NA,NA,NA,NA,NA
-10,13,9098,222502,103135,704,4070,1485,8.38694305456278,1.86328010547905,1.46089522872602,NA,NA,NA,NA,NA,NA,NA,NA
-9,14,9854,226154,104691,756,3652,1556,8.3095185755111,1.64133356104664,1.50870218645465,NA,NA,NA,NA,NA,NA,NA,NA
-8,15,10672,231338,106220,818,5184,1529,8.30119748325553,2.29224333860997,1.46048848516109,NA,NA,NA,NA,NA,NA,NA,NA
-7,16,11397,236121,107603,725,4783,1383,6.79347826086956,2.06753754247032,1.30201468649972,NA,NA,NA,NA,NA,NA,NA,NA
-6,17,11839,240902,109286,442,4781,1683,3.87821356497324,2.02480931386874,1.56408278579593,NA,NA,NA,NA,NA,NA,NA,NA
-5,18,12104,245074,110767,265,4172,1481,2.23836472675057,1.73182455936439,1.35515985579123,NA,NA,NA,NA,NA,NA,NA,NA
-4,19,12161,248163,112725,57,3089,1958,0.470918704560476,1.26043562352596,1.76767448788899,NA,NA,NA,NA,NA,NA,NA,NA
-3,20,12552,251900,114533,391,3737,1808,3.21519611874024,1.50586509673078,1.60390330450211,NA,NA,NA,NA,NA,NA,NA,NA
-2,21,12737,256515,116635,185,4615,2102,1.47386870618228,1.83207622072251,1.83527891524713,NA,NA,NA,NA,NA,NA,NA,NA
-1,22,12915,260138,118392,178,3623,1757,1.39750333673549,1.4123930374442,1.50640888241094,NA,NA,NA,NA,NA,NA,NA,NA
0,23,13088,264275,120198,173,4137,1806,1.3395276809911,1.59030975866655,1.52544090816947,NA,NA,120198,120198,1806,1806,NA,NA
1,24,13211,267503,NA,123,3228,NA,0.93979217603912,1.22145492384826,NA,0.93979217603912,1.22145492384826,121327.611399756,121666.164389367,1129.61139975551,1468.16438936714,0.939792176039125,1.22145492384827
2,25,13331,270685,NA,120,3182,NA,0.908333964120808,1.18951936987623,NA,0.908333964120808,1.18951936987623,122429.671301956,123113.406981364,1102.05990220048,1447.24259199698,0.908333964120797,1.18951936987623
3,26,13467,273066,NA,136,2381,NA,1.02017853124297,0.879620222768162,NA,1.02017853124297,0.879620222768162,123678.67252445,124196.337406111,1249.00122249388,1082.93042474694,1.02017853124296,0.879620222768155
4,27,13617,275930,NA,150,2864,NA,1.11383381599465,1.04883068562179,NA,1.11383381599465,1.04883068562179,125056.2474022,125498.946703245,1377.57487775062,1302.60929713366,1.11383381599466,1.04883068562179
5,28,13863,278786,NA,246,2856,NA,1.80656532275832,1.03504512013917,NA,1.80656532275832,1.03504512013917,127315.470201711,126797.917426923,2259.222799511,1298.97072367799,1.80656532275832,1.03504512013917
6,29,14004,281349,NA,141,2563,NA,1.01709586669552,0.919343152095155,NA,1.01709586669552,0.919343152095155,128610.390586797,127963.625397786,1294.92038508557,1165.70797086369,1.01709586669552,0.919343152095159
7,30,14242,284040,NA,238,2691,NA,1.69951442445016,0.956463324909632,NA,1.69951442445016,0.956463324909632,130796.142726161,129187.550543941,2185.7521393643,1223.92514615458,1.69951442445015,0.956463324909636
8,31,14401,286642,NA,159,2602,NA,1.11641623367505,0.916068159414167,NA,1.11641623367505,0.916068159414167,132256.372096577,130370.996560401,1460.22937041563,1183.44601646012,1.11641623367503,0.916068159414161
9,32,14504,288544,NA,103,1902,NA,0.715228109159086,0.66354546786584,NA,0.715228109159086,0.66354546786584,133202.306845966,131236.067399489,945.934749388776,865.07083908809,0.715228109159104,0.663545467865854
10,33,14627,290216,NA,123,1672,NA,0.848041919470491,0.579461018076966,NA,0.848041919470491,0.579461018076966,134331.918245721,131996.529251726,1129.61139975552,760.461852237262,0.848041919470507,0.579461018076973
11,34,14789,291688,NA,162,1472,NA,1.10754084911465,0.507208424070348,NA,1.10754084911465,0.507208424070348,135819.699113692,132666.026767572,1487.78086797064,669.497515845229,1.10754084911463,0.507208424070341
12,35,14958,293665,NA,169,1977,NA,1.14274122658733,0.677778996736239,NA,1.14274122658733,0.677778996736239,137371.766809291,133565.209232807,1552.06769559902,899.182465235092,1.14274122658733,0.677778996736249
13,36,15105,295584,NA,147,1919,NA,0.982751704773365,0.653465683687195,NA,0.982751704773365,0.653465683687195,138721.790189487,134438.012040488,1350.02338019558,872.802807681408,0.982751704773349,0.653465683687206
14,37,15341,297401,NA,236,1817,NA,1.56239655743131,0.614715275522356,NA,1.56239655743131,0.614715275522356,140889.174663814,135264.42303661,2167.38447432761,826.410996121442,1.5623965574313,0.614715275522339
15,38,15511,298884,NA,170,1483,NA,1.10814158138322,0.498653333378166,NA,1.10814158138322,0.498653333378166,142450.426191931,135938.923590956,1561.25152811734,674.5005543468,1.10814158138321,0.498653333378167
16,39,15637,299982,NA,126,1098,NA,0.81232673586487,0.36736660376601,NA,0.81232673586487,0.36736660376601,143607.589089242,136438.317797749,1157.16289731051,499.394206792174,0.812326735864869,0.367366603766015
17,40,15840,301001,NA,203,1019,NA,1.29820298011127,0.33968704788954,NA,1.29820298011127,0.33968704788954,145471.907090464,136901.781091666,1864.31800122251,463.463293917303,1.29820298011128,0.339687047889526
18,41,16003,302921,NA,163,1920,NA,1.0290404040404,0.637871634977957,NA,1.0290404040404,0.637871634977957,146968.871790953,137775.038721029,1496.96470048898,873.257629363332,1.0290404040404,0.637871634977942
19,42,16147,304137,NA,144,1216,NA,0.899831281634693,0.401424793923168,NA,0.899831281634693,0.401424793923168,148291.343673594,138328.101886293,1322.47188264059,553.063165263477,0.899831281634695,0.401424793923183
20,43,16286,305495,NA,139,1358,NA,0.860841023100266,0.446509303373151,NA,0.860841023100266,0.446509303373151,149567.896393643,138945.749730395,1276.5527200489,617.647844101797,0.860841023100268,0.446509303373157
21,44,16439,306576,NA,153,1081,NA,0.939457202505219,0.353851945203686,NA,0.939457202505219,0.353851945203686,150973.022768949,139437.411968593,1405.12637530561,491.662238198827,0.939457202505212,0.353851945203672
22,45,16570,307774,NA,131,1198,NA,0.796885455319667,0.390767705234591,NA,0.796885455319667,0.390767705234591,152176.104828851,139982.288343582,1203.0820599022,544.876374988176,0.796885455319665,0.390767705234592
23,46,16646,308698,NA,76,924,NA,0.458660229330115,0.300220291512603,NA,0.458660229330115,0.300220291512603,152874.076100244,140402.543577713,697.971271393646,420.255234131095,0.458660229330117,0.30022029151259
24,47,16722,NA,NA,76,NA,NA,0.4565661420161,NA,NA,0.4565661420161,NA,153572.047371638,NA,697.971271393646,NA,0.456566142016102,NA
25,48,16808,NA,NA,86,NA,NA,0.514292548738189,NA,NA,0.514292548738189,NA,154361.856968215,NA,789.809596577019,NA,0.514292548738191,NA
26,49,16871,NA,NA,63,NA,NA,0.374821513564969,NA,NA,0.374821513564969,NA,154940.43841687,NA,578.581448655255,NA,0.374821513564968,NA
27,50,16914,NA,NA,43,NA,NA,0.254875229684073,NA,NA,0.254875229684073,NA,155335.343215159,NA,394.904798288509,NA,0.254875229684074,NA
28,51,16963,NA,NA,49,NA,NA,0.289700839541208,NA,NA,0.289700839541208,NA,155785.351008557,NA,450.007793398545,NA,0.289700839541216,NA
29,52,17015,NA,NA,52,NA,NA,0.306549549018452,NA,NA,0.306549549018452,NA,156262.910299511,NA,477.559290953533,NA,0.306549549018445,NA
30,53,17055,NA,NA,40,NA,NA,0.23508668821628,NA,NA,0.23508668821628,NA,156630.263600244,NA,367.353300733492,NA,0.235086688216277,NA
31,54,17099,NA,NA,44,NA,NA,0.257988859571973,NA,NA,0.257988859571973,NA,157034.352231051,NA,404.088630806858,NA,0.257988859571981,NA
32,55,17143,NA,NA,44,NA,NA,0.257324989765483,NA,NA,0.257324989765483,NA,157438.440861858,NA,404.088630806829,NA,0.257324989765473,NA
33,56,17178,NA,NA,35,NA,NA,0.204164965291956,NA,NA,0.204164965291956,NA,157759.875,NA,321.434138141834,NA,0.204164965291972,NA
34,57,17214,NA,NA,36,NA,NA,0.209570380719525,NA,NA,0.209570380719525,NA,158090.49297066,NA,330.617970660125,NA,0.209570380719511,NA
35,58,17243,NA,NA,29,NA,NA,0.168467526431974,NA,NA,0.168467526431974,NA,158356.824113692,NA,266.331143031799,NA,0.168467526431983,NA
36,59,17256,NA,NA,13,NA,NA,0.0753929130661718,NA,NA,0.0753929130661718,NA,158476.21393643,NA,119.389822738391,NA,0.0753929130661745,NA
37,60,17277,NA,NA,21,NA,NA,0.121696801112656,NA,NA,0.121696801112656,NA,158669.074419315,NA,192.860482885066,NA,0.121696801112644,NA
38,61,17292,NA,NA,15,NA,NA,0.0868206285813509,NA,NA,0.0868206285813509,NA,158806.83190709,NA,137.757487775059,NA,0.0868206285813499,NA
39,62,17309,NA,NA,17,NA,NA,0.0983113578533426,NA,NA,0.0983113578533426,NA,158962.957059902,NA,156.125152811728,NA,0.0983113578533377,NA
40,63,17332,NA,NA,23,NA,NA,0.132878849153619,NA,NA,0.132878849153619,NA,159174.185207824,NA,211.228147921764,NA,0.132878849153622,NA
41,64,17348,NA,NA,16,NA,NA,0.0923147934456497,NA,NA,0.0923147934456497,NA,159321.126528117,NA,146.941320293408,NA,0.0923147934456559,NA
42,65,17364,NA,NA,16,NA,NA,0.0922296518330643,NA,NA,0.0922296518330643,NA,159468.067848411,NA,146.941320293408,NA,0.0922296518330705,NA
43,66,17381,NA,NA,17,NA,NA,0.0979037088228519,NA,NA,0.0979037088228519,NA,159624.193001222,NA,156.125152811728,NA,0.0979037088228471,NA
44,67,17403,NA,NA,22,NA,NA,0.126574995684943,NA,NA,0.126574995684943,NA,159826.237316626,NA,202.044315403415,NA,0.126574995684938,NA
45,68,17418,NA,NA,15,NA,NA,0.0861920358558869,NA,NA,0.0861920358558869,NA,159963.994804401,NA,137.757487775059,NA,0.0861920358558859,NA
46,69,17424,NA,NA,6,NA,NA,0.034447123665174,NA,NA,0.034447123665174,NA,160019.097799511,NA,55.1029951100354,NA,0.0344471236651808,NA
47,70,17439,NA,NA,15,NA,NA,0.0860881542699725,NA,NA,0.0860881542699725,NA,160156.855287286,NA,137.757487775089,NA,0.0860881542699896,NA
48,71,17449,NA,NA,10,NA,NA,0.0573427375422903,NA,NA,0.0573427375422903,NA,160248.693612469,NA,91.8383251833729,NA,0.0573427375422896,NA
49,72,17470,NA,NA,21,NA,NA,0.120350736431887,NA,NA,0.120350736431887,NA,160441.554095354,NA,192.860482885095,NA,0.120350736431893,NA
50,73,17483,NA,NA,13,NA,NA,0.0744132799084144,NA,NA,0.0744132799084144,NA,160560.943918093,NA,119.389822738391,NA,0.0744132799084171,NA
51,74,17487,NA,NA,4,NA,NA,0.0228793685294286,NA,NA,0.0228793685294286,NA,160597.679248166,NA,36.7353300733375,NA,0.0228793685294211,NA
52,75,17491,NA,NA,4,NA,NA,0.0228741350717676,NA,NA,0.0228741350717676,NA,160634.41457824,NA,36.7353300733375,NA,0.0228741350717601,NA
53,76,17497,NA,NA,6,NA,NA,0.0343033560116631,NA,NA,0.0343033560116631,NA,160689.51757335,NA,55.1029951100354,NA,0.03430335601167,NA
54,77,17517,NA,NA,20,NA,NA,0.114305309481625,NA,NA,0.114305309481625,NA,160873.194223716,NA,183.676650366746,NA,0.114305309481624,NA
55,78,17546,NA,NA,29,NA,NA,0.165553462350859,NA,NA,0.165553462350859,NA,161139.525366748,NA,266.33114303177,NA,0.16555346235085,NA
56,79,17601,NA,NA,55,NA,NA,0.313461757665565,NA,NA,0.313461757665565,NA,161644.636155257,NA,505.110788508551,NA,0.313461757665561,NA
57,80,17657,NA,NA,56,NA,NA,0.318163740696551,NA,NA,0.318163740696551,NA,162158.930776284,NA,514.2946210269,NA,0.318163740696555,NA
58,81,17701,NA,NA,44,NA,NA,0.249192954635555,NA,NA,0.249192954635555,NA,162563.01940709,NA,404.088630806829,NA,0.249192954635545,NA
59,82,17743,NA,NA,42,NA,NA,0.237274730241229,NA,NA,0.237274730241229,NA,162948.740372861,NA,385.720965770161,NA,0.237274730241223,NA
60,83,17790,NA,NA,47,NA,NA,0.264893197317252,NA,NA,0.264893197317252,NA,163380.380501222,NA,431.640128361876,NA,0.264893197317263,NA
61,84,17834,NA,NA,44,NA,NA,0.247329960652052,NA,NA,0.247329960652052,NA,163784.469132029,NA,404.088630806829,NA,0.247329960652042,NA
62,85,17865,NA,NA,31,NA,NA,0.173825277559717,NA,NA,0.173825277559717,NA,164069.167940098,NA,284.698808068468,NA,0.173825277559722,NA
63,86,17886,NA,NA,21,NA,NA,0.117548278757347,NA,NA,0.117548278757347,NA,164262.028422983,NA,192.860482885066,NA,0.117548278757335,NA
64,87,17910,NA,NA,24,NA,NA,0.134183160013418,NA,NA,0.134183160013418,NA,164482.440403423,NA,220.411980440083,NA,0.13418316001341,NA
