"daysFromToday","Day","Korea","Italy","X","dif.Korea","dif.Italy","dif.X","growth.Korea","growth.Italy","growth.X","prj.grKO.X","prj.grIT.X","grKO.prj.tot.X","grIT.prj.tot.X","dif.grKO.prj.tot.X","dif.grIT.prj.tot.X","growth.grKO.prj.tot.X","growth.grIT.prj.tot.X"
-70,NA,NA,NA,121,NA,NA,NA,NA,NA,NA,NA,NA,NA,NA,NA,NA,NA,NA
-69,NA,NA,NA,146,NA,NA,25,NA,NA,20.6611570247934,NA,NA,NA,NA,NA,NA,NA,NA
-68,NA,NA,NA,197,NA,NA,51,NA,NA,34.9315068493151,NA,NA,NA,NA,NA,NA,NA,NA
-67,NA,NA,NA,287,NA,NA,90,NA,NA,45.6852791878173,NA,NA,NA,NA,NA,NA,NA,NA
-66,NA,NA,NA,420,NA,NA,133,NA,NA,46.3414634146341,NA,NA,NA,NA,NA,NA,NA,NA
-65,NA,NA,NA,507,NA,NA,87,NA,NA,20.7142857142857,NA,NA,NA,NA,NA,NA,NA,NA
-64,NA,NA,NA,600,NA,NA,93,NA,NA,18.3431952662722,NA,NA,NA,NA,NA,NA,NA,NA
-63,NA,NA,NA,772,NA,NA,172,NA,NA,28.6666666666667,NA,NA,NA,NA,NA,NA,NA,NA
-62,NA,NA,NA,1026,NA,NA,254,NA,NA,32.9015544041451,NA,NA,NA,NA,NA,NA,NA,NA
-61,NA,NA,NA,1247,NA,NA,221,NA,NA,21.5399610136452,NA,NA,NA,NA,NA,NA,NA,NA
-60,NA,NA,NA,1525,NA,NA,278,NA,NA,22.2935044105854,NA,NA,NA,NA,NA,NA,NA,NA
-59,NA,NA,NA,2001,NA,NA,476,NA,NA,31.2131147540984,NA,NA,NA,NA,NA,NA,NA,NA
-58,NA,NA,NA,2366,NA,NA,365,NA,NA,18.2408795602199,NA,NA,NA,NA,NA,NA,NA,NA
-57,NA,NA,27,2651,NA,NA,285,NA,NA,12.0456466610313,NA,NA,NA,NA,NA,NA,NA,NA
-56,NA,NA,40,2809,NA,13,158,NA,48.1481481481481,5.96001508864579,NA,NA,NA,NA,NA,NA,NA,NA
-55,NA,NA,57,3929,NA,17,1120,NA,42.5,39.871840512638,NA,NA,NA,NA,NA,NA,NA,NA
-54,NA,NA,80,4638,NA,23,709,NA,40.3508771929825,18.0453041486383,NA,NA,NA,NA,NA,NA,NA,NA
-53,NA,NA,115,5348,NA,35,710,NA,43.75,15.3083225528245,NA,NA,NA,NA,NA,NA,NA,NA
-52,NA,NA,156,5831,NA,41,483,NA,35.6521739130435,9.03141361256544,NA,NA,NA,NA,NA,NA,NA,NA
-51,NA,NA,198,6160,NA,42,329,NA,26.9230769230769,5.6422569027611,NA,NA,NA,NA,NA,NA,NA,NA
-50,NA,NA,297,6647,NA,99,487,NA,50,7.90584415584416,NA,NA,NA,NA,NA,NA,NA,NA
-49,NA,NA,358,7314,NA,61,667,NA,20.5387205387205,10.0346020761246,NA,NA,NA,NA,NA,NA,NA,NA
-48,NA,NA,439,8818,NA,81,1504,NA,22.6256983240223,20.5633032540334,NA,NA,NA,NA,NA,NA,NA,NA
-47,NA,NA,542,9901,NA,103,1083,NA,23.4624145785877,12.2816965298254,NA,NA,NA,NA,NA,NA,NA,NA
-46,NA,NA,677,10566,NA,135,665,NA,24.9077490774908,6.71649328350672,NA,NA,NA,NA,NA,NA,NA,NA
-45,NA,NA,814,11483,NA,137,917,NA,20.2363367799114,8.67878099564641,NA,NA,NA,NA,NA,NA,NA,NA
-44,NA,NA,1033,12159,NA,219,676,NA,26.9041769041769,5.88696333710703,NA,NA,NA,NA,NA,NA,NA,NA
-43,NA,NA,1295,12452,NA,262,293,NA,25.3630203291384,2.40973764289826,NA,NA,NA,NA,NA,NA,NA,NA
-42,NA,NA,1611,13315,NA,316,863,NA,24.4015444015444,6.93061355605525,NA,NA,NA,NA,NA,NA,NA,NA
-41,NA,NA,1782,14223,NA,171,908,NA,10.6145251396648,6.81937664288397,NA,NA,NA,NA,NA,NA,NA,NA
-40,NA,NA,2188,14987,NA,406,764,NA,22.7833894500561,5.37158124165085,NA,NA,NA,NA,NA,NA,NA,NA
-39,NA,NA,2654,15669,NA,466,682,NA,21.2979890310786,4.55061052912524,NA,NA,NA,NA,NA,NA,NA,NA
-38,NA,NA,3101,17194,NA,447,1525,NA,16.8425018839488,9.73259301806114,NA,NA,NA,NA,NA,NA,NA,NA
-37,NA,NA,3715,17669,NA,614,475,NA,19.8000644953241,2.76259160172153,NA,NA,NA,NA,NA,NA,NA,NA
-36,NA,NA,4346,18301,NA,631,632,NA,16.9851951547779,3.57688607165091,NA,NA,NA,NA,NA,NA,NA,NA
-35,NA,NA,4913,18947,NA,567,646,NA,13.046479521399,3.52986175618819,NA,NA,NA,NA,NA,NA,NA,NA
-34,NA,NA,5533,19881,NA,620,934,NA,12.619580704254,4.92954029661688,NA,NA,NA,NA,NA,NA,NA,NA
-33,NA,NA,6271,20740,NA,738,859,NA,13.3381529007772,4.32070821387254,NA,NA,NA,NA,NA,NA,NA,NA
-32,NA,NA,7206,21512,NA,935,772,NA,14.9099027268378,3.72227579556413,NA,NA,NA,NA,NA,NA,NA,NA
-31,NA,NA,8257,22147,NA,1051,635,NA,14.5850679988898,2.95184083302343,NA,NA,NA,NA,NA,NA,NA,NA
-30,NA,NA,9409,22695,NA,1152,548,NA,13.951798474022,2.47437576195422,NA,NA,NA,NA,NA,NA,NA,NA
-29,NA,NA,10385,23401,NA,976,706,NA,10.3730470825805,3.11081736065213,NA,NA,NA,NA,NA,NA,NA,NA
-28,NA,NA,11226,23913,NA,841,512,NA,8.09821858449687,2.18794068629546,NA,NA,NA,NA,NA,NA,NA,NA
-27,NA,NA,12148,24615,NA,922,702,NA,8.21307678603242,2.93564170116673,NA,NA,NA,NA,NA,NA,NA,NA
-26,NA,NA,13063,25572,NA,915,957,NA,7.53210405004939,3.8878732480195,NA,NA,NA,NA,NA,NA,NA,NA
-25,NA,NA,14152,26155,NA,1089,583,NA,8.33652300390416,2.27983732207102,NA,NA,NA,NA,NA,NA,NA,NA
-24,NA,NA,15190,27270,NA,1038,1115,NA,7.33465234595817,4.26304721850507,NA,NA,NA,NA,NA,NA,NA,NA
-23,0,22,16239,28306,NA,1049,1036,NA,6.90585911784068,3.7990465713238,NA,NA,NA,NA,NA,NA,NA,NA
-22,1,42,17155,28602,20,916,296,90.9090909090909,5.64074142496459,1.04571468946513,NA,NA,NA,NA,NA,NA,NA,NA
-21,2,90,17866,29368,48,711,766,114.285714285714,4.14456426697756,2.67813439619607,NA,NA,NA,NA,NA,NA,NA,NA
-20,3,125,18578,29711,35,712,343,38.8888888888889,3.9852233292287,1.16793789158268,NA,NA,NA,NA,NA,NA,NA,NA
-19,4,173,19417,30696,48,839,985,38.4,4.51609430509204,3.31527043855811,NA,NA,NA,NA,NA,NA,NA,NA
-18,5,202,20237,31439,29,820,743,16.7630057803468,4.22310346603492,2.42051081574146,NA,NA,NA,NA,NA,NA,NA,NA
-17,6,261,21042,32106,59,805,667,29.2079207920792,3.97786233137323,2.12156875218677,NA,NA,NA,NA,NA,NA,NA,NA
-16,7,366,21886,32532,105,844,426,40.2298850574713,4.01102556791179,1.32685479349654,NA,NA,NA,NA,NA,NA,NA,NA
-15,8,484,22644,33441,118,758,909,32.2404371584699,3.46340126108014,2.79417189229067,NA,NA,NA,NA,NA,NA,NA,NA
-14,9,652,23276,33927,168,632,486,34.7107438016529,2.79102632043808,1.45330582219431,NA,NA,NA,NA,NA,NA,NA,NA
-13,10,774,23810,34635,122,534,708,18.7116564417178,2.29420862691184,2.0868334954461,NA,NA,NA,NA,NA,NA,NA,NA
-12,11,898,24483,35332,124,673,697,16.0206718346253,2.82654346913062,2.01241518694962,NA,NA,NA,NA,NA,NA,NA,NA
-11,12,1074,25222,35858,176,739,526,19.5991091314031,3.01842094514561,1.48873542397826,NA,NA,NA,NA,NA,NA,NA,NA
-10,13,1164,25915,36681,90,693,823,8.37988826815642,2.74760130045199,2.2951642590217,NA,NA,NA,NA,NA,NA,NA,NA
-9,14,1261,26740,37147,97,825,466,8.33333333333333,3.18348446845456,1.27041247512336,NA,NA,NA,NA,NA,NA,NA,NA
-8,15,1365,27458,37701,104,718,554,8.24742268041237,2.68511593118923,1.49137211618704,NA,NA,NA,NA,NA,NA,NA,NA
-7,16,1458,28012,38081,93,554,380,6.81318681318681,2.01762692111589,1.00793082411607,NA,NA,NA,NA,NA,NA,NA,NA
-6,17,1515,28534,38721,57,522,640,3.90946502057613,1.86348707696701,1.68062813476537,NA,NA,NA,NA,NA,NA,NA,NA
-5,18,1549,29002,39647,34,468,926,2.24422442244224,1.640148594659,2.39146716252163,NA,NA,NA,NA,NA,NA,NA,NA
-4,19,1556,29667,40405,7,665,758,0.451904454486766,2.29294531411627,1.91187227280753,NA,NA,NA,NA,NA,NA,NA,NA
-3,20,1606,30280,41218,50,613,813,3.2133676092545,2.06626891832676,2.01212721197872,NA,NA,NA,NA,NA,NA,NA,NA
-2,21,1630,30893,42132,24,613,914,1.49439601494396,2.02443857331572,2.21747780096075,NA,NA,NA,NA,NA,NA,NA,NA
-1,22,1652,31428,42838,22,535,706,1.34969325153374,1.73178389926521,1.67568593942846,NA,NA,NA,NA,NA,NA,NA,NA
0,23,1675,31825,43344,23,397,506,1.39225181598063,1.26320478554156,1.18119426677249,NA,NA,43344,43344,506,506,NA,NA
1,24,1690,32304,NA,15,479,NA,0.895522388059702,1.50510604870385,NA,0.895522388059702,1.50510604870385,43732.1552238806,43996.3731657502,388.155223880596,652.373165750192,0.895522388059699,1.50510604870384
2,25,1706,32896,NA,16,592,NA,0.946745562130178,1.83259039128281,NA,0.946745562130178,1.83259039128281,44146.1874626866,44802.6464728987,414.032238805965,806.273307148462,0.946745562130166,1.8325903912828
3,26,1723,33360,NA,17,464,NA,0.996483001172333,1.41050583657588,NA,0.996483001172333,1.41050583657588,44586.0967164179,45434.5904163393,439.909253731348,631.943943440689,0.996483001172344,1.41050583657587
4,27,1742,33891,NA,19,531,NA,1.10272780034823,1.59172661870504,NA,1.10272780034823,1.59172661870504,45077.76,46157.7848860958,491.663283582093,723.194469756483,1.10272780034824,1.59172661870504
5,28,1774,34305,NA,32,414,NA,1.83696900114811,1.2215632468797,NA,1.83696900114811,1.2215632468797,45905.8244776119,46721.6314218382,828.064477611944,563.846535742341,1.83696900114811,1.2215632468797
6,29,1792,34713,NA,18,408,NA,1.01465614430665,1.18933100131176,NA,1.01465614430665,1.18933100131176,46371.6107462687,47277.3062686567,465.786268656717,555.674846818532,1.01465614430665,1.18933100131175
7,30,1822,35018,NA,30,305,NA,1.67410714285714,0.87863336502175,NA,1.67410714285714,0.87863336502175,47147.9211940299,47692.7004556166,776.310447761192,415.394186959937,1.67410714285714,0.878633365021749
8,31,1842,35385,NA,20,367,NA,1.09769484083425,1.04803244045919,NA,1.09769484083425,1.04803244045919,47665.4614925373,48192.5354281225,517.540298507462,499.834972505887,1.09769484083425,1.04803244045918
9,32,1856,35752,NA,14,367,NA,0.760043431053203,1.03716263953653,NA,0.760043431053203,1.03716263953653,48027.7397014925,48692.3704006284,362.278208955227,499.834972505894,0.76004343105321,1.03716263953653
10,33,1871,36080,NA,15,328,NA,0.808189655172414,0.917431192660551,NA,0.808189655172414,0.917431192660551,48415.8949253731,49139.0893951296,388.155223880603,446.718994501178,0.808189655172427,0.91743119266055
11,34,1892,36425,NA,21,345,NA,1.12239444147515,0.956208425720621,NA,1.12239444147515,0.956208425720621,48959.312238806,49608.9615082482,543.417313432838,469.872113118618,1.12239444147515,0.956208425720621
12,35,1914,36759,NA,22,334,NA,1.16279069767442,0.916952642415923,NA,1.16279069767442,0.916952642415923,49528.6065671642,50063.8521916732,569.294328358214,454.890683424972,1.16279069767443,0.916952642415906
13,36,1933,37003,NA,19,244,NA,0.992685475444096,0.663783019124568,NA,0.992685475444096,0.663783019124568,50020.2698507463,50396.1675412411,491.663283582086,332.315349567951,0.992685475444088,0.663783019124571
14,37,1963,37217,NA,30,214,NA,1.55199172271081,0.578331486636219,NA,1.55199172271081,0.578331486636219,50796.5802985075,50687.6244461901,776.310447761192,291.456904948936,1.55199172271081,0.578331486636213
15,38,1985,37406,NA,22,189,NA,1.1207335710647,0.507832442163527,NA,1.1207335710647,0.507832442163527,51365.8746268657,50945.0326472898,569.294328358214,257.408201099766,1.12073357106471,0.507832442163532
16,39,2001,37660,NA,16,254,NA,0.806045340050378,0.679035448858472,NA,0.806045340050378,0.679035448858472,51779.9068656717,51290.9674783975,414.032238805972,345.934831107625,0.806045340050381,0.679035448858482
17,40,2027,37906,NA,26,246,NA,1.29935032483758,0.653212958045672,NA,1.29935032483758,0.653212958045672,52452.7092537314,51626.0067242733,672.802388059703,335.039245875887,1.29935032483758,0.653212958045678
18,41,2048,38139,NA,21,233,NA,1.03601381351751,0.614678415026645,NA,1.03601381351751,0.614678415026645,52996.1265671642,51943.3406441477,543.417313432838,317.333919874312,1.03601381351752,0.614678415026645
19,42,2066,38329,NA,18,190,NA,0.87890625,0.49817771834605,NA,0.87890625,0.49817771834605,53461.9128358209,52202.1107934014,465.786268656717,258.770149253738,0.87890625,0.498177718346063
20,43,2084,38470,NA,18,141,NA,0.871248789932236,0.367867671997704,NA,0.871248789932236,0.367867671997704,53927.6991044776,52394.1454831107,465.786268656717,192.034689709348,0.871248789932237,0.367867671997704
21,44,2103,38601,NA,19,131,NA,0.911708253358925,0.340525084481414,NA,0.911708253358925,0.340525084481414,54419.3623880597,52572.5606912804,491.663283582093,178.415208169681,0.911708253358931,0.34052508448142
22,45,2120,38847,NA,17,246,NA,0.808368996671422,0.637289189399238,NA,0.808368996671422,0.637289189399238,54859.2716417911,52907.5999371563,439.909253731348,335.039245875887,0.80836899667143,0.637289189399245
23,46,2130,39003,NA,10,156,NA,0.471698113207547,0.401575411228666,NA,0.471698113207547,0.401575411228666,55118.0417910448,53120.0638491752,258.770149253738,212.463912018859,0.471698113207559,0.401575411228677
24,47,2139,39177,NA,9,174,NA,0.422535211267606,0.44611952926698,NA,0.422535211267606,0.44611952926698,55350.9349253732,53357.0428279654,232.893134328355,236.978978790263,0.422535211267599,0.446119529266986
25,48,2150,39315,NA,11,138,NA,0.514258999532492,0.352247492151007,NA,0.514258999532492,0.352247492151007,55635.5820895523,53544.9916732129,284.647164179107,187.948845247454,0.514258999532496,0.352247492151021
26,49,2159,39469,NA,9,154,NA,0.418604651162791,0.391707999491288,NA,0.418604651162791,0.391707999491288,55868.4752238806,53754.7316889238,232.893134328355,209.740015710915,0.418604651162784,0.391707999491281
27,50,2164,39588,NA,5,119,NA,0.231588698471515,0.301502444956802,NA,0.231588698471515,0.301502444956802,55997.8602985075,53916.8035192459,129.385074626865,162.071830322071,0.231588698471514,0.301502444956796
28,51,2170,39667,NA,6,79,NA,0.277264325323475,0.199555420834596,NA,0.277264325323475,0.199555420834596,56153.1223880597,54024.3974234093,155.262089552234,107.593904163397,0.277264325323466,0.199555420834603
29,52,2177,39810,NA,7,143,NA,0.32258064516129,0.360501172259057,NA,0.32258064516129,0.360501172259057,56334.2614925373,54219.1560094266,181.13910447761,194.758586017277,0.322580645161287,0.360501172259047
30,53,2182,39926,NA,5,116,NA,0.229673863114378,0.291384074353178,NA,0.229673863114378,0.291384074353178,56463.6465671642,54377.1419952867,129.385074626873,157.985985860178,0.22967386311439,0.291384074353186
31,54,2188,40039,NA,6,113,NA,0.274977085242896,0.283023593648249,NA,0.274977085242896,0.283023593648249,56618.9086567164,54531.042136685,155.262089552234,153.90014139827,0.274977085242888,0.283023593648245
32,55,2193,40154,NA,5,115,NA,0.228519195612431,0.287219960538475,NA,0.228519195612431,0.287219960538475,56748.2937313433,54687.6661743912,129.385074626873,156.624037706199,0.228519195612444,0.287219960538462
33,56,2198,40271,NA,5,117,NA,0.227998176014592,0.29137819395328,NA,0.227998176014592,0.29137819395328,56877.6788059702,54847.0141084053,129.385074626873,159.347934014142,0.227998176014604,0.291378193953284
34,57,2202,40364,NA,4,93,NA,0.181983621474067,0.230935412579772,NA,0.181983621474067,0.230935412579772,56981.1868656717,54973.6752867243,103.508059701489,126.661178318929,0.181983621474062,0.230935412579767
35,58,2206,40417,NA,4,53,NA,0.181653042688465,0.131305123377267,NA,0.181653042688465,0.131305123377267,57084.6949253732,55045.8585388845,103.508059701497,72.1832521602482,0.181653042688472,0.131305123377261
36,59,2208,NA,NA,2,NA,NA,0.0906618313689937,NA,NA,0.0906618313689937,NA,57136.4489552239,NA,51.7540298507447,NA,0.0906618313689908,NA
37,60,2210,NA,NA,2,NA,NA,0.0905797101449275,NA,NA,0.0905797101449275,NA,57188.2029850747,NA,51.7540298507447,NA,0.0905797101449247,NA
38,61,2212,NA,NA,2,NA,NA,0.0904977375565611,NA,NA,0.0904977375565611,NA,57239.9570149254,NA,51.7540298507447,NA,0.0904977375565583,NA
39,62,2215,NA,NA,3,NA,NA,0.135623869801085,NA,NA,0.135623869801085,NA,57317.5880597015,NA,77.6310447761207,NA,0.135623869801087,NA
40,63,2218,NA,NA,3,NA,NA,0.135440180586907,NA,NA,0.135440180586907,NA,57395.2191044777,NA,77.6310447761207,NA,0.13544018058691,NA
41,64,2220,NA,NA,2,NA,NA,0.0901713255184851,NA,NA,0.0901713255184851,NA,57446.9731343284,NA,51.754029850752,NA,0.090171325518495,NA
42,65,2222,NA,NA,2,NA,NA,0.0900900900900901,NA,NA,0.0900900900900901,NA,57498.7271641792,NA,51.7540298507447,NA,0.0900900900900873,NA
43,66,2224,NA,NA,2,NA,NA,0.09000900090009,NA,NA,0.09000900090009,NA,57550.4811940299,NA,51.7540298507447,NA,0.0900090009000872,NA
44,67,2227,NA,NA,3,NA,NA,0.134892086330935,NA,NA,0.134892086330935,NA,57628.112238806,NA,77.6310447761134,NA,0.134892086330925,NA
45,68,2229,NA,NA,2,NA,NA,0.0898069151324652,NA,NA,0.0898069151324652,NA,57679.8662686568,NA,51.754029850752,NA,0.089806915132475,NA
46,69,2229,NA,NA,0,NA,NA,0,NA,NA,0,NA,57679.8662686568,NA,0,NA,0,NA
47,70,2231,NA,NA,2,NA,NA,0.0897263346792283,NA,NA,0.0897263346792283,NA,57731.6202985075,NA,51.7540298507447,NA,0.0897263346792256,NA
48,71,2232,NA,NA,1,NA,NA,0.0448229493500672,NA,NA,0.0448229493500672,NA,57757.4973134329,NA,25.8770149253687,NA,0.0448229493500595,NA
49,72,2235,NA,NA,3,NA,NA,0.134408602150538,NA,NA,0.134408602150538,NA,57835.128358209,NA,77.631044776128,NA,0.134408602150552,NA
50,73,2237,NA,NA,2,NA,NA,0.0894854586129754,NA,NA,0.0894854586129754,NA,57886.8823880598,NA,51.754029850752,NA,0.0894854586129852,NA
51,74,2237,NA,NA,0,NA,NA,0,NA,NA,0,NA,57886.8823880598,NA,0,NA,0,NA
52,75,2238,NA,NA,1,NA,NA,0.0447027268663388,NA,NA,0.0447027268663388,NA,57912.7594029851,NA,25.877014925376,NA,0.0447027268663437,NA
53,76,2239,NA,NA,1,NA,NA,0.0446827524575514,NA,NA,0.0446827524575514,NA,57938.6364179105,NA,25.8770149253687,NA,0.0446827524575437,NA
54,77,2241,NA,NA,2,NA,NA,0.0893255917820455,NA,NA,0.0893255917820455,NA,57990.3904477613,NA,51.754029850752,NA,0.0893255917820553,NA
55,78,2245,NA,NA,4,NA,NA,0.178491744756805,NA,NA,0.178491744756805,NA,58093.8985074627,NA,103.508059701497,NA,0.178491744756812,NA
56,79,2252,NA,NA,7,NA,NA,0.311804008908686,NA,NA,0.311804008908686,NA,58275.0376119404,NA,181.139104477617,NA,0.311804008908695,NA
57,80,2259,NA,NA,7,NA,NA,0.310834813499112,NA,NA,0.310834813499112,NA,58456.176716418,NA,181.139104477617,NA,0.310834813499121,NA
58,81,2265,NA,NA,6,NA,NA,0.265604249667995,NA,NA,0.265604249667995,NA,58611.4388059702,NA,155.262089552241,NA,0.265604249667999,NA
59,82,2270,NA,NA,5,NA,NA,0.22075055187638,NA,NA,0.22075055187638,NA,58740.8238805971,NA,129.385074626865,NA,0.220750551876379,NA
60,83,2276,NA,NA,6,NA,NA,0.26431718061674,NA,NA,0.26431718061674,NA,58896.0859701493,NA,155.262089552241,NA,0.264317180616744,NA
61,84,2282,NA,NA,6,NA,NA,0.263620386643234,NA,NA,0.263620386643234,NA,59051.3480597016,NA,155.262089552234,NA,0.263620386643225,NA
62,85,2286,NA,NA,4,NA,NA,0.175284837861525,NA,NA,0.175284837861525,NA,59154.8561194031,NA,103.508059701497,NA,0.175284837861532,NA
63,86,2288,NA,NA,2,NA,NA,0.0874890638670166,NA,NA,0.0874890638670166,NA,59206.6101492538,NA,51.7540298507447,NA,0.0874890638670139,NA
64,87,2291,NA,NA,3,NA,NA,0.131118881118881,NA,NA,0.131118881118881,NA,59284.2411940299,NA,77.6310447761134,NA,0.131118881118871,NA
65,88,2294,NA,NA,3,NA,NA,0.13094718463553,NA,NA,0.13094718463553,NA,59361.872238806,NA,77.6310447761207,NA,0.130947184635532,NA
66,89,2301,NA,NA,7,NA,NA,0.30514385353095,NA,NA,0.30514385353095,NA,59543.0113432837,NA,181.139104477617,NA,0.305143853530959,NA
67,90,2303,NA,NA,2,NA,NA,0.0869187309865276,NA,NA,0.0869187309865276,NA,59594.7653731344,NA,51.7540298507374,NA,0.0869187309865126,NA
68,91,2307,NA,NA,4,NA,NA,0.173686495874946,NA,NA,0.173686495874946,NA,59698.2734328359,NA,103.508059701497,NA,0.173686495874952,NA
69,92,2312,NA,NA,5,NA,NA,0.216731686172518,NA,NA,0.216731686172518,NA,59827.6585074628,NA,129.385074626858,NA,0.216731686172505,NA
70,93,2317,NA,NA,5,NA,NA,0.216262975778547,NA,NA,0.216262975778547,NA,59957.0435820896,NA,129.385074626865,NA,0.216262975778546,NA
71,94,2321,NA,NA,4,NA,NA,0.172637030643073,NA,NA,0.172637030643073,NA,60060.5516417911,NA,103.508059701497,NA,0.17263703064308,NA
72,95,2325,NA,NA,4,NA,NA,0.1723395088324,NA,NA,0.1723395088324,NA,60164.0597014926,NA,103.508059701489,NA,0.172339508832394,NA
