"daysFromToday","Day","Korea","Italy","X","dif.Korea","dif.Italy","dif.X","growth.Korea","growth.Italy","growth.X","prj.grKO.X","prj.grIT.X","grKO.prj.tot.X","grIT.prj.tot.X","dif.grKO.prj.tot.X","dif.grIT.prj.tot.X","growth.grKO.prj.tot.X","growth.grIT.prj.tot.X"
-64,NA,NA,NA,108,NA,NA,NA,NA,NA,NA,NA,NA,NA,NA,NA,NA,NA,NA
-63,NA,NA,NA,145,NA,NA,37,NA,NA,34.2592592592593,NA,NA,NA,NA,NA,NA,NA,NA
-62,NA,NA,NA,172,NA,NA,27,NA,NA,18.6206896551724,NA,NA,NA,NA,NA,NA,NA,NA
-61,NA,NA,NA,210,NA,NA,38,NA,NA,22.093023255814,NA,NA,NA,NA,NA,NA,NA,NA
-60,NA,NA,NA,246,NA,NA,36,NA,NA,17.1428571428571,NA,NA,NA,NA,NA,NA,NA,NA
-59,NA,NA,NA,279,NA,NA,33,NA,NA,13.4146341463415,NA,NA,NA,NA,NA,NA,NA,NA
-58,NA,NA,NA,321,NA,NA,42,NA,NA,15.0537634408602,NA,NA,NA,NA,NA,NA,NA,NA
-57,NA,NA,NA,363,NA,NA,42,NA,NA,13.0841121495327,NA,NA,NA,NA,NA,NA,NA,NA
-56,NA,NA,NA,409,NA,NA,46,NA,NA,12.6721763085399,NA,NA,NA,NA,NA,NA,NA,NA
-55,NA,NA,NA,447,NA,NA,38,NA,NA,9.29095354523227,NA,NA,NA,NA,NA,NA,NA,NA
-54,NA,NA,NA,519,NA,NA,72,NA,NA,16.1073825503356,NA,NA,NA,NA,NA,NA,NA,NA
-53,NA,NA,NA,567,NA,NA,48,NA,NA,9.2485549132948,NA,NA,NA,NA,NA,NA,NA,NA
-52,NA,NA,NA,635,NA,NA,68,NA,NA,11.9929453262787,NA,NA,NA,NA,NA,NA,NA,NA
-51,NA,NA,5,700,NA,NA,65,NA,NA,10.2362204724409,NA,NA,NA,NA,NA,NA,NA,NA
-50,NA,NA,7,791,NA,2,91,NA,40,13,NA,NA,NA,NA,NA,NA,NA,NA
-49,NA,NA,10,814,NA,3,23,NA,42.8571428571429,2.90771175726928,NA,NA,NA,NA,NA,NA,NA,NA
-48,NA,NA,14,871,NA,4,57,NA,40,7.002457002457,NA,NA,NA,NA,NA,NA,NA,NA
-47,NA,NA,21,901,NA,7,30,NA,50,3.4443168771527,NA,NA,NA,NA,NA,NA,NA,NA
-46,NA,NA,28,952,NA,7,51,NA,33.3333333333333,5.66037735849057,NA,NA,NA,NA,NA,NA,NA,NA
-45,NA,NA,36,1066,NA,8,114,NA,28.5714285714286,11.9747899159664,NA,NA,NA,NA,NA,NA,NA,NA
-44,NA,NA,54,1138,NA,18,72,NA,50,6.75422138836773,NA,NA,NA,NA,NA,NA,NA,NA
-43,NA,NA,65,1287,NA,11,149,NA,20.3703703703704,13.0931458699473,NA,NA,NA,NA,NA,NA,NA,NA
-42,NA,NA,80,1474,NA,15,187,NA,23.0769230769231,14.5299145299145,NA,NA,NA,NA,NA,NA,NA,NA
-41,NA,NA,99,1648,NA,19,174,NA,23.75,11.8046132971506,NA,NA,NA,NA,NA,NA,NA,NA
-40,NA,NA,123,1722,NA,24,74,NA,24.2424242424242,4.49029126213592,NA,NA,NA,NA,NA,NA,NA,NA
-39,NA,NA,148,1813,NA,25,91,NA,20.3252032520325,5.28455284552846,NA,NA,NA,NA,NA,NA,NA,NA
-38,NA,NA,188,2124,NA,40,311,NA,27.027027027027,17.15388858246,NA,NA,NA,NA,NA,NA,NA,NA
-37,NA,NA,236,2421,NA,48,297,NA,25.531914893617,13.9830508474576,NA,NA,NA,NA,NA,NA,NA,NA
-36,NA,NA,293,2732,NA,57,311,NA,24.1525423728814,12.845931433292,NA,NA,NA,NA,NA,NA,NA,NA
-35,NA,NA,325,3028,NA,32,296,NA,10.9215017064846,10.8345534407028,NA,NA,NA,NA,NA,NA,NA,NA
-34,NA,NA,399,3358,NA,74,330,NA,22.7692307692308,10.8982826948481,NA,NA,NA,NA,NA,NA,NA,NA
-33,NA,NA,484,3374,NA,85,16,NA,21.3032581453634,0.476474091721263,NA,NA,NA,NA,NA,NA,NA,NA
-32,NA,NA,565,3784,NA,81,410,NA,16.7355371900826,12.1517486662715,NA,NA,NA,NA,NA,NA,NA,NA
-31,NA,NA,677,4281,NA,112,497,NA,19.8230088495575,13.1342494714588,NA,NA,NA,NA,NA,NA,NA,NA
-30,NA,NA,792,4838,NA,115,557,NA,16.98670605613,13.0109787432843,NA,NA,NA,NA,NA,NA,NA,NA
-29,NA,NA,895,5326,NA,103,488,NA,13.0050505050505,10.0868127325341,NA,NA,NA,NA,NA,NA,NA,NA
-28,NA,NA,1008,5910,NA,113,584,NA,12.6256983240223,10.9650769808487,NA,NA,NA,NA,NA,NA,NA,NA
-27,NA,NA,1143,6083,NA,135,173,NA,13.3928571428571,2.92724196277496,NA,NA,NA,NA,NA,NA,NA,NA
-26,NA,NA,1313,6438,NA,170,355,NA,14.8731408573928,5.83593621568305,NA,NA,NA,NA,NA,NA,NA,NA
-25,NA,NA,1504,6771,NA,191,333,NA,14.5468392993145,5.17241379310345,NA,NA,NA,NA,NA,NA,NA,NA
-24,NA,NA,1714,7190,NA,210,419,NA,13.9627659574468,6.18815536848324,NA,NA,NA,NA,NA,NA,NA,NA
-23,NA,NA,1892,7831,NA,178,641,NA,10.3850641773629,8.91515994436718,NA,NA,NA,NA,NA,NA,NA,NA
-22,0,4,2045,8234,NA,153,403,NA,8.08668076109937,5.14621376580258,NA,NA,NA,NA,NA,NA,NA,NA
-21,1,8,2213,8315,4,168,81,100,8.21515892420538,0.983726014087928,NA,NA,NA,NA,NA,NA,NA,NA
-20,2,16,2380,8572,8,167,257,100,7.54631721644826,3.09079975947084,NA,NA,NA,NA,NA,NA,NA,NA
-19,3,23,2578,8692,7,198,120,43.75,8.31932773109244,1.39990667288847,NA,NA,NA,NA,NA,NA,NA,NA
-18,4,31,2767,9075,8,189,383,34.7826086956522,7.33126454615981,4.40635066728026,NA,NA,NA,NA,NA,NA,NA,NA
-17,5,37,2959,9416,6,192,341,19.3548387096774,6.93892302132273,3.75757575757576,NA,NA,NA,NA,NA,NA,NA,NA
-16,6,48,3125,9772,11,166,356,29.7297297297297,5.61000337952011,3.78079864061172,NA,NA,NA,NA,NA,NA,NA,NA
-15,7,67,3255,10220,19,130,448,39.5833333333333,4.16,4.58452722063037,NA,NA,NA,NA,NA,NA,NA,NA
-14,8,88,3385,10348,21,130,128,31.3432835820896,3.99385560675883,1.25244618395303,NA,NA,NA,NA,NA,NA,NA,NA
-13,9,119,3538,10625,31,153,277,35.2272727272727,4.51994091580502,2.67684576729803,NA,NA,NA,NA,NA,NA,NA,NA
-12,10,141,3687,10846,22,149,221,18.4873949579832,4.21141888072357,2.08,NA,NA,NA,NA,NA,NA,NA,NA
-11,11,164,3834,11122,23,147,276,16.3120567375887,3.98698128559805,2.54471694633966,NA,NA,NA,NA,NA,NA,NA,NA
-10,12,196,3987,11425,32,153,303,19.5121951219512,3.9906103286385,2.72433015644668,NA,NA,NA,NA,NA,NA,NA,NA
-9,13,212,4126,11662,16,139,237,8.16326530612245,3.48633057436669,2.07439824945295,NA,NA,NA,NA,NA,NA,NA,NA
-8,14,230,4241,11989,18,115,327,8.49056603773585,2.78720310227824,2.80397873435088,NA,NA,NA,NA,NA,NA,NA,NA
-7,15,249,4338,12134,19,97,145,8.26086956521739,2.28719641593964,1.20944198848945,NA,NA,NA,NA,NA,NA,NA,NA
-6,16,266,4461,12355,17,123,221,6.82730923694779,2.83540802213001,1.82132849843415,NA,NA,NA,NA,NA,NA,NA,NA
-5,17,276,4595,12619,10,134,264,3.7593984962406,3.0038108047523,2.13678672602185,NA,NA,NA,NA,NA,NA,NA,NA
-4,18,282,4722,12976,6,127,357,2.17391304347826,2.76387377584331,2.82906727949917,NA,NA,NA,NA,NA,NA,NA,NA
-3,19,283,4872,13261,1,150,285,0.354609929078014,3.17662007623888,2.19636251541307,NA,NA,NA,NA,NA,NA,NA,NA
-2,20,293,5003,13654,10,131,393,3.53356890459364,2.6888341543514,2.96357740743534,NA,NA,NA,NA,NA,NA,NA,NA
-1,21,297,5104,13905,4,101,251,1.36518771331058,2.01878872676394,1.83828914603779,NA,NA,NA,NA,NA,NA,NA,NA
0,22,301,5199,14101,4,95,196,1.34680134680135,1.86128526645768,1.40956490471054,NA,NA,14101,14101,196,196,NA,NA
1,23,305,5284,NA,4,85,NA,1.32890365448505,1.63492979419119,NA,1.32890365448505,1.63492979419119,14288.3887043189,14331.5414502789,187.388704318939,230.541450278901,1.32890365448506,1.6349297941912
2,24,308,5405,NA,3,121,NA,0.983606557377049,2.28993186979561,NA,0.983606557377049,2.28993186979561,14428.9302325581,14659.7239853818,140.541528239204,328.182535102904,0.983606557377059,2.28993186979561
3,25,311,5517,NA,3,112,NA,0.974025974025974,2.07215541165587,NA,0.974025974025974,2.07215541165587,14569.4717607973,14963.4962492787,140.541528239204,303.772263896904,0.974025974025984,2.07215541165588
4,26,314,5629,NA,3,112,NA,0.964630225080386,2.03008881638572,NA,0.964630225080386,2.03008881638572,14710.0132890365,15267.2685131756,140.5415282392,303.772263896903,0.964630225080371,2.03008881638571
5,27,317,5726,NA,3,97,NA,0.955414012738854,1.72321904423521,NA,0.955414012738854,1.72321904423521,14850.5548172758,15530.3569917292,140.541528239204,263.088478553567,0.955414012738863,1.72321904423521
6,28,323,5798,NA,6,72,NA,1.89274447949527,1.25742228431715,NA,1.89274447949527,1.25742228431715,15131.6378737542,15725.6391613772,281.083056478406,195.28216964801,1.89274447949528,1.25742228431715
7,29,326,5885,NA,3,87,NA,0.928792569659443,1.50051741979993,NA,0.928792569659443,1.50051741979993,15272.1794019934,15961.6051163685,140.541528239204,235.965954991345,0.928792569659452,1.50051741979993
8,30,332,5993,NA,6,108,NA,1.84049079754601,1.83517417162277,NA,1.84049079754601,1.83517417162277,15553.2624584718,16254.5283708405,281.083056478405,292.923254472014,1.84049079754601,1.83517417162277
9,31,336,6078,NA,4,85,NA,1.20481927710843,1.41832137493743,NA,1.20481927710843,1.41832137493743,15740.6511627907,16485.0698211194,187.388704318935,230.541450278899,1.20481927710842,1.41832137493742
10,32,338,6175,NA,2,97,NA,0.595238095238095,1.59591971043106,NA,0.595238095238095,1.59591971043106,15834.3455149502,16748.158299673,93.6943521594676,263.088478553571,0.59523809523809,1.59591971043108
11,33,341,6250,NA,3,75,NA,0.887573964497041,1.21457489878543,NA,0.887573964497041,1.21457489878543,15974.8870431894,16951.5772263897,140.541528239202,203.418926716677,0.887573964497039,1.21457489878543
12,34,345,6324,NA,4,74,NA,1.17302052785924,1.184,NA,1.17302052785924,1.184,16162.2757475083,17152.2839007501,187.388704318937,200.706674360456,1.17302052785924,1.18400000000001
13,35,349,6380,NA,4,56,NA,1.15942028985507,0.885515496521189,NA,1.15942028985507,0.885515496521189,16349.6644518272,17304.1700326986,187.388704318937,151.886131948449,1.15942028985507,0.885515496521176
14,36,352,6447,NA,3,67,NA,0.859598853868195,1.05015673981191,NA,0.859598853868195,1.05015673981191,16490.2059800665,17485.8909405655,140.541528239204,181.720907866897,0.859598853868204,1.05015673981191
15,37,358,6514,NA,6,67,NA,1.70454545454545,1.03924305878703,NA,1.70454545454545,1.03924305878703,16771.2890365449,17667.6118484324,281.083056478405,181.7209078669,1.70454545454545,1.03924305878705
16,38,362,6574,NA,4,60,NA,1.11731843575419,0.92109303039607,NA,1.11731843575419,0.92109303039607,16958.6777408638,17830.3469898057,187.388704318939,162.735141373341,1.1173184357542,0.921093030396071
17,39,365,6636,NA,3,62,NA,0.828729281767956,0.943109218132035,NA,0.828729281767956,0.943109218132035,17099.219269103,17998.5066358915,140.541528239202,168.159646085784,0.828729281767953,0.943109218132023
18,40,369,6697,NA,4,61,NA,1.0958904109589,0.91922845087402,NA,1.0958904109589,0.91922845087402,17286.6079734219,18163.9540296211,187.388704318935,165.447393729562,1.09589041095889,0.919228450874015
19,41,373,6742,NA,4,45,NA,1.0840108401084,0.671942660892937,NA,1.0840108401084,0.671942660892937,17473.9966777409,18286.0053856511,187.388704318939,122.051356030006,1.08401084010841,0.671942660892938
20,42,376,6781,NA,3,39,NA,0.804289544235925,0.578463363986948,NA,0.804289544235925,0.578463363986948,17614.5382059801,18391.7832275438,140.541528239202,105.777841892672,0.804289544235923,0.578463363986948
21,43,380,6815,NA,4,34,NA,1.06382978723404,0.501400973307772,NA,1.06382978723404,0.501400973307772,17801.926910299,18483.9998076553,187.388704318939,92.2165801115589,1.06382978723405,0.501400973307766
22,44,383,6861,NA,3,46,NA,0.789473684210526,0.674981658107117,NA,0.789473684210526,0.674981658107117,17942.4684385382,18608.7634160415,140.541528239202,124.763608386227,0.789473684210524,0.674981658107111
23,45,386,6906,NA,3,45,NA,0.783289817232376,0.655881066899869,NA,0.783289817232376,0.655881066899869,18083.0099667774,18730.8147720716,140.541528239202,122.051356030006,0.783289817232374,0.65588106689987
24,46,388,6949,NA,2,43,NA,0.518134715025907,0.622646973646105,NA,0.518134715025907,0.622646973646105,18176.7043189369,18847.4416233891,93.6943521594694,116.626851317564,0.518134715025912,0.622646973646119
25,47,390,6983,NA,2,34,NA,0.515463917525773,0.489279032954382,NA,0.515463917525773,0.489279032954382,18270.3986710964,18939.6582035007,93.6943521594694,92.2165801115625,0.515463917525778,0.489279032954396
26,48,392,7009,NA,2,26,NA,0.512820512820513,0.372332808248604,NA,0.512820512820513,0.372332808248604,18364.0930232558,19010.1767647625,93.6943521594694,70.5185612617788,0.512820512820518,0.372332808248591
27,49,393,7033,NA,1,24,NA,0.255102040816327,0.3424168925667,NA,0.255102040816327,0.3424168925667,18410.9401993356,19075.2708213118,46.8471760797365,65.0940565493402,0.255102040816339,0.34241689256672
28,50,394,7078,NA,1,45,NA,0.254452926208651,0.639840750746481,NA,0.254452926208651,0.639840750746481,18457.7873754153,19197.3221773418,46.8471760797329,122.051356030006,0.254452926208644,0.639840750746482
29,51,395,7106,NA,1,28,NA,0.253807106598985,0.395591975134219,NA,0.253807106598985,0.395591975134219,18504.634551495,19273.265243316,46.8471760797365,75.9430659742247,0.253807106598997,0.395591975134213
30,52,397,7138,NA,2,32,NA,0.506329113924051,0.450323670137912,NA,0.506329113924051,0.450323670137912,18598.3289036545,19360.0573187151,93.6943521594694,86.7920753991129,0.506329113924056,0.4503236701379
31,53,398,7163,NA,1,25,NA,0.251889168765743,0.350238161950126,NA,0.251889168765743,0.350238161950126,18645.1760797342,19427.8636276207,46.8471760797365,67.8063089055577,0.251889168765755,0.35023816195012
32,54,399,7191,NA,1,28,NA,0.251256281407035,0.39089766857462,NA,0.251256281407035,0.39089766857462,18692.023255814,19503.8066935949,46.8471760797329,75.9430659742284,0.251256281407028,0.390897668574633
33,55,400,7213,NA,1,22,NA,0.25062656641604,0.305937978028091,NA,0.25062656641604,0.305937978028091,18738.8704318937,19563.4762454318,46.8471760797329,59.6695518368906,0.250626566416033,0.305937978028085
34,56,400,7227,NA,0,14,NA,0,0.194093996949951,NA,0,0.194093996949951,18738.8704318937,19601.4477784189,0,37.9715329871142,0,0.194093996949958
35,57,401,7253,NA,1,26,NA,0.25,0.35976200359762,NA,0.25,0.35976200359762,18785.7176079734,19671.9663396807,46.8471760797329,70.5185612617825,0.249999999999993,0.359762003597627
36,58,402,7274,NA,1,21,NA,0.249376558603491,0.289535364676686,NA,0.249376558603491,0.289535364676686,18832.5647840532,19728.9236391614,46.8471760797329,56.9572994806695,0.249376558603484,0.289535364676686
37,59,402,7295,NA,0,21,NA,0,0.288699477591422,NA,0,0.288699477591422,18832.5647840532,19785.8809386421,0,56.9572994806695,0,0.288699477591422
38,60,403,7316,NA,1,21,NA,0.248756218905473,0.287868403015764,NA,0.248756218905473,0.287868403015764,18879.4119601329,19842.8382381227,46.8471760797365,56.9572994806695,0.248756218905485,0.287868403015765
39,61,403,7337,NA,0,21,NA,0,0.287042099507928,NA,0,0.287042099507928,18879.4119601329,19899.7955376034,0,56.9572994806658,0,0.28704209950791
40,62,403,7354,NA,0,17,NA,0,0.231702330652855,NA,0,0.231702330652855,18879.4119601329,19945.9038276592,0,46.1082900557813,0,0.231702330652862
41,63,404,7364,NA,1,10,NA,0.248138957816377,0.13598041881969,NA,0.248138957816377,0.13598041881969,18926.2591362126,19973.0263512214,46.8471760797329,27.1225235622223,0.24813895781637,0.135980418819684
42,64,404,7376,NA,0,12,NA,0,0.162954915806627,NA,0,0.162954915806627,18926.2591362126,20005.5733794961,0,32.5470282746683,0,0.162954915806627
43,65,405,7395,NA,1,19,NA,0.247524752475248,0.257592190889371,NA,0.247524752475248,0.257592190889371,18973.1063122924,20057.1061742643,46.8471760797329,51.5327947682235,0.24752475247524,0.257592190889365
44,66,405,7414,NA,0,19,NA,0,0.256930358350237,NA,0,0.256930358350237,18973.1063122924,20108.6389690325,0,51.5327947682235,0,0.256930358350231
45,67,406,7431,NA,1,17,NA,0.246913580246914,0.229295926625303,NA,0.246913580246914,0.229295926625303,19019.9534883721,20154.7472590883,46.8471760797329,46.1082900557813,0.246913580246906,0.22929592662531
46,68,406,7444,NA,0,13,NA,0,0.174942807159198,NA,0,0.174942807159198,19019.9534883721,20190.0065397192,0,35.2592806308894,0,0.174942807159192
47,69,406,7454,NA,0,10,NA,0,0.134336378291241,NA,0,0.134336378291241,19019.9534883721,20217.1290632814,0,27.1225235622223,0,0.134336378291235
48,70,407,7461,NA,1,7,NA,0.246305418719212,0.0939093104373491,NA,0.246305418719212,0.0939093104373491,19066.8006644518,20236.114829775,46.8471760797365,18.9857664935589,0.246305418719224,0.0939093104373612
49,71,407,NA,NA,0,NA,NA,0,NA,NA,0,NA,19066.8006644518,NA,0,NA,0,NA
50,72,407,NA,NA,0,NA,NA,0,NA,NA,0,NA,19066.8006644518,NA,0,NA,0,NA
51,73,408,NA,NA,1,NA,NA,0.245700245700246,NA,NA,0.245700245700246,NA,19113.6478405316,NA,46.8471760797365,NA,0.245700245700258,NA
52,74,408,NA,NA,0,NA,NA,0,NA,NA,0,NA,19113.6478405316,NA,0,NA,0,NA
53,75,408,NA,NA,0,NA,NA,0,NA,NA,0,NA,19113.6478405316,NA,0,NA,0,NA
54,76,408,NA,NA,0,NA,NA,0,NA,NA,0,NA,19113.6478405316,NA,0,NA,0,NA
55,77,408,NA,NA,0,NA,NA,0,NA,NA,0,NA,19113.6478405316,NA,0,NA,0,NA
56,78,409,NA,NA,1,NA,NA,0.245098039215686,NA,NA,0.245098039215686,NA,19160.4950166113,NA,46.8471760797329,NA,0.245098039215679,NA
57,79,410,NA,NA,1,NA,NA,0.244498777506112,NA,NA,0.244498777506112,NA,19207.342192691,NA,46.8471760797365,NA,0.244498777506124,NA
58,80,412,NA,NA,2,NA,NA,0.48780487804878,NA,NA,0.48780487804878,NA,19301.0365448505,NA,93.6943521594694,NA,0.487804878048785,NA
59,81,413,NA,NA,1,NA,NA,0.242718446601942,NA,NA,0.242718446601942,NA,19347.8837209303,NA,46.8471760797365,NA,0.242718446601954,NA
60,82,414,NA,NA,1,NA,NA,0.242130750605327,NA,NA,0.242130750605327,NA,19394.73089701,NA,46.8471760797365,NA,0.242130750605339,NA
61,83,415,NA,NA,1,NA,NA,0.241545893719807,NA,NA,0.241545893719807,NA,19441.5780730897,NA,46.8471760797329,NA,0.2415458937198,NA
62,84,416,NA,NA,1,NA,NA,0.240963855421687,NA,NA,0.240963855421687,NA,19488.4252491695,NA,46.8471760797365,NA,0.240963855421698,NA
63,85,416,NA,NA,0,NA,NA,0,NA,NA,0,NA,19488.4252491695,NA,0,NA,0,NA
64,86,417,NA,NA,1,NA,NA,0.240384615384615,NA,NA,0.240384615384615,NA,19535.2724252492,NA,46.8471760797365,NA,0.240384615384627,NA
65,87,417,NA,NA,0,NA,NA,0,NA,NA,0,NA,19535.2724252492,NA,0,NA,0,NA
66,88,418,NA,NA,1,NA,NA,0.239808153477218,NA,NA,0.239808153477218,NA,19582.1196013289,NA,46.8471760797329,NA,0.239808153477211,NA
67,89,419,NA,NA,1,NA,NA,0.239234449760766,NA,NA,0.239234449760766,NA,19628.9667774087,NA,46.8471760797365,NA,0.239234449760777,NA
68,90,420,NA,NA,1,NA,NA,0.238663484486874,NA,NA,0.238663484486874,NA,19675.8139534884,NA,46.8471760797329,NA,0.238663484486866,NA
69,91,420,NA,NA,0,NA,NA,0,NA,NA,0,NA,19675.8139534884,NA,0,NA,0,NA
70,92,421,NA,NA,1,NA,NA,0.238095238095238,NA,NA,0.238095238095238,NA,19722.6611295681,NA,46.8471760797329,NA,0.238095238095231,NA
71,93,422,NA,NA,1,NA,NA,0.237529691211401,NA,NA,0.237529691211401,NA,19769.5083056479,NA,46.8471760797329,NA,0.237529691211394,NA
72,94,423,NA,NA,1,NA,NA,0.23696682464455,NA,NA,0.23696682464455,NA,19816.3554817276,NA,46.8471760797365,NA,0.236966824644561,NA
73,95,424,NA,NA,1,NA,NA,0.236406619385343,NA,NA,0.236406619385343,NA,19863.2026578073,NA,46.8471760797329,NA,0.236406619385336,NA
74,96,425,NA,NA,1,NA,NA,0.235849056603774,NA,NA,0.235849056603774,NA,19910.0498338871,NA,46.8471760797329,NA,0.235849056603767,NA
75,97,428,NA,NA,3,NA,NA,0.705882352941177,NA,NA,0.705882352941177,NA,20050.5913621263,NA,140.541528239202,NA,0.705882352941174,NA
76,98,430,NA,NA,2,NA,NA,0.467289719626168,NA,NA,0.467289719626168,NA,20144.2857142857,NA,93.6943521594694,NA,0.467289719626173,NA
77,99,432,NA,NA,2,NA,NA,0.465116279069767,NA,NA,0.465116279069767,NA,20237.9800664452,NA,93.6943521594694,NA,0.465116279069772,NA
78,100,433,NA,NA,1,NA,NA,0.231481481481481,NA,NA,0.231481481481481,NA,20284.8272425249,NA,46.8471760797365,NA,0.231481481481493,NA
79,101,434,NA,NA,1,NA,NA,0.23094688221709,NA,NA,0.23094688221709,NA,20331.6744186047,NA,46.8471760797365,NA,0.230946882217101,NA
80,102,435,NA,NA,1,NA,NA,0.230414746543779,NA,NA,0.230414746543779,NA,20378.5215946844,NA,46.8471760797329,NA,0.230414746543772,NA
