"daysFromToday","Day","Korea","Italy","X","dif.Korea","dif.Italy","dif.X","growth.Korea","growth.Italy","growth.X","prj.grKO.X","prj.grIT.X","grKO.prj.tot.X","grIT.prj.tot.X","dif.grKO.prj.tot.X","dif.grIT.prj.tot.X","growth.grKO.prj.tot.X","growth.grIT.prj.tot.X"
-74,NA,NA,NA,51,NA,NA,NA,NA,NA,NA,NA,NA,NA,NA,NA,NA,NA,NA
-73,NA,NA,NA,77,NA,NA,26,NA,NA,50.9803921568627,NA,NA,NA,NA,NA,NA,NA,NA
-72,NA,NA,NA,100,NA,NA,23,NA,NA,29.8701298701299,NA,NA,NA,NA,NA,NA,NA,NA
-71,NA,NA,NA,108,NA,NA,8,NA,NA,8,NA,NA,NA,NA,NA,NA,NA,NA
-70,NA,NA,NA,117,NA,NA,9,NA,NA,8.33333333333333,NA,NA,NA,NA,NA,NA,NA,NA
-69,NA,NA,NA,138,NA,NA,21,NA,NA,17.9487179487179,NA,NA,NA,NA,NA,NA,NA,NA
-68,NA,NA,NA,151,NA,NA,13,NA,NA,9.42028985507246,NA,NA,NA,NA,NA,NA,NA,NA
-67,NA,NA,NA,180,NA,NA,29,NA,NA,19.205298013245,NA,NA,NA,NA,NA,NA,NA,NA
-66,NA,NA,NA,180,NA,NA,0,NA,NA,0,NA,NA,NA,NA,NA,NA,NA,NA
-65,NA,NA,NA,191,NA,NA,11,NA,NA,6.11111111111111,NA,NA,NA,NA,NA,NA,NA,NA
-64,NA,NA,NA,214,NA,NA,23,NA,NA,12.0418848167539,NA,NA,NA,NA,NA,NA,NA,NA
-63,NA,NA,NA,234,NA,NA,20,NA,NA,9.34579439252336,NA,NA,NA,NA,NA,NA,NA,NA
-62,NA,NA,NA,270,NA,NA,36,NA,NA,15.3846153846154,NA,NA,NA,NA,NA,NA,NA,NA
-61,NA,NA,NA,270,NA,NA,0,NA,NA,0,NA,NA,NA,NA,NA,NA,NA,NA
-60,NA,NA,NA,317,NA,NA,47,NA,NA,17.4074074074074,NA,NA,NA,NA,NA,NA,NA,NA
-59,NA,NA,NA,330,NA,NA,13,NA,NA,4.10094637223975,NA,NA,NA,NA,NA,NA,NA,NA
-58,NA,NA,NA,330,NA,NA,0,NA,NA,0,NA,NA,NA,NA,NA,NA,NA,NA
-57,NA,NA,NA,367,NA,NA,37,NA,NA,11.2121212121212,NA,NA,NA,NA,NA,NA,NA,NA
-56,NA,NA,NA,407,NA,NA,40,NA,NA,10.8991825613079,NA,NA,NA,NA,NA,NA,NA,NA
-55,NA,NA,NA,419,NA,NA,12,NA,NA,2.94840294840295,NA,NA,NA,NA,NA,NA,NA,NA
-54,NA,NA,NA,430,NA,NA,11,NA,NA,2.62529832935561,NA,NA,NA,NA,NA,NA,NA,NA
-53,NA,NA,NA,445,NA,NA,15,NA,NA,3.48837209302326,NA,NA,NA,NA,NA,NA,NA,NA
-52,NA,NA,NA,458,NA,NA,13,NA,NA,2.92134831460674,NA,NA,NA,NA,NA,NA,NA,NA
-51,NA,NA,NA,470,NA,NA,12,NA,NA,2.62008733624454,NA,NA,NA,NA,NA,NA,NA,NA
-50,NA,NA,NA,481,NA,NA,11,NA,NA,2.34042553191489,NA,NA,NA,NA,NA,NA,NA,NA
-49,NA,NA,NA,494,NA,NA,13,NA,NA,2.7027027027027,NA,NA,NA,NA,NA,NA,NA,NA
-48,NA,NA,NA,497,NA,NA,3,NA,NA,0.607287449392713,NA,NA,NA,NA,NA,NA,NA,NA
-47,NA,NA,NA,499,NA,NA,2,NA,NA,0.402414486921529,NA,NA,NA,NA,NA,NA,NA,NA
-46,NA,NA,0,504,NA,NA,5,NA,NA,1.00200400801603,NA,NA,NA,NA,NA,NA,NA,NA
-45,NA,NA,1,507,NA,1,3,NA,Inf,0.595238095238095,NA,NA,NA,NA,NA,NA,NA,NA
-44,NA,NA,1,516,NA,0,9,NA,0,1.77514792899408,NA,NA,NA,NA,NA,NA,NA,NA
-43,NA,NA,2,535,NA,1,19,NA,100,3.68217054263566,NA,NA,NA,NA,NA,NA,NA,NA
-42,NA,NA,2,543,NA,0,8,NA,0,1.49532710280374,NA,NA,NA,NA,NA,NA,NA,NA
-41,NA,NA,3,549,NA,1,6,NA,50,1.10497237569061,NA,NA,NA,NA,NA,NA,NA,NA
-40,NA,NA,5,553,NA,2,4,NA,66.6666666666667,0.728597449908925,NA,NA,NA,NA,NA,NA,NA,NA
-39,NA,NA,6,560,NA,1,7,NA,20,1.26582278481013,NA,NA,NA,NA,NA,NA,NA,NA
-38,NA,NA,9,567,NA,3,7,NA,50,1.25,NA,NA,NA,NA,NA,NA,NA,NA
-37,NA,NA,10,575,NA,1,8,NA,11.1111111111111,1.41093474426808,NA,NA,NA,NA,NA,NA,NA,NA
-36,NA,NA,13,582,NA,3,7,NA,30,1.21739130434783,NA,NA,NA,NA,NA,NA,NA,NA
-35,NA,NA,16,583,NA,3,1,NA,23.0769230769231,0.171821305841924,NA,NA,NA,NA,NA,NA,NA,NA
-34,NA,NA,20,583,NA,4,0,NA,25,0,NA,NA,NA,NA,NA,NA,NA,NA
-33,NA,NA,24,592,NA,4,9,NA,20,1.54373927958834,NA,NA,NA,NA,NA,NA,NA,NA
-32,NA,NA,30,598,NA,6,6,NA,25,1.01351351351351,NA,NA,NA,NA,NA,NA,NA,NA
-31,NA,NA,37,605,NA,7,7,NA,23.3333333333333,1.17056856187291,NA,NA,NA,NA,NA,NA,NA,NA
-30,NA,NA,47,607,NA,10,2,NA,27.027027027027,0.330578512396694,NA,NA,NA,NA,NA,NA,NA,NA
-29,NA,NA,52,614,NA,5,7,NA,10.6382978723404,1.15321252059308,NA,NA,NA,NA,NA,NA,NA,NA
-28,NA,NA,63,616,NA,11,2,NA,21.1538461538462,0.325732899022801,NA,NA,NA,NA,NA,NA,NA,NA
-27,NA,NA,77,616,NA,14,0,NA,22.2222222222222,0,NA,NA,NA,NA,NA,NA,NA,NA
-26,NA,NA,90,619,NA,13,3,NA,16.8831168831169,0.487012987012987,NA,NA,NA,NA,NA,NA,NA,NA
-25,NA,NA,108,619,NA,18,0,NA,20,0,NA,NA,NA,NA,NA,NA,NA,NA
-24,NA,NA,126,624,NA,18,5,NA,16.6666666666667,0.807754442649435,NA,NA,NA,NA,NA,NA,NA,NA
-23,NA,NA,142,630,NA,16,6,NA,12.6984126984127,0.961538461538462,NA,NA,NA,NA,NA,NA,NA,NA
-22,0,1,160,639,NA,18,9,NA,12.6760563380282,1.42857142857143,NA,NA,NA,NA,NA,NA,NA,NA
-21,1,1,182,656,0,22,17,0,13.75,2.660406885759,NA,NA,NA,NA,NA,NA,NA,NA
-20,2,3,209,662,2,27,6,200,14.8351648351648,0.914634146341463,NA,NA,NA,NA,NA,NA,NA,NA
-19,3,4,239,664,1,30,2,33.3333333333333,14.3540669856459,0.302114803625378,NA,NA,NA,NA,NA,NA,NA,NA
-18,4,5,272,667,1,33,3,25,13.8075313807531,0.451807228915663,NA,NA,NA,NA,NA,NA,NA,NA
-17,5,6,301,674,1,29,7,20,10.6617647058824,1.04947526236882,NA,NA,NA,NA,NA,NA,NA,NA
-16,6,8,325,677,2,24,3,33.3333333333333,7.9734219269103,0.445103857566766,NA,NA,NA,NA,NA,NA,NA,NA
-15,7,11,352,680,3,27,3,37.5,8.30769230769231,0.443131462333826,NA,NA,NA,NA,NA,NA,NA,NA
-14,8,14,378,688,3,26,8,27.2727272727273,7.38636363636364,1.17647058823529,NA,NA,NA,NA,NA,NA,NA,NA
-13,9,19,410,691,5,32,3,35.7142857142857,8.46560846560847,0.436046511627907,NA,NA,NA,NA,NA,NA,NA,NA
-12,10,22,440,692,3,30,1,15.7894736842105,7.31707317073171,0.144717800289436,NA,NA,NA,NA,NA,NA,NA,NA
-11,11,26,470,704,4,30,12,18.1818181818182,6.81818181818182,1.73410404624277,NA,NA,NA,NA,NA,NA,NA,NA
-10,12,31,497,706,5,27,2,19.2307692307692,5.74468085106383,0.284090909090909,NA,NA,NA,NA,NA,NA,NA,NA
-9,13,34,517,707,3,20,1,9.67741935483871,4.02414486921529,0.141643059490085,NA,NA,NA,NA,NA,NA,NA,NA
-8,14,37,538,720,3,21,13,8.82352941176471,4.06189555125725,1.83875530410184,NA,NA,NA,NA,NA,NA,NA,NA
-7,15,40,562,734,3,24,14,8.10810810810811,4.46096654275093,1.94444444444444,NA,NA,NA,NA,NA,NA,NA,NA
-6,16,42,586,741,2,24,7,5,4.27046263345196,0.953678474114441,NA,NA,NA,NA,NA,NA,NA,NA
-5,17,44,609,747,2,23,6,4.76190476190476,3.92491467576792,0.809716599190283,NA,NA,NA,NA,NA,NA,NA,NA
-4,18,45,634,756,1,25,9,2.27272727272727,4.10509031198686,1.20481927710843,NA,NA,NA,NA,NA,NA,NA,NA
-3,19,45,656,759,0,22,3,0,3.47003154574132,0.396825396825397,NA,NA,NA,NA,NA,NA,NA,NA
-2,20,46,674,775,1,18,16,2.22222222222222,2.74390243902439,2.10803689064559,NA,NA,NA,NA,NA,NA,NA,NA
-1,21,47,689,790,1,15,15,2.17391304347826,2.22551928783383,1.93548387096774,NA,NA,NA,NA,NA,NA,NA,NA
0,22,48,709,813,1,20,23,2.12765957446809,2.90275761973875,2.91139240506329,NA,NA,813,813,23,23,NA,NA
1,23,48,730,NA,0,21,NA,0,2.96191819464034,NA,0,2.96191819464034,813,837.080394922426,0,24.080394922426,0,2.96191819464034
2,24,49,750,NA,1,20,NA,2.08333333333333,2.73972602739726,NA,2.08333333333333,2.73972602739726,829.9375,860.014104372356,16.9374999999999,22.9337094499296,2.08333333333332,2.73972602739727
3,25,49,774,NA,0,24,NA,0,3.2,NA,0,3.2,829.9375,887.534555712271,0,27.5204513399154,0,3.20000000000001
4,26,50,795,NA,1,21,NA,2.04081632653061,2.71317829457364,NA,2.04081632653061,2.71317829457364,846.875,911.614950634697,16.9375,24.080394922426,2.04081632653061,2.71317829457364
5,27,50,811,NA,0,16,NA,0,2.0125786163522,NA,0,2.0125786163522,846.875,929.96191819464,0,18.3469675599436,0,2.0125786163522
6,28,51,826,NA,1,15,NA,2,1.84956843403206,NA,2,1.84956843403206,863.8125,947.162200282088,16.9375,17.2002820874471,2,1.84956843403206
7,29,52,840,NA,1,14,NA,1.96078431372549,1.69491525423729,NA,1.96078431372549,1.69491525423729,880.75,963.215796897038,16.9374999999999,16.0535966149506,1.96078431372548,1.69491525423728
8,30,53,859,NA,1,19,NA,1.92307692307692,2.26190476190476,NA,1.92307692307692,2.26190476190476,897.6875,985.002820874471,16.9374999999999,21.7870239774329,1.92307692307691,2.26190476190475
9,31,53,877,NA,0,18,NA,0,2.09545983701979,NA,0,2.09545983701979,897.6875,1005.64315937941,0,20.6403385049366,0,2.0954598370198
10,32,54,894,NA,1,17,NA,1.88679245283019,1.93842645381984,NA,1.88679245283019,1.93842645381984,914.625,1025.13681241185,16.9375,19.4936530324399,1.88679245283019,1.93842645381982
11,33,54,910,NA,0,16,NA,0,1.78970917225951,NA,0,1.78970917225951,914.625,1043.48377997179,0,18.3469675599436,0,1.78970917225951
12,34,55,921,NA,1,11,NA,1.85185185185185,1.20879120879121,NA,1.85185185185185,1.20879120879121,931.5625,1056.09732016925,16.9375000000001,12.6135401974611,1.85185185185186,1.2087912087912
13,35,55,935,NA,0,14,NA,0,1.52008686210641,NA,0,1.52008686210641,931.5625,1072.1509167842,0,16.0535966149507,0,1.52008686210641
14,36,56,952,NA,1,17,NA,1.81818181818182,1.81818181818182,NA,1.81818181818182,1.81818181818182,948.5,1091.64456981664,16.9374999999999,19.4936530324399,1.81818181818181,1.8181818181818
15,37,57,966,NA,1,14,NA,1.78571428571429,1.47058823529412,NA,1.78571428571429,1.47058823529412,965.4375,1107.69816643159,16.9374999999999,16.0535966149505,1.78571428571427,1.47058823529411
16,38,57,981,NA,0,15,NA,0,1.5527950310559,NA,0,1.5527950310559,965.4375,1124.89844851904,0,17.200282087447,0,1.55279503105589
17,39,58,993,NA,1,12,NA,1.75438596491228,1.22324159021407,NA,1.75438596491228,1.22324159021407,982.375,1138.658674189,16.9375,13.7602256699577,1.75438596491228,1.22324159021407
18,40,59,1005,NA,1,12,NA,1.72413793103448,1.20845921450151,NA,1.72413793103448,1.20845921450151,999.312499999999,1152.41889985896,16.9374999999999,13.7602256699577,1.72413793103447,1.20845921450151
19,41,59,1014,NA,0,9,NA,0,0.895522388059702,NA,0,0.895522388059702,999.312499999999,1162.73906911142,0,10.3201692524683,0,0.895522388059705
20,42,60,1025,NA,1,11,NA,1.69491525423729,1.08481262327416,NA,1.69491525423729,1.08481262327416,1016.25,1175.35260930889,16.9375,12.6135401974611,1.69491525423729,1.08481262327416
21,43,60,1035,NA,0,10,NA,0,0.975609756097561,NA,0,0.975609756097561,1016.25,1186.81946403385,0,11.4668547249648,0,0.97560975609757
22,44,61,1045,NA,1,10,NA,1.66666666666667,0.966183574879227,NA,1.66666666666667,0.966183574879227,1033.1875,1198.28631875881,16.9374999999999,11.4668547249648,1.66666666666666,0.966183574879235
23,45,61,1055,NA,0,10,NA,0,0.956937799043062,NA,0,0.956937799043062,1033.1875,1209.75317348378,0,11.4668547249648,0,0.95693779904307
24,46,62,1064,NA,1,9,NA,1.63934426229508,0.853080568720379,NA,1.63934426229508,0.853080568720379,1050.125,1220.07334273625,16.9375,10.3201692524683,1.63934426229508,0.853080568720383
25,47,62,1071,NA,0,7,NA,0,0.657894736842105,NA,0,0.657894736842105,1050.125,1228.10014104372,0,8.02679830747525,0,0.6578947368421
26,48,62,1078,NA,0,7,NA,0,0.65359477124183,NA,0,0.65359477124183,1050.125,1236.1269393512,0,8.02679830747525,0,0.653594771241825
27,49,62,1083,NA,0,5,NA,0,0.463821892393321,NA,0,0.463821892393321,1050.125,1241.86036671368,0,5.73342736248219,0,0.463821892393307
28,50,63,1090,NA,1,7,NA,1.61290322580645,0.646352723915051,NA,1.61290322580645,0.646352723915051,1067.0625,1249.88716502116,16.9375,8.02679830747525,1.61290322580645,0.646352723915045
29,51,63,1098,NA,0,8,NA,0,0.73394495412844,NA,0,0.73394495412844,1067.0625,1259.06064880113,0,9.17348377997178,0,0.73394495412844
30,52,63,1104,NA,0,6,NA,0,0.546448087431694,NA,0,0.546448087431694,1067.0625,1265.94076163611,0,6.88011283497895,0,0.546448087431702
31,53,63,1110,NA,0,6,NA,0,0.543478260869565,NA,0,0.543478260869565,1067.0625,1272.82087447109,0,6.88011283497872,0,0.543478260869556
32,54,63,1114,NA,0,4,NA,0,0.36036036036036,NA,0,0.36036036036036,1067.0625,1277.40761636107,0,4.58674188998589,0,0.36036036036036
33,55,64,1118,NA,1,4,NA,1.58730158730159,0.359066427289048,NA,1.58730158730159,0.359066427289048,1084,1281.99435825106,16.9375,4.58674188998589,1.58730158730159,0.359066427289048
34,56,64,1125,NA,0,7,NA,0,0.626118067978533,NA,0,0.626118067978533,1084,1290.02115655853,0,8.02679830747547,0,0.626118067978546
35,57,64,1129,NA,0,4,NA,0,0.355555555555556,NA,0,0.355555555555556,1084,1294.60789844852,0,4.58674188998589,0,0.355555555555555
36,58,64,1134,NA,0,5,NA,0,0.442869796279894,NA,0,0.442869796279894,1084,1300.341325811,0,5.73342736248242,0,0.442869796279898
37,59,64,1138,NA,0,4,NA,0,0.352733686067019,NA,0,0.352733686067019,1084,1304.92806770099,0,4.58674188998566,0,0.352733686067001
38,60,64,1143,NA,0,5,NA,0,0.439367311072056,NA,0,0.439367311072056,1084,1310.66149506347,0,5.73342736248242,0,0.43936731107206
39,61,64,1146,NA,0,3,NA,0,0.26246719160105,NA,0,0.26246719160105,1084,1314.10155148096,0,3.44005641748959,0,0.262467191601063
40,62,64,1148,NA,0,2,NA,0,0.174520069808028,NA,0,0.174520069808028,1084,1316.39492242595,0,2.29337094499283,0,0.174520069808019
41,63,64,1153,NA,0,5,NA,0,0.435540069686411,NA,0,0.435540069686411,1084,1322.12834978843,0,5.73342736248219,0,0.435540069686398
42,64,64,1156,NA,0,3,NA,0,0.2601908065915,NA,0,0.2601908065915,1084,1325.56840620592,0,3.44005641748936,0,0.260190806591496
43,65,64,1159,NA,0,3,NA,0,0.259515570934256,NA,0,0.259515570934256,1084,1329.00846262341,0,3.44005641748959,0,0.259515570934269
44,66,64,1163,NA,0,4,NA,0,0.345125107851596,NA,0,0.345125107851596,1084,1333.5952045134,0,4.58674188998611,0,0.345125107851613
45,67,64,1166,NA,0,3,NA,0,0.257953568357696,NA,0,0.257953568357696,1084,1337.03526093089,0,3.44005641748936,0,0.257953568357691
46,68,65,1169,NA,1,3,NA,1.5625,0.257289879931389,NA,1.5625,0.257289879931389,1100.9375,1340.47531734838,16.9375,3.44005641748936,1.5625,0.257289879931385
47,69,65,1170,NA,0,1,NA,0,0.0855431993156544,NA,0,0.0855431993156544,1100.9375,1341.62200282087,0,1.14668547249653,0,0.0855431993156585
48,70,65,1172,NA,0,2,NA,0,0.170940170940171,NA,0,0.170940170940171,1100.9375,1343.91537376587,0,2.29337094499283,0,0.170940170940162
49,71,65,1175,NA,0,3,NA,0,0.255972696245734,NA,0,0.255972696245734,1100.9375,1347.35543018336,0,3.44005641748936,0,0.255972696245729
50,72,65,1178,NA,0,3,NA,0,0.25531914893617,NA,0,0.25531914893617,1100.9375,1350.79548660085,0,3.44005641748936,0,0.255319148936166
51,73,65,1181,NA,0,3,NA,0,0.254668930390492,NA,0,0.254668930390492,1100.9375,1354.23554301833,0,3.44005641748959,0,0.254668930390505
52,74,65,1183,NA,0,2,NA,0,0.169348010160881,NA,0,0.169348010160881,1100.9375,1356.52891396333,0,2.29337094499306,0,0.169348010160889
53,75,65,1185,NA,0,2,NA,0,0.169061707523246,NA,0,0.169061707523246,1100.9375,1358.82228490832,0,2.29337094499283,0,0.169061707523237
54,76,65,1186,NA,0,1,NA,0,0.0843881856540084,NA,0,0.0843881856540084,1100.9375,1359.96897038082,0,1.14668547249653,0,0.0843881856540125
55,77,65,1187,NA,0,1,NA,0,0.0843170320404722,NA,0,0.0843170320404722,1100.9375,1361.11565585331,0,1.14668547249653,0,0.0843170320404762
56,78,65,1189,NA,0,2,NA,0,0.16849199663016,NA,0,0.16849199663016,1100.9375,1363.40902679831,0,2.29337094499306,0,0.168491996630168
57,79,65,1190,NA,0,1,NA,0,0.0841042893187553,NA,0,0.0841042893187553,1100.9375,1364.5557122708,0,1.14668547249653,0,0.0841042893187593
58,80,65,1192,NA,0,2,NA,0,0.168067226890756,NA,0,0.168067226890756,1100.9375,1366.8490832158,0,2.29337094499283,0,0.168067226890748
59,81,66,1194,NA,1,2,NA,1.53846153846154,0.167785234899329,NA,1.53846153846154,0.167785234899329,1117.875,1369.14245416079,16.9375,2.29337094499306,1.53846153846154,0.167785234899337
60,82,66,1195,NA,0,1,NA,0,0.0837520938023451,NA,0,0.0837520938023451,1117.875,1370.28913963329,0,1.1466854724963,0,0.0837520938023325
61,83,66,1196,NA,0,1,NA,0,0.0836820083682008,NA,0,0.0836820083682008,1117.875,1371.43582510578,0,1.1466854724963,0,0.0836820083681883
62,84,66,1198,NA,0,2,NA,0,0.167224080267559,NA,0,0.167224080267559,1117.875,1373.72919605078,0,2.29337094499306,0,0.167224080267567
63,85,66,1199,NA,0,1,NA,0,0.0834724540901502,NA,0,0.0834724540901502,1117.875,1374.87588152327,0,1.14668547249653,0,0.0834724540901543
64,86,66,1201,NA,0,2,NA,0,0.166805671392827,NA,0,0.166805671392827,1117.875,1377.16925246826,0,2.29337094499283,0,0.166805671392819
65,87,66,1201,NA,0,0,NA,0,0,NA,0,0,1117.875,1377.16925246826,0,0,0,0
66,88,66,NA,NA,0,NA,NA,0,NA,NA,0,NA,1117.875,NA,0,NA,0,NA
67,89,67,NA,NA,1,NA,NA,1.51515151515152,NA,NA,1.51515151515152,NA,1134.8125,NA,16.9375,NA,1.51515151515152,NA
68,90,67,NA,NA,0,NA,NA,0,NA,NA,0,NA,1134.8125,NA,0,NA,0,NA
69,91,67,NA,NA,0,NA,NA,0,NA,NA,0,NA,1134.8125,NA,0,NA,0,NA
70,92,67,NA,NA,0,NA,NA,0,NA,NA,0,NA,1134.8125,NA,0,NA,0,NA
71,93,67,NA,NA,0,NA,NA,0,NA,NA,0,NA,1134.8125,NA,0,NA,0,NA
72,94,67,NA,NA,0,NA,NA,0,NA,NA,0,NA,1134.8125,NA,0,NA,0,NA
73,95,67,NA,NA,0,NA,NA,0,NA,NA,0,NA,1134.8125,NA,0,NA,0,NA
74,96,68,NA,NA,1,NA,NA,1.49253731343284,NA,NA,1.49253731343284,NA,1151.75,NA,16.9375,NA,1.49253731343284,NA
75,97,68,NA,NA,0,NA,NA,0,NA,NA,0,NA,1151.75,NA,0,NA,0,NA
76,98,68,NA,NA,0,NA,NA,0,NA,NA,0,NA,1151.75,NA,0,NA,0,NA
77,99,69,NA,NA,1,NA,NA,1.47058823529412,NA,NA,1.47058823529412,NA,1168.6875,NA,16.9375,NA,1.47058823529412,NA
78,100,69,NA,NA,0,NA,NA,0,NA,NA,0,NA,1168.6875,NA,0,NA,0,NA
79,101,69,NA,NA,0,NA,NA,0,NA,NA,0,NA,1168.6875,NA,0,NA,0,NA
80,102,69,NA,NA,0,NA,NA,0,NA,NA,0,NA,1168.6875,NA,0,NA,0,NA
81,103,69,NA,NA,0,NA,NA,0,NA,NA,0,NA,1168.6875,NA,0,NA,0,NA
82,104,70,NA,NA,1,NA,NA,1.44927536231884,NA,NA,1.44927536231884,NA,1185.625,NA,16.9375,NA,1.44927536231884,NA
83,105,70,NA,NA,0,NA,NA,0,NA,NA,0,NA,1185.625,NA,0,NA,0,NA
84,106,70,NA,NA,0,NA,NA,0,NA,NA,0,NA,1185.625,NA,0,NA,0,NA
85,107,71,NA,NA,1,NA,NA,1.42857142857143,NA,NA,1.42857142857143,NA,1202.5625,NA,16.9375,NA,1.42857142857143,NA
86,108,71,NA,NA,0,NA,NA,0,NA,NA,0,NA,1202.5625,NA,0,NA,0,NA
87,109,71,NA,NA,0,NA,NA,0,NA,NA,0,NA,1202.5625,NA,0,NA,0,NA
88,110,71,NA,NA,0,NA,NA,0,NA,NA,0,NA,1202.5625,NA,0,NA,0,NA
89,111,72,NA,NA,1,NA,NA,1.40845070422535,NA,NA,1.40845070422535,NA,1219.5,NA,16.9375,NA,1.40845070422535,NA
90,112,72,NA,NA,0,NA,NA,0,NA,NA,0,NA,1219.5,NA,0,NA,0,NA
91,113,72,NA,NA,0,NA,NA,0,NA,NA,0,NA,1219.5,NA,0,NA,0,NA
