"daysFromToday","Day","Korea","Italy","X","dif.Korea","dif.Italy","dif.X","growth.Korea","growth.Italy","growth.X","prj.grKO.X","prj.grIT.X","grKO.prj.tot.X","grIT.prj.tot.X","dif.grKO.prj.tot.X","dif.grIT.prj.tot.X","growth.grKO.prj.tot.X","growth.grIT.prj.tot.X"
-67,NA,NA,NA,55,NA,NA,NA,NA,NA,NA,NA,NA,NA,NA,NA,NA,NA,NA
-66,NA,NA,NA,68,NA,NA,13,NA,NA,23.6363636363636,NA,NA,NA,NA,NA,NA,NA,NA
-65,NA,NA,NA,74,NA,NA,6,NA,NA,8.82352941176471,NA,NA,NA,NA,NA,NA,NA,NA
-64,NA,NA,NA,78,NA,NA,4,NA,NA,5.40540540540541,NA,NA,NA,NA,NA,NA,NA,NA
-63,NA,NA,NA,134,NA,NA,56,NA,NA,71.7948717948718,NA,NA,NA,NA,NA,NA,NA,NA
-62,NA,NA,NA,185,NA,NA,51,NA,NA,38.0597014925373,NA,NA,NA,NA,NA,NA,NA,NA
-61,NA,NA,NA,203,NA,NA,18,NA,NA,9.72972972972973,NA,NA,NA,NA,NA,NA,NA,NA
-60,NA,NA,NA,229,NA,NA,26,NA,NA,12.807881773399,NA,NA,NA,NA,NA,NA,NA,NA
-59,NA,NA,NA,445,NA,NA,216,NA,NA,94.3231441048035,NA,NA,NA,NA,NA,NA,NA,NA
-58,NA,NA,NA,526,NA,NA,81,NA,NA,18.2022471910112,NA,NA,NA,NA,NA,NA,NA,NA
-57,NA,NA,NA,563,NA,NA,37,NA,NA,7.03422053231939,NA,NA,NA,NA,NA,NA,NA,NA
-56,NA,NA,NA,680,NA,NA,117,NA,NA,20.7815275310835,NA,NA,NA,NA,NA,NA,NA,NA
-55,NA,NA,NA,847,NA,NA,167,NA,NA,24.5588235294118,NA,NA,NA,NA,NA,NA,NA,NA
-54,NA,NA,5,895,NA,NA,48,NA,NA,5.66706021251476,NA,NA,NA,NA,NA,NA,NA,NA
-53,NA,NA,12,1036,NA,7,141,NA,140,15.7541899441341,NA,NA,NA,NA,NA,NA,NA,NA
-52,NA,NA,18,1284,NA,6,248,NA,50,23.9382239382239,NA,NA,NA,NA,NA,NA,NA,NA
-51,NA,NA,25,1395,NA,7,111,NA,38.8888888888889,8.64485981308411,NA,NA,NA,NA,NA,NA,NA,NA
-50,NA,NA,35,1809,NA,10,414,NA,40,29.6774193548387,NA,NA,NA,NA,NA,NA,NA,NA
-49,NA,NA,51,2146,NA,16,337,NA,45.7142857142857,18.6290768380321,NA,NA,NA,NA,NA,NA,NA,NA
-48,NA,NA,69,2341,NA,18,195,NA,35.2941176470588,9.08667287977633,NA,NA,NA,NA,NA,NA,NA,NA
-47,NA,NA,88,3047,NA,19,706,NA,27.536231884058,30.158052114481,NA,NA,NA,NA,NA,NA,NA,NA
-46,NA,NA,132,3261,NA,44,214,NA,50,7.02330160813915,NA,NA,NA,NA,NA,NA,NA,NA
-45,NA,NA,158,3561,NA,26,300,NA,19.6969696969697,9.19963201471941,NA,NA,NA,NA,NA,NA,NA,NA
-44,NA,NA,194,3629,NA,36,68,NA,22.7848101265823,1.90957596180848,NA,NA,NA,NA,NA,NA,NA,NA
-43,NA,NA,240,3747,NA,46,118,NA,23.7113402061856,3.25158445852852,NA,NA,NA,NA,NA,NA,NA,NA
-42,NA,NA,300,3907,NA,60,160,NA,25,4.27008273285295,NA,NA,NA,NA,NA,NA,NA,NA
-41,NA,NA,360,4097,NA,60,190,NA,20,4.86306629127208,NA,NA,NA,NA,NA,NA,NA,NA
-40,NA,NA,457,4306,NA,97,209,NA,26.9444444444444,5.10129362948499,NA,NA,NA,NA,NA,NA,NA,NA
-39,NA,NA,573,4460,NA,116,154,NA,25.382932166302,3.57640501625639,NA,NA,NA,NA,NA,NA,NA,NA
-38,NA,NA,713,4653,NA,140,193,NA,24.4328097731239,4.32735426008969,NA,NA,NA,NA,NA,NA,NA,NA
-37,NA,NA,789,4823,NA,76,170,NA,10.6591865357644,3.65355684504621,NA,NA,NA,NA,NA,NA,NA,NA
-36,NA,NA,968,4977,NA,179,154,NA,22.6869455006337,3.19303338171263,NA,NA,NA,NA,NA,NA,NA,NA
-35,NA,NA,1174,5143,NA,206,166,NA,21.2809917355372,3.3353425758489,NA,NA,NA,NA,NA,NA,NA,NA
-34,NA,NA,1372,5211,NA,198,68,NA,16.8654173764906,1.32218549484737,NA,NA,NA,NA,NA,NA,NA,NA
-33,NA,NA,1644,5330,NA,272,119,NA,19.8250728862974,2.28363078104011,NA,NA,NA,NA,NA,NA,NA,NA
-32,NA,NA,1923,5482,NA,279,152,NA,16.970802919708,2.85178236397749,NA,NA,NA,NA,NA,NA,NA,NA
-31,NA,NA,2174,5628,NA,251,146,NA,13.052522100884,2.66326158336374,NA,NA,NA,NA,NA,NA,NA,NA
-30,NA,NA,2448,5729,NA,274,101,NA,12.6034958601656,1.79459843638948,NA,NA,NA,NA,NA,NA,NA,NA
-29,NA,NA,2775,5827,NA,327,98,NA,13.3578431372549,1.71059521731541,NA,NA,NA,NA,NA,NA,NA,NA
-28,NA,NA,3189,5986,NA,414,159,NA,14.9189189189189,2.72867684915051,NA,NA,NA,NA,NA,NA,NA,NA
-27,NA,NA,3654,6161,NA,465,175,NA,14.5813734713076,2.92348813899098,NA,NA,NA,NA,NA,NA,NA,NA
-26,NA,NA,4164,6356,NA,510,195,NA,13.9573070607553,3.1650706054212,NA,NA,NA,NA,NA,NA,NA,NA
-25,NA,NA,4596,6551,NA,432,195,NA,10.3746397694525,3.06796727501573,NA,NA,NA,NA,NA,NA,NA,NA
-24,NA,NA,4968,6708,NA,372,157,NA,8.09399477806789,2.39658067470615,NA,NA,NA,NA,NA,NA,NA,NA
-23,NA,NA,5376,6838,NA,408,130,NA,8.21256038647343,1.93798449612403,NA,NA,NA,NA,NA,NA,NA,NA
-22,NA,NA,5781,6967,NA,405,129,NA,7.53348214285714,1.8865165252998,NA,NA,NA,NA,NA,NA,NA,NA
-21,NA,NA,6263,7128,NA,482,161,NA,8.33765784466355,2.31089421558777,NA,NA,NA,NA,NA,NA,NA,NA
-20,0,10,6722,7244,NA,459,116,NA,7.32875618713077,1.62738496071829,NA,NA,NA,NA,NA,NA,NA,NA
-19,1,19,7186,7377,9,464,133,90,6.90270752752157,1.83600220872446,NA,NA,NA,NA,NA,NA,NA,NA
-18,2,40,7592,7594,21,406,217,110.526315789474,5.64987475647092,2.94157516605666,NA,NA,NA,NA,NA,NA,NA,NA
-17,3,55,7906,7803,15,314,209,37.5,4.13593256059009,2.75217276797472,NA,NA,NA,NA,NA,NA,NA,NA
-16,4,76,8221,7878,21,315,75,38.1818181818182,3.98431570958765,0.961168781237985,NA,NA,NA,NA,NA,NA,NA,NA
-15,5,90,8593,8176,14,372,298,18.4210526315789,4.52499695900742,3.78268596090378,NA,NA,NA,NA,NA,NA,NA,NA
-14,6,116,8956,8416,26,363,240,28.8888888888889,4.22436867217503,2.93542074363992,NA,NA,NA,NA,NA,NA,NA,NA
-13,7,162,9312,8621,46,356,205,39.6551724137931,3.97498883430103,2.43583650190114,NA,NA,NA,NA,NA,NA,NA,NA
-12,8,214,9685,8817,52,373,196,32.0987654320988,4.00558419243986,2.27351815334648,NA,NA,NA,NA,NA,NA,NA,NA
-11,9,289,10021,9050,75,336,233,35.0467289719626,3.46928239545689,2.64262220709992,NA,NA,NA,NA,NA,NA,NA,NA
-10,10,342,10301,9126,53,280,76,18.3391003460208,2.79413232212354,0.839779005524862,NA,NA,NA,NA,NA,NA,NA,NA
-9,11,397,10537,9465,55,236,339,16.0818713450292,2.29103970488302,3.7146614069691,NA,NA,NA,NA,NA,NA,NA,NA
-8,12,475,10835,9635,78,298,170,19.647355163728,2.82812944860966,1.79609086106709,NA,NA,NA,NA,NA,NA,NA,NA
-7,13,515,11161,9859,40,326,224,8.42105263157895,3.00876788186433,2.3248572911261,NA,NA,NA,NA,NA,NA,NA,NA
-6,14,558,11469,10095,43,308,236,8.3495145631068,2.75960935400054,2.3937519018156,NA,NA,NA,NA,NA,NA,NA,NA
-5,15,604,11833,10283,46,364,188,8.24372759856631,3.17377277879501,1.86230807330362,NA,NA,NA,NA,NA,NA,NA,NA
-4,16,645,12151,10526,41,318,243,6.78807947019868,2.68739964506042,2.36312360206166,NA,NA,NA,NA,NA,NA,NA,NA
-3,17,670,12396,10770,25,245,244,3.87596899224806,2.01629495514772,2.31806954208626,NA,NA,NA,NA,NA,NA,NA,NA
-2,18,685,12627,10921,15,231,151,2.23880597014925,1.86350435624395,1.40204271123491,NA,NA,NA,NA,NA,NA,NA,NA
-1,19,689,12835,10921,4,208,0,0.583941605839416,1.64726379979409,0,NA,NA,NA,NA,NA,NA,NA,NA
0,20,711,13129,11281,22,294,360,3.19303338171263,2.29061160888196,3.29640142844062,NA,NA,11281,11281,360,360,NA,NA
1,21,721,13400,NA,10,271,NA,1.40646976090014,2.06413283570721,NA,1.40646976090014,2.06413283570721,11439.6638537271,11513.8548251961,158.663853727145,232.854825196131,1.40646976090014,2.06413283570722
2,22,731,13672,NA,10,272,NA,1.3869625520111,2.02985074626866,NA,1.3869625520111,2.02985074626866,11598.3277074543,11747.5688932897,158.663853727145,233.714068093532,1.38696255201109,2.02985074626864
3,23,741,13908,NA,10,236,NA,1.36798905608755,1.72615564657695,NA,1.36798905608755,1.72615564657695,11756.9915611814,11950.3502170767,158.663853727145,202.781323787036,1.36798905608755,1.72615564657694
4,24,748,14084,NA,7,176,NA,0.944669365721997,1.26545872878919,NA,0.944669365721997,1.26545872878919,11868.0562587904,12101.5769670196,111.064697609001,151.226749942874,0.944669365721995,1.26545872878919
5,25,755,14296,NA,7,212,NA,0.935828877005348,1.50525418915081,NA,0.935828877005348,1.50525418915081,11979.1209563994,12283.7364612689,111.064697609001,182.159494249372,0.935828877005345,1.50525418915081
6,26,762,14558,NA,7,262,NA,0.927152317880795,1.83268047006156,NA,0.927152317880795,1.83268047006156,12090.1856540084,12508.8581003885,111.064697609001,225.121639119507,0.927152317880792,1.83268047006156
7,27,771,14763,NA,9,205,NA,1.18110236220472,1.40816046160187,NA,1.18110236220472,1.40816046160187,12232.9831223629,12685.002894356,142.797468354431,176.144793967551,1.18110236220473,1.40816046160185
8,28,785,14998,NA,14,235,NA,1.81582360570687,1.59181738129107,NA,1.81582360570687,1.59181738129107,12455.1125175809,12886.9249752456,222.129395218002,201.922080889633,1.81582360570687,1.59181738129106
9,29,793,15181,NA,8,183,NA,1.01910828025478,1.22016268835845,NA,1.01910828025478,1.22016268835845,12582.0436005626,13044.1664254703,126.931082981715,157.241450224694,1.01910828025477,1.22016268835845
10,30,806,15362,NA,13,181,NA,1.63934426229508,1.19227982346354,NA,1.63934426229508,1.19227982346354,12788.3066104079,13199.6893899002,206.263009845288,155.522964429889,1.63934426229508,1.19227982346355
11,31,815,15497,NA,9,135,NA,1.1166253101737,0.878791823981252,NA,1.1166253101737,0.878791823981252,12931.1040787623,13315.6871810496,142.797468354429,115.997791149364,1.11662531017369,0.878791823981255
12,32,821,15659,NA,6,162,NA,0.736196319018405,1.04536361876492,NA,0.736196319018405,1.04536361876492,13026.3023909986,13454.8845304288,95.1983122362872,139.197349379237,0.736196319018407,1.04536361876493
13,33,828,15821,NA,7,162,NA,0.852618757612667,1.03454882176384,NA,0.852618757612667,1.03454882176384,13137.3670886076,13594.0818798081,111.064697609001,139.197349379236,0.852618757612665,1.03454882176383
14,34,837,15967,NA,9,146,NA,1.08695652173913,0.922824094557866,NA,1.08695652173913,0.922824094557866,13280.164556962,13719.5313428289,142.797468354431,125.449463020794,1.08695652173913,0.922824094557867
15,35,847,16120,NA,10,153,NA,1.194743130227,0.958226341830024,NA,1.194743130227,0.958226341830024,13438.8284106892,13850.9955061315,158.663853727145,131.464163302613,1.194743130227,0.958226341830029
16,36,855,16267,NA,8,147,NA,0.944510035419126,0.911910669975186,NA,0.944510035419126,0.911910669975186,13565.7594936709,13977.3042120497,126.931082981717,126.308705918196,0.944510035419134,0.911910669975185
17,37,869,16375,NA,14,108,NA,1.6374269005848,0.663920821294646,NA,1.6374269005848,0.663920821294646,13787.8888888889,14070.1024449692,222.129395218002,92.7982329194911,1.63742690058479,0.663920821294645
18,38,878,16470,NA,9,95,NA,1.03567318757192,0.580152671755725,NA,1.03567318757192,0.580152671755725,13930.6863572433,14151.7305202224,142.797468354429,81.6280752532566,1.03567318757191,0.580152671755729
19,39,885,16554,NA,7,84,NA,0.797266514806378,0.510018214936248,NA,0.797266514806378,0.510018214936248,14041.7510548523,14223.9069236042,111.064697609003,72.1764033818272,0.797266514806389,0.510018214936253
20,40,897,16666,NA,12,112,NA,1.35593220338983,0.67657363779147,NA,1.35593220338983,0.67657363779147,14232.1476793249,14320.1421281133,190.396624472574,96.2352045091029,1.35593220338983,0.676573637791477
21,41,906,16775,NA,9,109,NA,1.00334448160535,0.654026161046442,NA,1.00334448160535,0.654026161046442,14374.9451476793,14413.7996039302,142.797468354431,93.6574758168936,1.00334448160535,0.65402616104644
22,42,914,16878,NA,8,103,NA,0.883002207505519,0.614008941877794,NA,0.883002207505519,0.614008941877794,14501.876230661,14502.3016223627,126.931082981717,88.5020184324785,0.883002207505525,0.6140089418778
23,43,922,16962,NA,8,84,NA,0.87527352297593,0.497689299680057,NA,0.87527352297593,0.497689299680057,14628.8073136428,14574.4780257445,126.931082981717,72.1764033818272,0.875273522975937,0.497689299680062
24,44,931,17024,NA,9,62,NA,0.976138828633406,0.365522933616319,NA,0.976138828633406,0.365522933616319,14771.6047819972,14627.7510853835,142.797468354431,53.2730596389665,0.976138828633408,0.365522933616314
25,45,938,17082,NA,7,58,NA,0.75187969924812,0.340695488721804,NA,0.75187969924812,0.340695488721804,14882.6694796062,14677.5871734329,111.064697609003,49.8360880493547,0.75187969924813,0.340695488721793
26,46,942,17191,NA,4,109,NA,0.426439232409382,0.638098583304063,NA,0.426439232409382,0.638098583304063,14946.135021097,14771.2446492498,63.4655414908593,93.6574758168936,0.426439232409391,0.638098583304061
27,47,947,17260,NA,5,69,NA,0.530785562632696,0.401372811354779,NA,0.530785562632696,0.401372811354779,15025.4669479606,14830.5324091705,79.3319268635732,59.2877599207859,0.530785562632702,0.401372811354778
28,48,952,17337,NA,5,77,NA,0.527983104540655,0.44611819235226,NA,0.527983104540655,0.44611819235226,15104.7988748242,14896.6941122705,79.3319268635714,66.161703100006,0.527983104540648,0.446118192352249
29,49,955,17399,NA,3,62,NA,0.315126050420168,0.357616658014651,NA,0.315126050420168,0.357616658014651,15152.3980309423,14949.9671719095,47.5991561181436,53.2730596389683,0.315126050420169,0.357616658014659
30,50,958,17467,NA,3,68,NA,0.31413612565445,0.390827059026381,NA,0.31413612565445,0.390827059026381,15199.9971870605,15008.3956889329,47.5991561181436,58.4285170233834,0.314136125654451,0.390827059026381
31,51,960,17519,NA,2,52,NA,0.208768267223382,0.297704242285453,NA,0.208768267223382,0.297704242285453,15231.7299578059,15053.0763195978,31.7327707454278,44.6806306649414,0.208768267223375,0.297704242285461
32,52,963,17554,NA,3,35,NA,0.3125,0.199783092642274,NA,0.3125,0.199783092642274,15279.3291139241,15083.1498210069,47.5991561181436,30.0735014090951,0.312500000000001,0.199783092642279
33,53,966,17617,NA,3,63,NA,0.311526479750779,0.358892560100262,NA,0.311526479750779,0.358892560100262,15326.9282700422,15137.2821235433,47.5991561181418,54.1323025363708,0.311526479750768,0.358892560100269
34,54,968,17669,NA,2,52,NA,0.20703933747412,0.295169438610433,NA,0.20703933747412,0.295169438610433,15358.6610407876,15181.9627542082,31.7327707454297,44.6806306649396,0.207039337474125,0.295169438610429
35,55,971,17719,NA,3,50,NA,0.309917355371901,0.282981493010357,NA,0.309917355371901,0.282981493010357,15406.2601969058,15224.9248990784,47.5991561181418,42.9621448701346,0.30991735537189,0.282981493010356
36,56,973,17770,NA,2,51,NA,0.205973223480947,0.287826626784807,NA,0.205973223480947,0.287826626784807,15437.9929676512,15268.7462868459,31.7327707454297,43.8213877675389,0.205973223480952,0.287826626784816
37,57,975,17821,NA,2,51,NA,0.205549845837616,0.287000562746201,NA,0.205549845837616,0.287000562746201,15469.7257383966,15312.5676746135,31.7327707454278,43.8213877675371,0.205549845837608,0.287000562746199
38,58,976,17863,NA,1,42,NA,0.102564102564103,0.235677010268784,NA,0.102564102564103,0.235677010268784,15485.5921237693,15348.6558763044,15.8663853727157,36.0882016909145,0.102564102564111,0.235677010268792
39,59,977,17886,NA,1,23,NA,0.102459016393443,0.128757767452276,NA,0.102459016393443,0.128757767452276,15501.4585091421,15368.4184629446,15.8663853727157,19.7625866402614,0.102459016393451,0.128757767452271
40,60,978,17917,NA,1,31,NA,0.102354145342886,0.173319915017332,NA,0.102354145342886,0.173319915017332,15517.3248945148,15395.0549927641,15.8663853727121,26.6365298194814,0.102354145342871,0.173319915017318
41,61,979,NA,NA,1,NA,NA,0.102249488752556,NA,NA,0.102249488752556,NA,15533.1912798875,NA,15.8663853727139,NA,0.102249488752553,NA
42,62,980,NA,NA,1,NA,NA,0.102145045965271,NA,NA,0.102145045965271,NA,15549.0576652602,NA,15.8663853727139,NA,0.102145045965267,NA
43,63,981,NA,NA,1,NA,NA,0.102040816326531,NA,NA,0.102040816326531,NA,15564.9240506329,NA,15.8663853727121,NA,0.102040816326515,NA
44,64,982,NA,NA,1,NA,NA,0.101936799184506,NA,NA,0.101936799184506,NA,15580.7904360056,NA,15.8663853727157,NA,0.101936799184514,NA
45,65,983,NA,NA,1,NA,NA,0.10183299389002,NA,NA,0.10183299389002,NA,15596.6568213783,NA,15.8663853727139,NA,0.101832993890017,NA
46,66,984,NA,NA,1,NA,NA,0.101729399796541,NA,NA,0.101729399796541,NA,15612.523206751,NA,15.8663853727139,NA,0.101729399796538,NA
47,67,985,NA,NA,1,NA,NA,0.101626016260163,NA,NA,0.101626016260163,NA,15628.3895921238,NA,15.8663853727139,NA,0.101626016260159,NA
48,68,986,NA,NA,1,NA,NA,0.101522842639594,NA,NA,0.101522842639594,NA,15644.2559774965,NA,15.8663853727157,NA,0.101522842639602,NA
49,69,987,NA,NA,1,NA,NA,0.101419878296146,NA,NA,0.101419878296146,NA,15660.1223628692,NA,15.8663853727157,NA,0.101419878296154,NA
50,70,987,NA,NA,0,NA,NA,0,NA,NA,0,NA,15660.1223628692,NA,0,NA,0,NA
51,71,988,NA,NA,1,NA,NA,0.101317122593718,NA,NA,0.101317122593718,NA,15675.9887482419,NA,15.8663853727139,NA,0.101317122593715,NA
52,72,989,NA,NA,1,NA,NA,0.101214574898785,NA,NA,0.101214574898785,NA,15691.8551336146,NA,15.8663853727139,NA,0.101214574898782,NA
53,73,990,NA,NA,1,NA,NA,0.101112234580384,NA,NA,0.101112234580384,NA,15707.7215189873,NA,15.8663853727139,NA,0.101112234580381,NA
54,74,990,NA,NA,0,NA,NA,0,NA,NA,0,NA,15707.7215189873,NA,0,NA,0,NA
55,75,990,NA,NA,0,NA,NA,0,NA,NA,0,NA,15707.7215189873,NA,0,NA,0,NA
56,76,991,NA,NA,1,NA,NA,0.101010101010101,NA,NA,0.101010101010101,NA,15723.58790436,NA,15.8663853727121,NA,0.101010101010086,NA
57,77,992,NA,NA,1,NA,NA,0.100908173562059,NA,NA,0.100908173562059,NA,15739.4542897328,NA,15.8663853727139,NA,0.100908173562055,NA
58,78,993,NA,NA,1,NA,NA,0.100806451612903,NA,NA,0.100806451612903,NA,15755.3206751055,NA,15.8663853727139,NA,0.1008064516129,NA
59,79,997,NA,NA,4,NA,NA,0.40281973816717,NA,NA,0.40281973816717,NA,15818.7862165963,NA,63.4655414908557,NA,0.402819738167156,NA
60,80,1000,NA,NA,3,NA,NA,0.300902708124373,NA,NA,0.300902708124373,NA,15866.3853727145,NA,47.5991561181436,NA,0.300902708124374,NA
61,81,1002,NA,NA,2,NA,NA,0.2,NA,NA,0.2,NA,15898.1181434599,NA,31.7327707454297,NA,0.200000000000004,NA
62,82,1005,NA,NA,3,NA,NA,0.29940119760479,NA,NA,0.29940119760479,NA,15945.717299578,NA,47.5991561181436,NA,0.299401197604791,NA
63,83,1007,NA,NA,2,NA,NA,0.199004975124378,NA,NA,0.199004975124378,NA,15977.4500703235,NA,31.7327707454278,NA,0.199004975124371,NA
64,84,1010,NA,NA,3,NA,NA,0.297914597815293,NA,NA,0.297914597815293,NA,16025.0492264416,NA,47.5991561181436,NA,0.297914597815294,NA
65,85,1011,NA,NA,1,NA,NA,0.099009900990099,NA,NA,0.099009900990099,NA,16040.9156118143,NA,15.8663853727139,NA,0.0990099009900955,NA
66,86,1013,NA,NA,2,NA,NA,0.19782393669634,NA,NA,0.19782393669634,NA,16072.6483825598,NA,31.7327707454297,NA,0.197823936696345,NA
67,87,1014,NA,NA,1,NA,NA,0.0987166831194472,NA,NA,0.0987166831194472,NA,16088.5147679325,NA,15.8663853727139,NA,0.0987166831194437,NA
68,88,1015,NA,NA,1,NA,NA,0.0986193293885602,NA,NA,0.0986193293885602,NA,16104.3811533052,NA,15.8663853727121,NA,0.0986193293885454,NA
69,89,1018,NA,NA,3,NA,NA,0.295566502463054,NA,NA,0.295566502463054,NA,16151.9803094233,NA,47.5991561181436,NA,0.295566502463055,NA
70,90,1019,NA,NA,1,NA,NA,0.0982318271119843,NA,NA,0.0982318271119843,NA,16167.846694796,NA,15.8663853727157,NA,0.0982318271119921,NA
71,91,1021,NA,NA,2,NA,NA,0.196270853778214,NA,NA,0.196270853778214,NA,16199.5794655415,NA,31.7327707454315,NA,0.19627085377823,NA
72,92,1023,NA,NA,2,NA,NA,0.19588638589618,NA,NA,0.19588638589618,NA,16231.3122362869,NA,31.7327707454297,NA,0.195886385896185,NA
73,93,1026,NA,NA,3,NA,NA,0.293255131964809,NA,NA,0.293255131964809,NA,16278.9113924051,NA,47.5991561181436,NA,0.29325513196481,NA
74,94,1027,NA,NA,1,NA,NA,0.0974658869395711,NA,NA,0.0974658869395711,NA,16294.7777777778,NA,15.8663853727157,NA,0.0974658869395789,NA
75,95,1029,NA,NA,2,NA,NA,0.194741966893866,NA,NA,0.194741966893866,NA,16326.5105485232,NA,31.7327707454278,NA,0.194741966893859,NA
76,96,1032,NA,NA,3,NA,NA,0.291545189504373,NA,NA,0.291545189504373,NA,16374.1097046413,NA,47.5991561181454,NA,0.291545189504385,NA
