"daysFromToday","Day","Korea","Italy","X","dif.Korea","dif.Italy","dif.X","growth.Korea","growth.Italy","growth.X","prj.grKO.X","prj.grIT.X","grKO.prj.tot.X","grIT.prj.tot.X","dif.grKO.prj.tot.X","dif.grIT.prj.tot.X","growth.grKO.prj.tot.X","growth.grIT.prj.tot.X"
-107,0,4,NA,NA,NA,NA,NA,NA,NA,NA,NA,NA,NA,NA,NA,NA,NA,NA
-106,1,7,NA,NA,3,NA,NA,75,NA,NA,NA,NA,NA,NA,NA,NA,NA,NA
-105,2,15,NA,NA,8,NA,NA,114.285714285714,NA,NA,NA,NA,NA,NA,NA,NA,NA,NA
-104,3,21,NA,NA,6,NA,NA,40,NA,NA,NA,NA,NA,NA,NA,NA,NA,NA
-103,4,29,NA,NA,8,NA,NA,38.0952380952381,NA,NA,NA,NA,NA,NA,NA,NA,NA,NA
-102,5,34,NA,NA,5,NA,NA,17.2413793103448,NA,NA,NA,NA,NA,NA,NA,NA,NA,NA
-101,6,44,NA,NA,10,NA,NA,29.4117647058824,NA,NA,NA,NA,NA,NA,NA,NA,NA,NA
-100,7,62,NA,NA,18,NA,NA,40.9090909090909,NA,NA,NA,NA,NA,NA,NA,NA,NA,NA
-99,8,82,NA,NA,20,NA,NA,32.258064516129,NA,NA,NA,NA,NA,NA,NA,NA,NA,NA
-98,9,110,NA,NA,28,NA,NA,34.1463414634146,NA,NA,NA,NA,NA,NA,NA,NA,NA,NA
-97,10,131,NA,NA,21,NA,NA,19.0909090909091,NA,NA,NA,NA,NA,NA,NA,NA,NA,NA
-96,11,152,NA,NA,21,NA,NA,16.030534351145,NA,NA,NA,NA,NA,NA,NA,NA,NA,NA
-95,12,181,NA,NA,29,NA,NA,19.0789473684211,NA,NA,NA,NA,NA,NA,NA,NA,NA,NA
-94,13,196,NA,NA,15,NA,NA,8.28729281767956,NA,NA,NA,NA,NA,NA,NA,NA,NA,NA
-93,14,213,NA,NA,17,NA,NA,8.6734693877551,NA,NA,NA,NA,NA,NA,NA,NA,NA,NA
-92,15,230,NA,NA,17,NA,NA,7.981220657277,NA,NA,NA,NA,NA,NA,NA,NA,NA,NA
-91,16,246,NA,NA,16,NA,NA,6.95652173913043,NA,NA,NA,NA,NA,NA,NA,NA,NA,NA
-90,17,256,NA,NA,10,NA,NA,4.0650406504065,NA,NA,NA,NA,NA,NA,NA,NA,NA,NA
-89,18,261,NA,NA,5,NA,NA,1.953125,NA,NA,NA,NA,NA,NA,NA,NA,NA,NA
-88,19,263,NA,NA,2,NA,NA,0.766283524904214,NA,NA,NA,NA,NA,NA,NA,NA,NA,NA
-87,20,271,NA,NA,8,NA,NA,3.04182509505703,NA,NA,NA,NA,NA,NA,NA,NA,NA,NA
-86,21,275,NA,NA,4,NA,NA,1.4760147601476,NA,NA,NA,NA,NA,NA,NA,NA,NA,NA
-85,22,279,NA,NA,4,NA,NA,1.45454545454545,NA,NA,NA,NA,NA,NA,NA,NA,NA,NA
-84,23,283,NA,NA,4,NA,NA,1.4336917562724,NA,NA,NA,NA,NA,NA,NA,NA,NA,NA
-83,24,285,NA,NA,2,NA,NA,0.706713780918728,NA,NA,NA,NA,NA,NA,NA,NA,NA,NA
-82,25,288,NA,NA,3,NA,NA,1.05263157894737,NA,NA,NA,NA,NA,NA,NA,NA,NA,NA
-81,26,291,NA,NA,3,NA,NA,1.04166666666667,NA,NA,NA,NA,NA,NA,NA,NA,NA,NA
-80,27,294,NA,NA,3,NA,NA,1.03092783505155,NA,NA,NA,NA,NA,NA,NA,NA,NA,NA
-79,28,299,NA,NA,5,NA,NA,1.70068027210884,NA,NA,NA,NA,NA,NA,NA,NA,NA,NA
-78,29,302,NA,NA,3,NA,NA,1.00334448160535,NA,NA,NA,NA,NA,NA,NA,NA,NA,NA
-77,30,308,NA,NA,6,NA,NA,1.98675496688742,NA,NA,NA,NA,NA,NA,NA,NA,NA,NA
-76,31,311,NA,NA,3,NA,NA,0.974025974025974,NA,NA,NA,NA,NA,NA,NA,NA,NA,NA
-75,32,313,NA,NA,2,NA,NA,0.643086816720257,NA,NA,NA,NA,NA,NA,NA,NA,NA,NA
-74,33,316,NA,NA,3,NA,NA,0.958466453674121,NA,NA,NA,NA,NA,NA,NA,NA,NA,NA
-73,34,319,5,NA,3,NA,NA,0.949367088607595,NA,NA,NA,NA,NA,NA,NA,NA,NA,NA
-72,35,323,7,113,4,2,NA,1.25391849529781,40,NA,NA,NA,NA,NA,NA,NA,NA,NA
-71,36,326,10,126,3,3,13,0.928792569659443,42.8571428571429,11.5044247787611,NA,NA,NA,NA,NA,NA,NA,NA
-70,37,331,13,162,5,3,36,1.53374233128834,30,28.5714285714286,NA,NA,NA,NA,NA,NA,NA,NA
-69,38,335,19,191,4,6,29,1.20845921450151,46.1538461538462,17.9012345679012,NA,NA,NA,NA,NA,NA,NA,NA
-68,39,338,26,217,3,7,26,0.895522388059702,36.8421052631579,13.6125654450262,NA,NA,NA,NA,NA,NA,NA,NA
-67,40,342,33,237,4,7,20,1.18343195266272,26.9230769230769,9.21658986175115,NA,NA,NA,NA,NA,NA,NA,NA
-66,41,346,50,282,4,17,45,1.16959064327485,51.5151515151515,18.9873417721519,NA,NA,NA,NA,NA,NA,NA,NA
-65,42,349,60,324,3,10,42,0.867052023121387,20,14.8936170212766,NA,NA,NA,NA,NA,NA,NA,NA
-64,43,352,74,345,3,14,21,0.859598853868195,23.3333333333333,6.48148148148148,NA,NA,NA,NA,NA,NA,NA,NA
-63,44,355,92,412,3,18,67,0.852272727272727,24.3243243243243,19.4202898550725,NA,NA,NA,NA,NA,NA,NA,NA
-62,45,358,114,462,3,22,50,0.845070422535211,23.9130434782609,12.1359223300971,NA,NA,NA,NA,NA,NA,NA,NA
-61,46,359,137,523,1,23,61,0.279329608938547,20.1754385964912,13.2034632034632,NA,NA,NA,NA,NA,NA,NA,NA
-60,47,361,174,554,2,37,31,0.557103064066852,27.007299270073,5.92734225621415,NA,NA,NA,NA,NA,NA,NA,NA
-59,48,363,219,577,2,45,23,0.554016620498615,25.8620689655172,4.15162454873646,NA,NA,NA,NA,NA,NA,NA,NA
-58,49,364,272,611,1,53,34,0.275482093663912,24.2009132420091,5.89254766031196,NA,NA,NA,NA,NA,NA,NA,NA
-57,50,365,301,626,1,29,15,0.274725274725275,10.6617647058824,2.45499181669394,NA,NA,NA,NA,NA,NA,NA,NA
-56,51,366,369,640,1,68,14,0.273972602739726,22.5913621262458,2.23642172523962,NA,NA,NA,NA,NA,NA,NA,NA
-55,52,367,448,702,1,79,62,0.273224043715847,21.4092140921409,9.6875,NA,NA,NA,NA,NA,NA,NA,NA
-54,53,368,523,739,1,75,37,0.272479564032698,16.7410714285714,5.27065527065527,NA,NA,NA,NA,NA,NA,NA,NA
-53,54,369,627,754,1,104,15,0.271739130434783,19.8852772466539,2.0297699594046,NA,NA,NA,NA,NA,NA,NA,NA
-52,55,370,734,785,1,107,31,0.2710027100271,17.0653907496013,4.11140583554377,NA,NA,NA,NA,NA,NA,NA,NA
-51,56,371,829,863,1,95,78,0.27027027027027,12.9427792915531,9.93630573248408,NA,NA,NA,NA,NA,NA,NA,NA
-50,57,372,934,902,1,105,39,0.269541778975741,12.6658624849216,4.51911935110081,NA,NA,NA,NA,NA,NA,NA,NA
-49,58,372,1059,914,0,125,12,0,13.3832976445396,1.33037694013304,NA,NA,NA,NA,NA,NA,NA,NA
-48,59,373,1216,939,1,157,25,0.268817204301075,14.8253068932956,2.73522975929978,NA,NA,NA,NA,NA,NA,NA,NA
-47,60,373,1394,967,0,178,28,0,14.6381578947368,2.98189563365282,NA,NA,NA,NA,NA,NA,NA,NA
-46,61,373,1588,988,0,194,21,0,13.9167862266858,2.17166494312306,NA,NA,NA,NA,NA,NA,NA,NA
-45,62,374,1753,1020,1,165,32,0.268096514745308,10.3904282115869,3.23886639676113,NA,NA,NA,NA,NA,NA,NA,NA
-44,63,374,1895,1044,0,142,24,0,8.10039931545921,2.35294117647059,NA,NA,NA,NA,NA,NA,NA,NA
-43,64,375,2050,1063,1,155,19,0.267379679144385,8.17941952506596,1.81992337164751,NA,NA,NA,NA,NA,NA,NA,NA
-42,65,375,2205,1079,0,155,16,0,7.5609756097561,1.50517403574788,NA,NA,NA,NA,NA,NA,NA,NA
-41,66,375,2389,1095,0,184,16,0,8.34467120181406,1.48285449490269,NA,NA,NA,NA,NA,NA,NA,NA
-40,67,376,2564,1118,1,175,23,0.266666666666667,7.3252406864797,2.10045662100457,NA,NA,NA,NA,NA,NA,NA,NA
-39,68,376,2741,1136,0,177,18,0,6.90327613104524,1.61001788908766,NA,NA,NA,NA,NA,NA,NA,NA
-38,69,376,2896,1169,0,155,33,0,5.65487048522437,2.90492957746479,NA,NA,NA,NA,NA,NA,NA,NA
-37,70,377,3016,1191,1,120,22,0.265957446808511,4.14364640883978,1.8819503849444,NA,NA,NA,NA,NA,NA,NA,NA
-36,71,377,3136,1206,0,120,15,0,3.97877984084881,1.25944584382872,NA,NA,NA,NA,NA,NA,NA,NA
-35,72,377,3278,1238,0,142,32,0,4.5280612244898,2.65339966832504,NA,NA,NA,NA,NA,NA,NA,NA
-34,73,378,3416,1248,1,138,10,0.26525198938992,4.20988407565589,0.807754442649435,NA,NA,NA,NA,NA,NA,NA,NA
-33,74,378,3552,1287,0,136,39,0,3.98126463700234,3.125,NA,NA,NA,NA,NA,NA,NA,NA
-32,75,378,3694,1310,0,142,23,0,3.99774774774775,1.78710178710179,NA,NA,NA,NA,NA,NA,NA,NA
-31,76,378,3822,1335,0,128,25,0,3.46507850568489,1.90839694656489,NA,NA,NA,NA,NA,NA,NA,NA
-30,77,378,3929,1360,0,107,25,0,2.79958137100994,1.87265917602996,NA,NA,NA,NA,NA,NA,NA,NA
-29,78,379,4019,1366,1,90,6,0.264550264550265,2.29065920081446,0.441176470588235,NA,NA,NA,NA,NA,NA,NA,NA
-28,79,380,4133,1371,1,114,5,0.263852242744063,2.83652649912914,0.366032210834553,NA,NA,NA,NA,NA,NA,NA,NA
-27,80,381,4257,1398,1,124,27,0.263157894736842,3.00024195499637,1.96936542669584,NA,NA,NA,NA,NA,NA,NA,NA
-26,81,382,4374,1427,1,117,29,0.26246719160105,2.74841437632135,2.07439198855508,NA,NA,NA,NA,NA,NA,NA,NA
-25,82,383,4513,1441,1,139,14,0.261780104712042,3.17786922725194,0.981079187105816,NA,NA,NA,NA,NA,NA,NA,NA
-24,83,384,4635,1457,1,122,16,0.261096605744125,2.70330157323288,1.11034004163775,NA,NA,NA,NA,NA,NA,NA,NA
-23,84,385,4728,1490,1,93,33,0.260416666666667,2.00647249190939,2.26492793411119,NA,NA,NA,NA,NA,NA,NA,NA
-22,85,386,4816,1491,1,88,1,0.25974025974026,1.86125211505922,0.0671140939597315,NA,NA,NA,NA,NA,NA,NA,NA
-21,86,386,4895,1509,0,79,18,0,1.64036544850498,1.20724346076459,NA,NA,NA,NA,NA,NA,NA,NA
-20,87,387,5008,1545,1,113,36,0.259067357512953,2.30847803881512,2.38568588469185,NA,NA,NA,NA,NA,NA,NA,NA
-19,88,387,5111,1593,0,103,48,0,2.05670926517572,3.10679611650485,NA,NA,NA,NA,NA,NA,NA,NA
-18,89,388,5215,1616,1,104,23,0.258397932816538,2.03482684406183,1.44381669805399,NA,NA,NA,NA,NA,NA,NA,NA
-17,90,389,5305,1717,1,90,101,0.257731958762887,1.72579098753595,6.25,NA,NA,NA,NA,NA,NA,NA,NA
-16,91,389,5372,1759,0,67,42,0,1.26295947219604,2.44612696563774,NA,NA,NA,NA,NA,NA,NA,NA
-15,92,390,5453,1774,1,81,15,0.25706940874036,1.5078183172003,0.852757248436612,NA,NA,NA,NA,NA,NA,NA,NA
-14,93,391,5553,1854,1,100,80,0.256410256410256,1.83385292499542,4.50958286358512,NA,NA,NA,NA,NA,NA,NA,NA
-13,94,392,5631,1867,1,78,13,0.255754475703325,1.40464613722312,0.701186623516721,NA,NA,NA,NA,NA,NA,NA,NA
-12,95,392,5721,1906,0,90,39,0,1.59829515183804,2.08891269416176,NA,NA,NA,NA,NA,NA,NA,NA
-11,96,394,5790,1951,2,69,45,0.510204081632653,1.20608285264814,2.36096537250787,NA,NA,NA,NA,NA,NA,NA,NA
-10,97,397,5859,1974,3,69,23,0.761421319796954,1.19170984455959,1.17888262429523,NA,NA,NA,NA,NA,NA,NA,NA
-9,98,399,5911,2010,2,52,36,0.503778337531486,0.887523468168629,1.82370820668693,NA,NA,NA,NA,NA,NA,NA,NA
-8,99,400,5973,2017,1,62,7,0.25062656641604,1.04889189646422,0.348258706467662,NA,NA,NA,NA,NA,NA,NA,NA
-7,100,401,6035,2041,1,62,24,0.25,1.03800435292148,1.18988596926128,NA,NA,NA,NA,NA,NA,NA,NA
-6,101,402,6090,2071,1,55,30,0.249376558603491,0.911350455675228,1.46986771190593,NA,NA,NA,NA,NA,NA,NA,NA
-5,102,403,6148,2092,1,58,21,0.248756218905473,0.952380952380952,1.01400289715113,NA,NA,NA,NA,NA,NA,NA,NA
-4,103,405,6205,2119,2,57,27,0.496277915632754,0.927130774235524,1.2906309751434,NA,NA,NA,NA,NA,NA,NA,NA
-3,104,406,6246,2131,1,41,12,0.246913580246914,0.660757453666398,0.566304860783388,NA,NA,NA,NA,NA,NA,NA,NA
-2,105,408,6282,2144,2,36,13,0.492610837438424,0.576368876080692,0.610042233693102,NA,NA,NA,NA,NA,NA,NA,NA
-1,106,410,6314,2153,2,32,9,0.490196078431373,0.509391913403375,0.419776119402985,NA,NA,NA,NA,NA,NA,NA,NA
0,107,412,6357,2169,2,43,16,0.48780487804878,0.681026290782388,0.743149094287041,NA,NA,2169,2169,16,16,NA,NA
1,108,413,6398,NA,1,41,NA,0.242718446601942,0.64495831366997,NA,0.242718446601942,0.64495831366997,2174.2645631068,2182.9891458235,5.26456310679623,13.9891458235015,0.242718446601947,0.644958313669965
2,109,414,6438,NA,1,40,NA,0.242130750605327,0.625195373554236,NA,0.242130750605327,0.625195373554236,2179.52912621359,2196.63709296838,5.26456310679623,13.6479471448797,0.242130750605332,0.625195373554238
3,110,416,6470,NA,2,32,NA,0.483091787439614,0.497048772910842,NA,0.483091787439614,0.497048772910842,2190.05825242718,2207.55545068429,10.5291262135925,10.9183577159038,0.483091787439624,0.497048772910844
