"daysFromToday","Day","Korea","Italy","X","dif.Korea","dif.Italy","dif.X","growth.Korea","growth.Italy","growth.X","prj.grKO.X","prj.grIT.X","grKO.prj.tot.X","grIT.prj.tot.X","dif.grKO.prj.tot.X","dif.grIT.prj.tot.X","growth.grKO.prj.tot.X","growth.grIT.prj.tot.X"
-69,NA,NA,NA,118,NA,NA,NA,NA,NA,NA,NA,NA,NA,NA,NA,NA,NA,NA
-68,NA,NA,NA,165,NA,NA,47,NA,NA,39.8305084745763,NA,NA,NA,NA,NA,NA,NA,NA
-67,NA,NA,NA,174,NA,NA,9,NA,NA,5.45454545454545,NA,NA,NA,NA,NA,NA,NA,NA
-66,NA,NA,NA,218,NA,NA,44,NA,NA,25.2873563218391,NA,NA,NA,NA,NA,NA,NA,NA
-65,NA,NA,NA,280,NA,NA,62,NA,NA,28.4403669724771,NA,NA,NA,NA,NA,NA,NA,NA
-64,NA,NA,NA,335,NA,NA,55,NA,NA,19.6428571428571,NA,NA,NA,NA,NA,NA,NA,NA
-63,NA,NA,NA,381,NA,NA,46,NA,NA,13.7313432835821,NA,NA,NA,NA,NA,NA,NA,NA
-62,NA,NA,NA,404,NA,NA,23,NA,NA,6.03674540682415,NA,NA,NA,NA,NA,NA,NA,NA
-61,NA,NA,NA,426,NA,NA,22,NA,NA,5.44554455445545,NA,NA,NA,NA,NA,NA,NA,NA
-60,NA,NA,8,473,NA,NA,47,NA,NA,11.0328638497653,NA,NA,NA,NA,NA,NA,NA,NA
-59,NA,NA,11,523,NA,3,50,NA,37.5,10.5708245243129,NA,NA,NA,NA,NA,NA,NA,NA
-58,NA,NA,16,584,NA,5,61,NA,45.4545454545455,11.6634799235182,NA,NA,NA,NA,NA,NA,NA,NA
-57,NA,NA,23,643,NA,7,59,NA,43.75,10.1027397260274,NA,NA,NA,NA,NA,NA,NA,NA
-56,NA,NA,33,704,NA,10,61,NA,43.4782608695652,9.48678071539658,NA,NA,NA,NA,NA,NA,NA,NA
-55,NA,NA,44,743,NA,11,39,NA,33.3333333333333,5.53977272727273,NA,NA,NA,NA,NA,NA,NA,NA
-54,NA,NA,56,830,NA,12,87,NA,27.2727272727273,11.7092866756393,NA,NA,NA,NA,NA,NA,NA,NA
-53,NA,NA,85,875,NA,29,45,NA,51.7857142857143,5.42168674698795,NA,NA,NA,NA,NA,NA,NA,NA
-52,NA,NA,102,946,NA,17,71,NA,20,8.11428571428571,NA,NA,NA,NA,NA,NA,NA,NA
-51,NA,NA,125,1000,NA,23,54,NA,22.5490196078431,5.70824524312896,NA,NA,NA,NA,NA,NA,NA,NA
-50,NA,NA,154,1119,NA,29,119,NA,23.2,11.9,NA,NA,NA,NA,NA,NA,NA,NA
-49,NA,NA,193,1171,NA,39,52,NA,25.3246753246753,4.64700625558534,NA,NA,NA,NA,NA,NA,NA,NA
-48,NA,NA,231,1226,NA,38,55,NA,19.6891191709845,4.69684030742955,NA,NA,NA,NA,NA,NA,NA,NA
-47,NA,NA,294,1280,NA,63,54,NA,27.2727272727273,4.40456769983687,NA,NA,NA,NA,NA,NA,NA,NA
-46,NA,NA,368,1410,NA,74,130,NA,25.1700680272109,10.15625,NA,NA,NA,NA,NA,NA,NA,NA
-45,NA,NA,458,1480,NA,90,70,NA,24.4565217391304,4.9645390070922,NA,NA,NA,NA,NA,NA,NA,NA
-44,NA,NA,507,1569,NA,49,89,NA,10.6986899563319,6.01351351351351,NA,NA,NA,NA,NA,NA,NA,NA
-43,NA,NA,622,1620,NA,115,51,NA,22.6824457593688,3.25047801147228,NA,NA,NA,NA,NA,NA,NA,NA
-42,NA,NA,754,1695,NA,132,75,NA,21.2218649517685,4.62962962962963,NA,NA,NA,NA,NA,NA,NA,NA
-41,NA,NA,881,1739,NA,127,44,NA,16.8435013262599,2.59587020648968,NA,NA,NA,NA,NA,NA,NA,NA
-40,NA,NA,1056,1781,NA,175,42,NA,19.8637911464245,2.41518113858539,NA,NA,NA,NA,NA,NA,NA,NA
-39,NA,NA,1235,1923,NA,179,142,NA,16.9507575757576,7.97304884896126,NA,NA,NA,NA,NA,NA,NA,NA
-38,NA,NA,1397,2227,NA,162,304,NA,13.1174089068826,15.8086323452938,NA,NA,NA,NA,NA,NA,NA,NA
-37,NA,NA,1573,2276,NA,176,49,NA,12.5984251968504,2.2002694207454,NA,NA,NA,NA,NA,NA,NA,NA
-36,NA,NA,1783,2465,NA,210,189,NA,13.3502860775588,8.30404217926186,NA,NA,NA,NA,NA,NA,NA,NA
-35,NA,NA,2048,2741,NA,265,276,NA,14.8625911385306,11.1967545638945,NA,NA,NA,NA,NA,NA,NA,NA
-34,NA,NA,2347,2829,NA,299,88,NA,14.599609375,3.2105071141919,NA,NA,NA,NA,NA,NA,NA,NA
-33,NA,NA,2674,2941,NA,327,112,NA,13.932680017043,3.95899611170025,NA,NA,NA,NA,NA,NA,NA,NA
-32,NA,NA,2952,3017,NA,278,76,NA,10.3964098728497,2.58415504930296,NA,NA,NA,NA,NA,NA,NA,NA
-31,NA,NA,3191,3111,NA,239,94,NA,8.09620596205962,3.11567782565462,NA,NA,NA,NA,NA,NA,NA,NA
-30,NA,NA,3453,3192,NA,262,81,NA,8.21059229081792,2.60366441658631,NA,NA,NA,NA,NA,NA,NA,NA
-29,NA,NA,3713,3255,NA,260,63,NA,7.52968433246452,1.97368421052632,NA,NA,NA,NA,NA,NA,NA,NA
-28,NA,NA,4022,3321,NA,309,66,NA,8.32211150013466,2.02764976958525,NA,NA,NA,NA,NA,NA,NA,NA
-27,NA,NA,4317,3372,NA,295,51,NA,7.33465937344605,1.5356820234869,NA,NA,NA,NA,NA,NA,NA,NA
-26,NA,NA,4616,3431,NA,299,59,NA,6.92610609219365,1.7497034400949,NA,NA,NA,NA,NA,NA,NA,NA
-25,NA,NA,4876,3458,NA,260,27,NA,5.63258232235702,0.786942582337511,NA,NA,NA,NA,NA,NA,NA,NA
-24,NA,NA,5078,3496,NA,202,38,NA,4.14273995077933,1.0989010989011,NA,NA,NA,NA,NA,NA,NA,NA
-23,NA,NA,5280,3568,NA,202,72,NA,3.97794407246948,2.05949656750572,NA,NA,NA,NA,NA,NA,NA,NA
-22,NA,NA,5519,3611,NA,239,43,NA,4.52651515151515,1.20515695067265,NA,NA,NA,NA,NA,NA,NA,NA
-21,0,6,5752,3694,NA,233,83,NA,4.22177930784562,2.29853226253115,NA,NA,NA,NA,NA,NA,NA,NA
-20,1,12,5981,3747,6,229,53,100,3.98122392211405,1.43475906876015,NA,NA,NA,NA,NA,NA,NA,NA
-19,2,25,6221,3747,13,240,0,108.333333333333,4.0127069051998,0,NA,NA,NA,NA,NA,NA,NA,NA
-18,3,35,6436,4034,10,215,287,40,3.45603600707282,7.65946090205498,NA,NA,NA,NA,NA,NA,NA,NA
-17,4,49,6616,4164,14,180,130,40,2.79676817899316,3.22260783341596,NA,NA,NA,NA,NA,NA,NA,NA
-16,5,58,6767,4164,9,151,0,18.3673469387755,2.28234582829504,0,NA,NA,NA,NA,NA,NA,NA,NA
-15,6,74,6959,4236,16,192,72,27.5862068965517,2.83729865523866,1.72910662824208,NA,NA,NA,NA,NA,NA,NA,NA
-14,7,104,7169,4463,30,210,227,40.5405405405405,3.01767495329789,5.35882908404155,NA,NA,NA,NA,NA,NA,NA,NA
-13,8,138,7366,4578,34,197,115,32.6923076923077,2.74794253033896,2.5767421017253,NA,NA,NA,NA,NA,NA,NA,NA
-12,9,185,7600,4759,47,234,181,34.0579710144928,3.17675807765409,3.95369156837047,NA,NA,NA,NA,NA,NA,NA,NA
-11,10,220,7804,4813,35,204,54,18.9189189189189,2.68421052631579,1.13469216221895,NA,NA,NA,NA,NA,NA,NA,NA
-10,11,255,7962,4923,35,158,110,15.9090909090909,2.02460276781138,2.28547683357573,NA,NA,NA,NA,NA,NA,NA,NA
-9,12,305,8110,5003,50,148,80,19.6078431372549,1.85882943983924,1.62502539102173,NA,NA,NA,NA,NA,NA,NA,NA
-8,13,331,8243,5458,26,133,455,8.52459016393443,1.63995067817509,9.09454327403558,NA,NA,NA,NA,NA,NA,NA,NA
-7,14,358,8432,5612,27,189,154,8.1570996978852,2.29285454324882,2.82154635397582,NA,NA,NA,NA,NA,NA,NA,NA
-6,15,388,8607,5612,30,175,0,8.37988826815642,2.07542694497154,0,NA,NA,NA,NA,NA,NA,NA,NA
-5,16,414,8781,5922,26,174,310,6.70103092783505,2.02161031718369,5.52387740555952,NA,NA,NA,NA,NA,NA,NA,NA
-4,17,431,8933,6029,17,152,107,4.10628019323672,1.73101013551987,1.80682201958798,NA,NA,NA,NA,NA,NA,NA,NA
-3,18,440,9046,6180,9,113,151,2.08816705336427,1.26497257360349,2.50456128711229,NA,NA,NA,NA,NA,NA,NA,NA
-2,19,442,9182,6277,2,136,97,0.454545454545455,1.50342692902941,1.56957928802589,NA,NA,NA,NA,NA,NA,NA,NA
-1,20,456,9350,6538,14,168,261,3.16742081447964,1.82966673927249,4.15803727895491,NA,NA,NA,NA,NA,NA,NA,NA
0,21,463,9482,6538,7,132,0,1.53508771929825,1.41176470588235,0,NA,NA,6538,6538,0,0,NA,NA
1,22,470,9633,NA,7,151,NA,1.51187904967603,1.59249103564649,NA,1.51187904967603,1.59249103564649,6636.84665226782,6642.11706391057,98.8466522678182,104.117063910568,1.51187904967602,1.59249103564649
2,23,476,9750,NA,6,117,NA,1.27659574468085,1.21457489878543,NA,1.27659574468085,1.21457489878543,6721.57235421166,6722.79055051677,84.7257019438439,80.6734866062015,1.27659574468084,1.21457489878543
3,24,480,9866,NA,4,116,NA,0.840336134453782,1.18974358974359,NA,0.840336134453782,1.18974358974359,6778.05615550756,6802.77452014343,56.4838012958962,79.9839696266617,0.84033613445378,1.1897435897436
4,25,485,9953,NA,5,87,NA,1.04166666666667,0.88181633894182,NA,1.04166666666667,0.88181633894182,6848.66090712743,6862.76249736343,70.6047516198705,59.9879772199956,1.04166666666667,0.881816338941818
5,26,490,10058,NA,5,105,NA,1.03092783505155,1.05495830402894,NA,1.03092783505155,1.05495830402894,6919.2656587473,6935.16178021514,70.6047516198705,72.3992828517185,1.03092783505155,1.05495830402893
6,27,495,10162,NA,5,104,NA,1.02040816326531,1.03400278385365,NA,1.02040816326531,1.03400278385365,6989.87041036717,7006.87154608732,70.6047516198696,71.7097658721777,1.02040816326529,1.03400278385363
7,28,504,10255,NA,9,93,NA,1.81818181818182,0.915174178311356,NA,1.81818181818182,0.915174178311356,7116.95896328293,7070.99662518456,127.088552915766,64.1250790972363,1.81818181818181,0.915174178311348
8,29,509,10353,NA,5,98,NA,0.992063492063492,0.955631399317406,NA,0.992063492063492,0.955631399317406,7187.56371490281,7138.5692891795,70.6047516198705,67.5726639949371,0.992063492063494,0.955631399317397
9,30,518,10448,NA,9,95,NA,1.76817288801572,0.917608422679417,NA,1.76817288801572,0.917608422679417,7314.65226781857,7204.07340223581,127.088552915767,65.5041130563168,1.76817288801572,0.917608422679411
10,31,524,10517,NA,6,69,NA,1.15830115830116,0.6604134762634,NA,1.15830115830116,0.6604134762634,7399.37796976242,7251.65007382409,84.7257019438439,47.5766715882728,1.15830115830115,0.660413476263404
11,32,527,10578,NA,3,61,NA,0.572519083969466,0.580013311780926,NA,0.572519083969466,0.580013311780926,7441.74082073434,7293.71060957604,42.3628509719229,42.0605357519507,0.572519083969474,0.580013311780922
12,33,532,10632,NA,5,54,NA,0.94876660341556,0.510493477027794,NA,0.94876660341556,0.510493477027794,7512.34557235421,7330.94452647121,70.6047516198705,37.2339168951694,0.948766603415562,0.510493477027788
13,34,538,10704,NA,6,72,NA,1.12781954887218,0.677200902934537,NA,1.12781954887218,0.677200902934537,7597.07127429805,7380.5897489981,84.7257019438439,49.6452225268922,1.12781954887217,0.677200902934526
14,35,544,10774,NA,6,70,NA,1.11524163568773,0.653961136023916,NA,1.11524163568773,0.653961136023916,7681.7969762419,7428.85593756591,84.7257019438439,48.2661885678126,1.11524163568772,0.653961136023915
15,36,549,10840,NA,5,66,NA,0.919117647058824,0.612585854835716,NA,0.919117647058824,0.612585854835716,7752.40172786177,7474.36405821556,70.6047516198714,45.5081206496525,0.919117647058837,0.612585854835723
16,37,558,10894,NA,9,54,NA,1.63934426229508,0.498154981549816,NA,1.63934426229508,0.498154981549816,7879.49028077754,7511.59797511073,127.088552915767,37.2339168951694,1.63934426229508,0.49815498154981
17,38,564,10934,NA,6,40,NA,1.0752688172043,0.367174591518267,NA,1.0752688172043,0.367174591518267,7964.21598272138,7539.17865429234,84.7257019438448,27.5806791816076,1.07526881720431,0.367174591518272
18,39,569,10971,NA,5,37,NA,0.886524822695036,0.338394000365831,NA,0.886524822695036,0.338394000365831,8034.82073434125,7564.69078253533,70.6047516198714,25.5121282429873,0.886524822695048,0.338394000365839
19,40,576,11041,NA,7,70,NA,1.23022847100176,0.638045756995716,NA,1.23022847100176,0.638045756995716,8133.66738660907,7612.95697110314,98.8466522678191,48.2661885678117,1.23022847100176,0.638045756995703
20,41,582,11086,NA,6,45,NA,1.04166666666667,0.407571777918667,NA,1.04166666666667,0.407571777918667,8218.39308855292,7643.98523518245,84.7257019438448,31.0282640793075,1.04166666666667,0.407571777918659
21,42,587,11135,NA,5,49,NA,0.859106529209622,0.441998917553671,NA,0.859106529209622,0.441998917553671,8288.99784017279,7677.77156717992,70.6047516198705,33.7863319974695,0.859106529209623,0.441998917553679
22,43,592,11175,NA,5,40,NA,0.851788756388416,0.359227660529861,NA,0.851788756388416,0.359227660529861,8359.60259179265,7705.35224636152,70.6047516198687,27.5806791816076,0.851788756388395,0.359227660529865
23,44,598,11218,NA,6,43,NA,1.01351351351351,0.384787472035794,NA,1.01351351351351,0.384787472035794,8444.3282937365,7735.00147648175,84.7257019438439,29.649230120227,1.01351351351351,0.384787472035784
24,45,603,11252,NA,5,34,NA,0.836120401337793,0.303084328757354,NA,0.836120401337793,0.303084328757354,8514.93304535637,7758.44505378612,70.6047516198705,23.443577304367,0.836120401337794,0.303084328757365
25,46,605,11275,NA,2,23,NA,0.33167495854063,0.204408105225738,NA,0.33167495854063,0.204408105225738,8543.17494600432,7774.30394431554,28.2419006479486,15.8588905294237,0.331674958540635,0.204408105225731
26,47,608,11315,NA,3,40,NA,0.495867768595041,0.354767184035477,NA,0.495867768595041,0.354767184035477,8585.53779697624,7801.88462349715,42.3628509719219,27.5806791816085,0.495867768595038,0.354767184035493
27,48,611,11348,NA,3,33,NA,0.493421052631579,0.291648254529386,NA,0.493421052631579,0.291648254529386,8627.90064794816,7824.63868382198,42.3628509719219,22.7540603248262,0.493421052631576,0.291648254529389
28,49,614,11380,NA,3,32,NA,0.490998363338789,0.281988015509341,NA,0.490998363338789,0.281988015509341,8670.26349892008,7846.70322716726,42.3628509719219,22.0645433452855,0.490998363338785,0.281988015509337
29,50,615,11413,NA,1,33,NA,0.162866449511401,0.289982425307557,NA,0.162866449511401,0.289982425307557,8684.38444924406,7869.45728749209,14.1209503239734,22.7540603248262,0.162866449511393,0.28998242530756
30,51,617,11446,NA,2,33,NA,0.32520325203252,0.289143958643652,NA,0.32520325203252,0.289143958643652,8712.626349892,7892.21134781691,28.2419006479467,22.7540603248262,0.325203252032504,0.289143958643655
31,52,619,11473,NA,2,27,NA,0.324149108589951,0.235890267342303,NA,0.324149108589951,0.235890267342303,8740.86825053995,7910.8283062645,28.2419006479486,18.6169584475847,0.324149108589956,0.2358902673423
32,53,620,11488,NA,1,15,NA,0.161550888529887,0.130741741479997,NA,0.161550888529887,0.130741741479997,8754.98920086393,7921.1710609576,14.1209503239752,10.3427546931034,0.1615508885299,0.130741741480005
33,54,622,11508,NA,2,20,NA,0.32258064516129,0.174094707520891,NA,0.32258064516129,0.174094707520891,8783.23110151188,7934.96140054841,28.2419006479486,13.7903395908043,0.322580645161295,0.174094707520899
34,55,623,11537,NA,1,29,NA,0.160771704180064,0.251998609662843,NA,0.160771704180064,0.251998609662843,8797.35205183585,7954.95739295507,14.1209503239752,19.9959924066661,0.160771704180077,0.251998609662854
35,56,625,11566,NA,2,29,NA,0.321027287319422,0.251365172921903,NA,0.321027287319422,0.251365172921903,8825.5939524838,7974.95338536174,28.2419006479486,19.9959924066652,0.321027287319427,0.251365172921903
36,57,626,11592,NA,1,26,NA,0.16,0.224796818260418,NA,0.16,0.224796818260418,8839.71490280777,7992.88082682978,14.1209503239752,17.9274414680449,0.160000000000013,0.224796818260421
37,58,627,NA,NA,1,NA,NA,0.159744408945687,NA,NA,0.159744408945687,NA,8853.83585313175,NA,14.1209503239734,NA,0.159744408945679,NA
38,59,628,NA,NA,1,NA,NA,0.159489633173844,NA,NA,0.159489633173844,NA,8867.95680345572,NA,14.1209503239752,NA,0.159489633173856,NA
39,60,628,NA,NA,0,NA,NA,0,NA,NA,0,NA,8867.95680345572,NA,0,NA,0,NA
40,61,629,NA,NA,1,NA,NA,0.159235668789809,NA,NA,0.159235668789809,NA,8882.0777537797,NA,14.1209503239752,NA,0.159235668789821,NA
41,62,629,NA,NA,0,NA,NA,0,NA,NA,0,NA,8882.0777537797,NA,0,NA,0,NA
42,63,630,NA,NA,1,NA,NA,0.158982511923688,NA,NA,0.158982511923688,NA,8896.19870410367,NA,14.1209503239734,NA,0.15898251192368,NA
43,64,631,NA,NA,1,NA,NA,0.158730158730159,NA,NA,0.158730158730159,NA,8910.31965442765,NA,14.1209503239734,NA,0.158730158730151,NA
44,65,631,NA,NA,0,NA,NA,0,NA,NA,0,NA,8910.31965442765,NA,0,NA,0,NA
45,66,632,NA,NA,1,NA,NA,0.158478605388273,NA,NA,0.158478605388273,NA,8924.44060475162,NA,14.1209503239734,NA,0.158478605388265,NA
46,67,633,NA,NA,1,NA,NA,0.158227848101266,NA,NA,0.158227848101266,NA,8938.56155507559,NA,14.1209503239734,NA,0.158227848101258,NA
47,68,633,NA,NA,0,NA,NA,0,NA,NA,0,NA,8938.56155507559,NA,0,NA,0,NA
48,69,634,NA,NA,1,NA,NA,0.157977883096367,NA,NA,0.157977883096367,NA,8952.68250539957,NA,14.1209503239752,NA,0.157977883096379,NA
49,70,634,NA,NA,0,NA,NA,0,NA,NA,0,NA,8952.68250539957,NA,0,NA,0,NA
50,71,635,NA,NA,1,NA,NA,0.157728706624606,NA,NA,0.157728706624606,NA,8966.80345572354,NA,14.1209503239734,NA,0.157728706624598,NA
51,72,635,NA,NA,0,NA,NA,0,NA,NA,0,NA,8966.80345572354,NA,0,NA,0,NA
52,73,636,NA,NA,1,NA,NA,0.15748031496063,NA,NA,0.15748031496063,NA,8980.92440604752,NA,14.1209503239752,NA,0.157480314960642,NA
53,74,636,NA,NA,0,NA,NA,0,NA,NA,0,NA,8980.92440604752,NA,0,NA,0,NA
54,75,636,NA,NA,0,NA,NA,0,NA,NA,0,NA,8980.92440604752,NA,0,NA,0,NA
55,76,636,NA,NA,0,NA,NA,0,NA,NA,0,NA,8980.92440604752,NA,0,NA,0,NA
56,77,637,NA,NA,1,NA,NA,0.157232704402516,NA,NA,0.157232704402516,NA,8995.04535637149,NA,14.1209503239734,NA,0.157232704402508,NA
57,78,638,NA,NA,1,NA,NA,0.156985871271586,NA,NA,0.156985871271586,NA,9009.16630669546,NA,14.1209503239734,NA,0.156985871271578,NA
58,79,640,NA,NA,2,NA,NA,0.313479623824451,NA,NA,0.313479623824451,NA,9037.40820734341,NA,28.2419006479467,NA,0.313479623824436,NA
59,80,642,NA,NA,2,NA,NA,0.3125,NA,NA,0.3125,NA,9065.65010799136,NA,28.2419006479486,NA,0.312500000000005,NA
60,81,644,NA,NA,2,NA,NA,0.311526479750779,NA,NA,0.311526479750779,NA,9093.8920086393,NA,28.2419006479467,NA,0.311526479750763,NA
61,82,645,NA,NA,1,NA,NA,0.15527950310559,NA,NA,0.15527950310559,NA,9108.01295896328,NA,14.1209503239734,NA,0.155279503105582,NA
62,83,647,NA,NA,2,NA,NA,0.310077519379845,NA,NA,0.310077519379845,NA,9136.25485961122,NA,28.2419006479467,NA,0.31007751937983,NA
63,84,649,NA,NA,2,NA,NA,0.309119010819165,NA,NA,0.309119010819165,NA,9164.49676025917,NA,28.2419006479467,NA,0.30911901081915,NA
64,85,650,NA,NA,1,NA,NA,0.154083204930663,NA,NA,0.154083204930663,NA,9178.61771058315,NA,14.1209503239752,NA,0.154083204930675,NA
65,86,650,NA,NA,0,NA,NA,0,NA,NA,0,NA,9178.61771058315,NA,0,NA,0,NA
66,87,651,NA,NA,1,NA,NA,0.153846153846154,NA,NA,0.153846153846154,NA,9192.73866090712,NA,14.1209503239734,NA,0.153846153846146,NA
67,88,652,NA,NA,1,NA,NA,0.153609831029186,NA,NA,0.153609831029186,NA,9206.8596112311,NA,14.1209503239752,NA,0.153609831029198,NA
68,89,654,NA,NA,2,NA,NA,0.306748466257669,NA,NA,0.306748466257669,NA,9235.10151187904,NA,28.2419006479486,NA,0.306748466257673,NA
69,90,655,NA,NA,1,NA,NA,0.152905198776758,NA,NA,0.152905198776758,NA,9249.22246220302,NA,14.1209503239734,NA,0.152905198776751,NA
70,91,656,NA,NA,1,NA,NA,0.152671755725191,NA,NA,0.152671755725191,NA,9263.34341252699,NA,14.1209503239752,NA,0.152671755725203,NA
71,92,657,NA,NA,1,NA,NA,0.152439024390244,NA,NA,0.152439024390244,NA,9277.46436285097,NA,14.1209503239734,NA,0.152439024390236,NA
72,93,659,NA,NA,2,NA,NA,0.30441400304414,NA,NA,0.30441400304414,NA,9305.70626349891,NA,28.2419006479486,NA,0.304414003044145,NA
73,94,660,NA,NA,1,NA,NA,0.151745068285281,NA,NA,0.151745068285281,NA,9319.82721382289,NA,14.1209503239734,NA,0.151745068285273,NA
74,95,661,NA,NA,1,NA,NA,0.151515151515152,NA,NA,0.151515151515152,NA,9333.94816414686,NA,14.1209503239734,NA,0.151515151515144,NA
75,96,663,NA,NA,2,NA,NA,0.302571860816944,NA,NA,0.302571860816944,NA,9362.19006479481,NA,28.2419006479486,NA,0.302571860816949,NA
76,97,668,NA,NA,5,NA,NA,0.754147812971342,NA,NA,0.754147812971342,NA,9432.79481641468,NA,70.6047516198705,NA,0.754147812971344,NA
77,98,671,NA,NA,3,NA,NA,0.449101796407186,NA,NA,0.449101796407186,NA,9475.1576673866,NA,42.3628509719219,NA,0.449101796407183,NA
78,99,673,NA,NA,2,NA,NA,0.29806259314456,NA,NA,0.29806259314456,NA,9503.39956803455,NA,28.2419006479467,NA,0.298062593144546,NA
