"daysFromToday","Day","Korea","Italy","X","dif.Korea","dif.Italy","dif.X","growth.Korea","growth.Italy","growth.X","prj.grKO.X","prj.grIT.X","grKO.prj.tot.X","grIT.prj.tot.X","dif.grKO.prj.tot.X","dif.grIT.prj.tot.X","growth.grKO.prj.tot.X","growth.grIT.prj.tot.X"
-71,NA,NA,NA,116,NA,NA,NA,NA,NA,NA,NA,NA,NA,NA,NA,NA,NA,NA
-70,NA,NA,NA,141,NA,NA,25,NA,NA,21.551724137931,NA,NA,NA,NA,NA,NA,NA,NA
-69,NA,NA,NA,186,NA,NA,45,NA,NA,31.9148936170213,NA,NA,NA,NA,NA,NA,NA,NA
-68,NA,NA,NA,314,NA,NA,128,NA,NA,68.8172043010753,NA,NA,NA,NA,NA,NA,NA,NA
-67,NA,NA,NA,390,NA,NA,76,NA,NA,24.203821656051,NA,NA,NA,NA,NA,NA,NA,NA
-66,NA,NA,NA,520,NA,NA,130,NA,NA,33.3333333333333,NA,NA,NA,NA,NA,NA,NA,NA
-65,NA,NA,NA,658,NA,NA,138,NA,NA,26.5384615384615,NA,NA,NA,NA,NA,NA,NA,NA
-64,NA,NA,NA,830,NA,NA,172,NA,NA,26.1398176291793,NA,NA,NA,NA,NA,NA,NA,NA
-63,NA,NA,NA,1171,NA,NA,341,NA,NA,41.0843373493976,NA,NA,NA,NA,NA,NA,NA,NA
-62,NA,NA,NA,1412,NA,NA,241,NA,NA,20.5807002561913,NA,NA,NA,NA,NA,NA,NA,NA
-61,NA,NA,NA,1682,NA,NA,270,NA,NA,19.1218130311615,NA,NA,NA,NA,NA,NA,NA,NA
-60,NA,NA,NA,2355,NA,NA,673,NA,NA,40.0118906064209,NA,NA,NA,NA,NA,NA,NA,NA
-59,NA,NA,55,2765,NA,NA,410,NA,NA,17.4097664543524,NA,NA,NA,NA,NA,NA,NA,NA
-58,NA,NA,81,3763,NA,26,998,NA,47.2727272727273,36.0940325497288,NA,NA,NA,NA,NA,NA,NA,NA
-57,NA,NA,114,4246,NA,33,483,NA,40.7407407407407,12.8355035875631,NA,NA,NA,NA,NA,NA,NA,NA
-56,NA,NA,161,5473,NA,47,1227,NA,41.2280701754386,28.8977861516722,NA,NA,NA,NA,NA,NA,NA,NA
-55,NA,NA,233,6338,NA,72,865,NA,44.7204968944099,15.8048602229125,NA,NA,NA,NA,NA,NA,NA,NA
-54,NA,NA,315,6955,NA,82,617,NA,35.1931330472103,9.73493215525402,NA,NA,NA,NA,NA,NA,NA,NA
-53,NA,NA,401,8010,NA,86,1055,NA,27.3015873015873,15.1689432063264,NA,NA,NA,NA,NA,NA,NA,NA
-52,NA,NA,602,9585,NA,201,1575,NA,50.1246882793017,19.6629213483146,NA,NA,NA,NA,NA,NA,NA,NA
-51,NA,NA,723,11111,NA,121,1526,NA,20.0996677740864,15.9207094418362,NA,NA,NA,NA,NA,NA,NA,NA
-50,NA,NA,889,12151,NA,166,1040,NA,22.9598893499308,9.36009360093601,NA,NA,NA,NA,NA,NA,NA,NA
-49,NA,NA,1097,13324,NA,208,1173,NA,23.3970753655793,9.65352645872768,NA,NA,NA,NA,NA,NA,NA,NA
-48,NA,NA,1370,14747,NA,273,1423,NA,24.8860528714676,10.6799759831882,NA,NA,NA,NA,NA,NA,NA,NA
-47,NA,NA,1647,15455,NA,277,708,NA,20.2189781021898,4.80097646979047,NA,NA,NA,NA,NA,NA,NA,NA
-46,NA,NA,2090,16364,NA,443,909,NA,26.8973891924712,5.88159171789065,NA,NA,NA,NA,NA,NA,NA,NA
-45,NA,NA,2620,17531,NA,530,1167,NA,25.3588516746411,7.13150818870692,NA,NA,NA,NA,NA,NA,NA,NA
-44,NA,NA,3258,18494,NA,638,963,NA,24.3511450381679,5.49312646169642,NA,NA,NA,NA,NA,NA,NA,NA
-43,NA,NA,3605,19355,NA,347,861,NA,10.6507059545734,4.6555639666919,NA,NA,NA,NA,NA,NA,NA,NA
-42,NA,NA,4427,20601,NA,822,1246,NA,22.8016643550624,6.4376130198915,NA,NA,NA,NA,NA,NA,NA,NA
-41,NA,NA,5369,21367,NA,942,766,NA,21.2785181838717,3.7182661035872,NA,NA,NA,NA,NA,NA,NA,NA
-40,NA,NA,6273,22511,NA,904,1144,NA,16.8373998882473,5.35405063883559,NA,NA,NA,NA,NA,NA,NA,NA
-39,NA,NA,7516,22897,NA,1243,386,NA,19.8150805037462,1.71471724934476,NA,NA,NA,NA,NA,NA,NA,NA
-38,NA,NA,8791,24119,NA,1275,1222,NA,16.96381053752,5.33694370441543,NA,NA,NA,NA,NA,NA,NA,NA
-37,NA,NA,9939,25269,NA,1148,1150,NA,13.058810146741,4.76802520834197,NA,NA,NA,NA,NA,NA,NA,NA
-36,NA,NA,11192,25996,NA,1253,727,NA,12.6069021028272,2.87704301713562,NA,NA,NA,NA,NA,NA,NA,NA
-35,NA,NA,12686,26660,NA,1494,664,NA,13.348820586133,2.5542391137098,NA,NA,NA,NA,NA,NA,NA,NA
-34,NA,NA,14577,27495,NA,1891,835,NA,14.9061958064008,3.13203300825206,NA,NA,NA,NA,NA,NA,NA,NA
-33,NA,NA,16703,28309,NA,2126,814,NA,14.584619606229,2.96053827968722,NA,NA,NA,NA,NA,NA,NA,NA
-32,NA,NA,19032,28832,NA,2329,523,NA,13.9436029455786,1.84746900279063,NA,NA,NA,NA,NA,NA,NA,NA
-31,NA,NA,21007,30174,NA,1975,1342,NA,10.3772593526692,4.65455049944506,NA,NA,NA,NA,NA,NA,NA,NA
-30,NA,NA,22709,30839,NA,1702,665,NA,8.10206121768934,2.20388413866242,NA,NA,NA,NA,NA,NA,NA,NA
-29,NA,NA,24573,31528,NA,1864,689,NA,8.20819939231142,2.23418398780765,NA,NA,NA,NA,NA,NA,NA,NA
-28,NA,NA,26424,32138,NA,1851,610,NA,7.53265779514101,1.93478812484141,NA,NA,NA,NA,NA,NA,NA,NA
-27,NA,NA,28627,32846,NA,2203,708,NA,8.33711777172268,2.20299956437862,NA,NA,NA,NA,NA,NA,NA,NA
-26,NA,NA,30727,33193,NA,2100,347,NA,7.33573200125755,1.05644522925166,NA,NA,NA,NA,NA,NA,NA,NA
-25,NA,NA,32849,33690,NA,2122,497,NA,6.90597845543008,1.49730364835959,NA,NA,NA,NA,NA,NA,NA,NA
-24,NA,NA,34702,34728,NA,1853,1038,NA,5.64096319522664,3.08103294746215,NA,NA,NA,NA,NA,NA,NA,NA
-23,0,44,36141,35463,NA,1439,735,NA,4.14673505849807,2.11644782308224,NA,NA,NA,NA,NA,NA,NA,NA
-22,1,85,37580,36078,41,1439,615,93.1818181818182,3.98162751445726,1.73420184417562,NA,NA,NA,NA,NA,NA,NA,NA
-21,2,181,39279,36897,96,1699,819,112.941176470588,4.52102182011708,2.27008149010477,NA,NA,NA,NA,NA,NA,NA,NA
-20,3,252,40937,37439,71,1658,542,39.2265193370166,4.22108505817358,1.46895411551075,NA,NA,NA,NA,NA,NA,NA,NA
-19,4,349,42566,38002,97,1629,563,38.4920634920635,3.97928524317854,1.50377948128956,NA,NA,NA,NA,NA,NA,NA,NA
-18,5,409,44273,38828,60,1707,826,17.1919770773639,4.01024291688202,2.17356981211515,NA,NA,NA,NA,NA,NA,NA,NA
-17,6,528,45806,39199,119,1533,371,29.0953545232274,3.46260700652768,0.955496033790048,NA,NA,NA,NA,NA,NA,NA,NA
-16,7,740,47084,40001,212,1278,802,40.1515151515151,2.79002750731345,2.04597056047348,NA,NA,NA,NA,NA,NA,NA,NA
-15,8,979,48164,40596,239,1080,595,32.2972972972973,2.29377283153513,1.48746281342966,NA,NA,NA,NA,NA,NA,NA,NA
-14,9,1320,49527,40982,341,1363,386,34.8314606741573,2.82991445893198,0.95083259434427,NA,NA,NA,NA,NA,NA,NA,NA
-13,10,1565,51020,41923,245,1493,941,18.5606060606061,3.01451733397945,2.29613000829633,NA,NA,NA,NA,NA,NA,NA,NA
-12,11,1816,52423,42402,251,1403,479,16.038338658147,2.74990199921599,1.14257090379982,NA,NA,NA,NA,NA,NA,NA,NA
-11,12,2173,54091,43210,357,1668,808,19.65859030837,3.18180951109246,1.90557049195793,NA,NA,NA,NA,NA,NA,NA,NA
-10,13,2355,55545,43210,182,1454,0,8.37551771744132,2.6880627091383,0,NA,NA,NA,NA,NA,NA,NA,NA
-9,14,2550,56665,44811,195,1120,1601,8.28025477707006,2.01638311279143,3.70516084239759,NA,NA,NA,NA,NA,NA,NA,NA
-8,15,2762,57720,45588,212,1055,777,8.31372549019608,1.86181946527839,1.7339492535315,NA,NA,NA,NA,NA,NA,NA,NA
-7,16,2950,58668,46442,188,948,854,6.80666183924692,1.64241164241164,1.87329999122576,NA,NA,NA,NA,NA,NA,NA,NA
-6,17,3064,60013,46944,114,1345,502,3.86440677966102,2.29256153269244,1.08091813444727,NA,NA,NA,NA,NA,NA,NA,NA
-5,18,3133,61253,47471,69,1240,527,2.25195822454308,2.06621898588639,1.12261417859577,NA,NA,NA,NA,NA,NA,NA,NA
-4,19,3147,62493,48675,14,1240,1204,0.4468560485158,2.024390642091,2.536285311032,NA,NA,NA,NA,NA,NA,NA,NA
-3,20,3249,63576,49451,102,1083,776,3.24118207816969,1.73299409533868,1.59424756034926,NA,NA,NA,NA,NA,NA,NA,NA
-2,21,3296,64377,50127,47,801,676,1.44659895352416,1.2599093997735,1.36700976724434,NA,NA,NA,NA,NA,NA,NA,NA
-1,22,3343,65347,50867,47,970,740,1.42597087378641,1.50674930487597,1.47625032417659,NA,NA,NA,NA,NA,NA,NA,NA
0,23,3387,66544,51746,44,1197,879,1.31618306909961,1.83175968292347,1.72803585821849,NA,NA,51746,51746,879,879,NA,NA
1,24,3419,67484,NA,32,940,NA,0.94478889873044,1.41259918249579,NA,0.94478889873044,1.41259918249579,52234.8904635371,52476.9635729743,488.890463537056,730.963572974273,0.944788898730445,1.41259918249579
2,25,3450,68557,NA,31,1073,NA,0.90669786487277,1.59000652006402,NA,0.90669786487277,1.59000652006402,52708.5031000886,53311.3507153162,473.612636551516,834.387142341911,0.90669786487276,1.59000652006402
3,26,3485,69394,NA,35,837,NA,1.01449275362319,1.22088189389851,NA,1.01449275362319,1.22088189389851,53243.2270445822,53962.2193435922,534.723944493657,650.868628276025,1.0144927536232,1.2208818938985
4,27,3524,70220,NA,39,826,NA,1.11908177905308,1.19030463728853,NA,1.11908177905308,1.19030463728853,53839.062297018,54604.5341428228,595.835252435783,642.314799230589,1.11908177905308,1.19030463728854
5,28,3588,70837,NA,64,617,NA,1.8161180476731,0.87866704642552,NA,1.8161180476731,0.87866704642552,54816.8432240921,55084.32619019,977.780927074105,479.792047367155,1.8161180476731,0.878667046425518
6,29,3625,71580,NA,37,743,NA,1.03121516164994,1.04888688114968,NA,1.03121516164994,1.04888688114968,55382.1228225568,55662.0984611686,565.279598464716,577.772270978603,1.03121516164994,1.04888688114969
7,30,3686,72321,NA,61,741,NA,1.68275862068965,1.03520536462699,NA,1.68275862068965,1.03520536462699,56314.0702686743,56238.3154905025,931.947446117505,576.21702933398,1.68275862068965,1.035205364627
8,31,3727,72986,NA,41,665,NA,1.11231687466088,0.919511621797265,NA,1.11231687466088,0.919511621797265,56940.4611750812,56755.4333373407,626.390906406843,517.117846838184,1.11231687466087,0.919511621797268
9,32,3754,73684,NA,27,698,NA,0.724443251945264,0.956347792727372,NA,0.724443251945264,0.956347792727372,57352.9625036906,57298.2126713152,412.501328609396,542.779333974511,0.724443251945278,0.956347792727369
10,33,3786,74359,NA,32,675,NA,0.852424080980288,0.916074045925846,NA,0.852424080980288,0.916074045925846,57841.8529672276,57823.1067263765,488.890463537056,524.894055061312,0.852424080980293,0.916074045925843
11,34,3828,74853,NA,42,494,NA,1.10935023771791,0.664344598501863,NA,1.10935023771791,0.664344598501863,58483.52170062,58207.2514125992,641.668733392376,384.144686222651,1.1093502377179,0.664344598501865
12,35,3871,75286,NA,43,433,NA,1.12330198537095,0.578467128905989,NA,1.12330198537095,0.578467128905989,59140.4682609979,58543.9612286608,656.946560377924,336.709816061557,1.12330198537097,0.578467128905995
13,36,3909,75668,NA,38,382,NA,0.981658486179282,0.507398453895811,NA,0.981658486179282,0.507398453895811,59721.0256864482,58841.0123827843,580.55742545025,297.051154123583,0.98165848617928,0.507398453895803
14,37,3971,76181,NA,62,513,NA,1.58608339728831,0.677961621821642,NA,1.58608339728831,0.677961621821642,60668.2509595512,59239.9318646309,947.225273103046,398.919481846591,1.58608339728832,0.677961621821631
15,38,4015,76679,NA,44,498,NA,1.10803324099723,0.65370630472165,NA,1.10803324099723,0.65370630472165,61340.4753469147,59627.1870341428,672.224387363443,387.255169511904,1.10803324099722,0.653706304721653
16,39,4047,77150,NA,32,471,NA,0.797011207970112,0.614249012115442,NA,0.797011207970112,0.614249012115442,61829.3658104517,59993.4464414523,488.890463537049,366.259407309451,0.797011207970105,0.614249012115446
17,40,4100,77535,NA,53,385,NA,1.3096120583148,0.499027867790019,NA,1.3096120583148,0.499027867790019,62639.090640685,60292.8304580428,809.724830233237,299.38401659052,1.30961205831479,0.499027867790009
18,41,4142,77820,NA,42,285,NA,1.02439024390244,0.36757593344941,NA,1.02439024390244,0.36757593344941,63280.7593740773,60514.452392402,641.668733392384,221.621934359217,1.02439024390244,0.367575933449403
19,42,4179,78084,NA,37,264,NA,0.893288266537904,0.339244410177332,NA,0.893288266537904,0.339244410177332,63846.0389725421,60719.7442894927,565.279598464709,205.291897090654,0.89328826653789,0.339244410177344
20,43,4215,78582,NA,36,498,NA,0.861450107681263,0.637774704164746,NA,0.861450107681263,0.637774704164746,64396.0407440212,61106.9994590046,550.001771479183,387.255169511904,0.86145010768126,0.637774704164749
21,44,4255,78898,NA,40,316,NA,0.948991696322657,0.40212771372579,NA,0.948991696322657,0.40212771372579,65007.1538234426,61352.7276388555,611.113079421317,245.728179850921,0.948991696322657,0.402127713725782
22,45,4288,79250,NA,33,352,NA,0.775558166862515,0.446145656417146,NA,0.775558166862515,0.446145656417146,65511.3221139651,61626.4501683097,504.16829052259,273.722529454193,0.77555816686252,0.446145656417142
23,46,4308,79530,NA,20,280,NA,0.466417910447761,0.353312302839117,NA,0.466417910447761,0.353312302839117,65816.8786536758,61844.1839985574,305.556539710669,217.733830247664,0.466417910447778,0.35331230283913
24,47,4328,79841,NA,20,311,NA,0.464252553389044,0.391047403495536,NA,0.464252553389044,0.391047403495536,66122.4351933865,62086.0240742967,305.556539710655,241.840075739361,0.464252553389038,0.391047403495537
25,48,4350,80081,NA,22,240,NA,0.508317929759704,0.300597437406846,NA,0.508317929759704,0.300597437406846,66458.5473870682,62272.6530716518,336.112193681722,186.628997355132,0.5083179297597,0.300597437406844
26,49,4366,80241,NA,16,160,NA,0.367816091954023,0.199797704823866,NA,0.367816091954023,0.199797704823866,66702.9926188367,62397.0724032219,244.445231768521,124.419331570083,0.367816091954014,0.199797704823856
27,50,4378,80530,NA,12,289,NA,0.274851122308749,0.360165002928677,NA,0.274851122308749,0.360165002928677,66886.3265426631,62621.8048208704,183.333923826387,224.732417648476,0.274851122308737,0.360165002928682
28,51,4390,80766,NA,12,236,NA,0.274097761534947,0.293058487520179,NA,0.274097761534947,0.293058487520179,67069.6604664895,62805.3233349363,183.333923826402,183.518514065872,0.274097761534957,0.293058487520165
29,52,4404,80994,NA,14,228,NA,0.318906605922551,0.282297006165961,NA,0.318906605922551,0.282297006165961,67283.550044287,62982.6208824237,213.889577797469,177.297547487375,0.318906605922563,0.282297006165958
30,53,4414,81226,NA,10,232,NA,0.227066303360581,0.286440970936119,NA,0.227066303360581,0.286440970936119,67436.3283141423,63163.0289132003,152.778269855335,180.40803077662,0.227066303360589,0.286440970936104
31,54,4425,81463,NA,11,237,NA,0.249207068418668,0.291778494570704,NA,0.249207068418668,0.291778494570704,67604.3844109832,63347.3250480885,168.056096840868,184.296134888187,0.249207068418677,0.291778494570693
32,55,4437,81652,NA,12,189,NA,0.271186440677966,0.232007168898764,NA,0.271186440677966,0.232007168898764,67787.7183348096,63494.2953835056,183.333923826387,146.970335417172,0.271186440677954,0.232007168898772
33,56,4446,81759,NA,9,107,NA,0.202839756592292,0.131043942585607,NA,0.202839756592292,0.131043942585607,67925.2187776794,63577.5008114931,137.500442869801,83.2054279874937,0.202839756592299,0.131043942585602
34,57,4455,NA,NA,9,NA,NA,0.202429149797571,NA,NA,0.202429149797571,NA,68062.7192205492,NA,137.500442869801,NA,0.202429149797578,NA
35,58,4463,NA,NA,8,NA,NA,0.179573512906846,NA,NA,0.179573512906846,NA,68184.9418364334,NA,122.222615884268,NA,0.179573512906853,NA
36,59,4466,NA,NA,3,NA,NA,0.0672193591754425,NA,NA,0.0672193591754425,NA,68230.77531739,NA,45.8334809566004,NA,0.0672193591754449,NA
37,60,4472,NA,NA,6,NA,NA,0.134348410210479,NA,NA,0.134348410210479,NA,68322.4422793032,NA,91.6669619131862,NA,0.134348410210463,NA
38,61,4475,NA,NA,3,NA,NA,0.0670840787119857,NA,NA,0.0670840787119857,NA,68368.2757602598,NA,45.8334809566004,NA,0.0670840787119881,NA
39,62,4480,NA,NA,5,NA,NA,0.111731843575419,NA,NA,0.111731843575419,NA,68444.6648951875,NA,76.3891349276673,NA,0.111731843575423,NA
40,63,4486,NA,NA,6,NA,NA,0.133928571428571,NA,NA,0.133928571428571,NA,68536.3318571007,NA,91.6669619132008,NA,0.133928571428576,NA
41,64,4490,NA,NA,4,NA,NA,0.0891662951404369,NA,NA,0.0891662951404369,NA,68597.4431650428,NA,61.1113079421339,NA,0.0891662951404401,NA
42,65,4494,NA,NA,4,NA,NA,0.089086859688196,NA,NA,0.089086859688196,NA,68658.5544729849,NA,61.1113079421339,NA,0.0890868596881992,NA
43,66,4498,NA,NA,4,NA,NA,0.0890075656430797,NA,NA,0.0890075656430797,NA,68719.6657809271,NA,61.1113079421339,NA,0.0890075656430828,NA
44,67,4504,NA,NA,6,NA,NA,0.133392618941752,NA,NA,0.133392618941752,NA,68811.3327428403,NA,91.6669619131862,NA,0.133392618941735,NA
45,68,4508,NA,NA,4,NA,NA,0.088809946714032,NA,NA,0.088809946714032,NA,68872.4440507824,NA,61.1113079421339,NA,0.0888099467140351,NA
46,69,4510,NA,NA,2,NA,NA,0.0443655723158829,NA,NA,0.0443655723158829,NA,68902.9997047535,NA,30.5556539710669,NA,0.0443655723158845,NA
47,70,4513,NA,NA,3,NA,NA,0.0665188470066519,NA,NA,0.0665188470066519,NA,68948.8331857101,NA,45.8334809566004,NA,0.0665188470066543,NA
48,71,4516,NA,NA,3,NA,NA,0.0664746288499889,NA,NA,0.0664746288499889,NA,68994.6666666667,NA,45.8334809566004,NA,0.0664746288499913,NA
49,72,4521,NA,NA,5,NA,NA,0.110717449069973,NA,NA,0.110717449069973,NA,69071.0558015943,NA,76.3891349276528,NA,0.110717449069956,NA
50,73,4525,NA,NA,4,NA,NA,0.08847600088476,NA,NA,0.08847600088476,NA,69132.1671095364,NA,61.1113079421193,NA,0.0884760008847421,NA
51,74,4526,NA,NA,1,NA,NA,0.0220994475138122,NA,NA,0.0220994475138122,NA,69147.444936522,NA,15.2778269855335,NA,0.0220994475138129,NA
52,75,4527,NA,NA,1,NA,NA,0.0220945647370747,NA,NA,0.0220945647370747,NA,69162.7227635075,NA,15.2778269855335,NA,0.0220945647370755,NA
53,76,4529,NA,NA,2,NA,NA,0.0441793682350342,NA,NA,0.0441793682350342,NA,69193.2784174786,NA,30.5556539710669,NA,0.0441793682350358,NA
54,77,4534,NA,NA,5,NA,NA,0.11039964672113,NA,NA,0.11039964672113,NA,69269.6675524062,NA,76.3891349276673,NA,0.110399646721134,NA
55,78,4541,NA,NA,7,NA,NA,0.154389060432289,NA,NA,0.154389060432289,NA,69376.612341305,NA,106.94478889872,NA,0.154389060432274,NA
56,79,4555,NA,NA,14,NA,NA,0.308302136093372,NA,NA,0.308302136093372,NA,69590.5019191024,NA,213.889577797454,NA,0.308302136093362,NA
57,80,4570,NA,NA,15,NA,NA,0.329308452250274,NA,NA,0.329308452250274,NA,69819.6693238854,NA,229.167404783002,NA,0.329308452250286,NA
58,81,4581,NA,NA,11,NA,NA,0.240700218818381,NA,NA,0.240700218818381,NA,69987.7254207263,NA,168.056096840868,NA,0.240700218818389,NA
59,82,4592,NA,NA,11,NA,NA,0.240122244051517,NA,NA,0.240122244051517,NA,70155.7815175672,NA,168.056096840868,NA,0.240122244051526,NA
60,83,4604,NA,NA,12,NA,NA,0.261324041811847,NA,NA,0.261324041811847,NA,70339.1154413936,NA,183.333923826402,NA,0.261324041811856,NA
61,84,4616,NA,NA,12,NA,NA,0.260642919200695,NA,NA,0.260642919200695,NA,70522.4493652199,NA,183.333923826387,NA,0.260642919200684,NA
62,85,4624,NA,NA,8,NA,NA,0.173310225303293,NA,NA,0.173310225303293,NA,70644.6719811042,NA,122.222615884268,NA,0.173310225303299,NA
63,86,4629,NA,NA,5,NA,NA,0.108131487889273,NA,NA,0.108131487889273,NA,70721.0611160319,NA,76.3891349276528,NA,0.108131487889257,NA
64,87,4635,NA,NA,6,NA,NA,0.129617627997408,NA,NA,0.129617627997408,NA,70812.7280779451,NA,91.6669619132008,NA,0.129617627997412,NA
65,88,4641,NA,NA,6,NA,NA,0.129449838187702,NA,NA,0.129449838187702,NA,70904.3950398583,NA,91.6669619132008,NA,0.129449838187707,NA
66,89,4654,NA,NA,13,NA,NA,0.280112044817927,NA,NA,0.280112044817927,NA,71103.0067906702,NA,198.611750811921,NA,0.280112044817917,NA
67,90,4659,NA,NA,5,NA,NA,0.107434464976364,NA,NA,0.107434464976364,NA,71179.3959255979,NA,76.3891349276673,NA,0.107434464976368,NA
68,91,4668,NA,NA,9,NA,NA,0.193174500965873,NA,NA,0.193174500965873,NA,71316.8963684677,NA,137.500442869801,NA,0.193174500965879,NA
69,92,4677,NA,NA,9,NA,NA,0.19280205655527,NA,NA,0.19280205655527,NA,71454.3968113375,NA,137.500442869801,NA,0.192802056555277,NA
70,93,4688,NA,NA,11,NA,NA,0.235193500106906,NA,NA,0.235193500106906,NA,71622.4529081783,NA,168.056096840854,NA,0.235193500106894,NA
71,94,4694,NA,NA,6,NA,NA,0.127986348122867,NA,NA,0.127986348122867,NA,71714.1198700915,NA,91.6669619132008,NA,0.127986348122871,NA
72,95,4702,NA,NA,8,NA,NA,0.170430336599915,NA,NA,0.170430336599915,NA,71836.3424859758,NA,122.222615884268,NA,0.170430336599921,NA
