"daysFromToday","Day","Korea","Italy","X","dif.Korea","dif.Italy","dif.X","growth.Korea","growth.Italy","growth.X","prj.grKO.X","prj.grIT.X","grKO.prj.tot.X","grIT.prj.tot.X","dif.grKO.prj.tot.X","dif.grIT.prj.tot.X","growth.grKO.prj.tot.X","growth.grIT.prj.tot.X"
-21,NA,NA,2,NA,NA,NA,NA,NA,NA,NA,NA,NA,NA,NA,NA,NA,NA,NA
-20,NA,NA,3,NA,NA,1,NA,NA,50,NA,NA,NA,NA,NA,NA,NA,NA,NA
-19,NA,NA,5,NA,NA,2,NA,NA,66.6666666666667,NA,NA,NA,NA,NA,NA,NA,NA,NA
-18,NA,NA,7,NA,NA,2,NA,NA,40,NA,NA,NA,NA,NA,NA,NA,NA,NA
-17,NA,NA,10,NA,NA,3,NA,NA,42.8571428571429,NA,NA,NA,NA,NA,NA,NA,NA,NA
-16,NA,NA,13,NA,NA,3,NA,NA,30,NA,NA,NA,NA,NA,NA,NA,NA,NA
-15,NA,NA,17,NA,NA,4,NA,NA,30.7692307692308,NA,NA,NA,NA,NA,NA,NA,NA,NA
-14,NA,NA,25,101,NA,8,NA,NA,47.0588235294118,NA,NA,NA,NA,NA,NA,NA,NA,NA
-13,NA,NA,30,108,NA,5,7,NA,20,6.93069306930693,NA,NA,NA,NA,NA,NA,NA,NA
-12,0,2,37,129,NA,7,21,NA,23.3333333333333,19.4444444444444,NA,NA,NA,NA,NA,NA,NA,NA
-11,1,4,45,165,2,8,36,100,21.6216216216216,27.906976744186,NA,NA,NA,NA,NA,NA,NA,NA
-10,2,7,56,187,3,11,22,75,24.4444444444444,13.3333333333333,NA,NA,NA,NA,NA,NA,NA,NA
-9,3,10,68,212,3,12,25,42.8571428571429,21.4285714285714,13.3689839572193,NA,NA,NA,NA,NA,NA,NA,NA
-8,4,14,86,240,4,18,28,40,26.4705882352941,13.2075471698113,NA,NA,NA,NA,NA,NA,NA,NA
-7,5,17,108,288,3,22,48,21.4285714285714,25.5813953488372,20,NA,NA,NA,NA,NA,NA,NA,NA
-6,6,22,134,320,5,26,32,29.4117647058824,24.0740740740741,11.1111111111111,NA,NA,NA,NA,NA,NA,NA,NA
-5,7,30,148,393,8,14,73,36.3636363636364,10.4477611940298,22.8125,NA,NA,NA,NA,NA,NA,NA,NA
-4,8,40,182,447,10,34,54,33.3333333333333,22.972972972973,13.7404580152672,NA,NA,NA,NA,NA,NA,NA,NA
-3,9,54,221,536,14,39,89,35,21.4285714285714,19.910514541387,NA,NA,NA,NA,NA,NA,NA,NA
-2,10,64,258,626,10,37,90,18.5185185185185,16.7420814479638,16.7910447761194,NA,NA,NA,NA,NA,NA,NA,NA
-1,11,75,310,730,11,52,104,17.1875,20.1550387596899,16.6134185303514,NA,NA,NA,NA,NA,NA,NA,NA
0,12,89,362,868,14,52,138,18.6666666666667,16.7741935483871,18.9041095890411,NA,NA,868,868,138,138,NA,NA
1,13,97,409,NA,8,47,NA,8.98876404494382,12.9834254143646,NA,8.98876404494382,12.9834254143646,946.022471910112,980.696132596685,78.0224719101124,112.696132596685,8.98876404494382,12.9834254143646
2,14,105,461,NA,8,52,NA,8.24742268041237,12.7139364303178,NA,8.24742268041237,12.7139364303178,1024.04494382022,1105.38121546961,78.0224719101124,124.685082872928,8.24742268041237,12.7139364303178
3,15,114,523,NA,9,62,NA,8.57142857142857,13.4490238611714,NA,8.57142857142857,13.4490238611714,1111.8202247191,1254.04419889503,87.7752808988764,148.662983425414,8.57142857142857,13.4490238611714
4,16,121,600,NA,7,77,NA,6.14035087719298,14.7227533460803,NA,6.14035087719298,14.7227533460803,1180.08988764045,1438.67403314917,68.2696629213483,184.629834254144,6.14035087719298,14.7227533460803
5,17,126,688,NA,5,88,NA,4.13223140495868,14.6666666666667,NA,4.13223140495868,14.6666666666667,1228.85393258427,1649.67955801105,48.7640449438204,211.005524861878,4.13223140495869,14.6666666666667
6,18,129,784,NA,3,96,NA,2.38095238095238,13.953488372093,NA,2.38095238095238,13.953488372093,1258.11235955056,1879.86740331492,29.2584269662921,230.187845303867,2.38095238095237,13.953488372093
7,19,130,865,NA,1,81,NA,0.775193798449612,10.3316326530612,NA,0.775193798449612,10.3316326530612,1267.86516853933,2074.08839779006,9.75280898876417,194.220994475138,0.775193798449622,10.3316326530612
8,20,134,935,NA,4,70,NA,3.07692307692308,8.09248554913295,NA,3.07692307692308,8.09248554913295,1306.87640449438,2241.93370165746,39.011235955056,167.845303867403,3.07692307692306,8.09248554913295
9,21,136,1012,NA,2,77,NA,1.49253731343284,8.23529411764706,NA,1.49253731343284,8.23529411764706,1326.38202247191,2426.5635359116,19.5056179775281,184.629834254144,1.49253731343284,8.23529411764706
10,22,138,1088,NA,2,76,NA,1.47058823529412,7.5098814229249,NA,1.47058823529412,7.5098814229249,1345.88764044944,2608.7955801105,19.5056179775281,182.232044198895,1.47058823529412,7.5098814229249
11,23,140,1179,NA,2,91,NA,1.44927536231884,8.36397058823529,NA,1.44927536231884,8.36397058823529,1365.39325842697,2826.99447513812,19.5056179775281,218.198895027625,1.44927536231884,8.3639705882353
12,24,141,1266,NA,1,87,NA,0.714285714285714,7.37913486005089,NA,0.714285714285714,7.37913486005089,1375.14606741573,3035.60220994475,9.75280898876395,208.60773480663,0.714285714285707,7.37913486005088
13,25,142,1353,NA,1,87,NA,0.709219858156028,6.87203791469194,NA,0.709219858156028,6.87203791469194,1384.89887640449,3244.20994475138,9.75280898876395,208.60773480663,0.709219858156021,6.87203791469195
14,26,144,1429,NA,2,76,NA,1.40845070422535,5.61714708056171,NA,1.40845070422535,5.61714708056171,1404.40449438202,3426.44198895028,19.5056179775281,182.232044198895,1.40845070422535,5.61714708056171
15,27,145,1489,NA,1,60,NA,0.694444444444444,4.19874037788663,NA,0.694444444444444,4.19874037788663,1414.15730337079,3570.30939226519,9.75280898876395,143.867403314917,0.694444444444437,4.19874037788664
16,28,148,1548,NA,3,59,NA,2.06896551724138,3.96239086635326,NA,2.06896551724138,3.96239086635326,1443.41573033708,3711.77900552486,29.2584269662923,141.469613259669,2.06896551724139,3.96239086635326
17,29,149,1618,NA,1,70,NA,0.675675675675676,4.52196382428941,NA,0.675675675675676,4.52196382428941,1453.16853932584,3879.62430939227,9.75280898876417,167.845303867403,0.675675675675684,4.52196382428939
18,30,152,1686,NA,3,68,NA,2.01342281879195,4.20271940667491,NA,2.01342281879195,4.20271940667491,1482.42696629214,4042.67403314917,29.2584269662923,163.049723756907,2.01342281879196,4.20271940667492
19,31,154,1753,NA,2,67,NA,1.31578947368421,3.97390272835113,NA,1.31578947368421,3.97390272835113,1501.93258426966,4203.32596685083,19.5056179775279,160.651933701657,1.3157894736842,3.97390272835112
20,32,155,1824,NA,1,71,NA,0.649350649350649,4.05019965772961,NA,0.649350649350649,4.05019965772961,1511.68539325843,4373.56906077348,9.75280898876417,170.243093922652,0.649350649350658,4.05019965772962
21,33,156,1887,NA,1,63,NA,0.645161290322581,3.45394736842105,NA,0.645161290322581,3.45394736842105,1521.43820224719,4524.62983425414,9.75280898876395,151.060773480664,0.645161290322574,3.45394736842107
22,34,158,1939,NA,2,52,NA,1.28205128205128,2.75569687334393,NA,1.28205128205128,2.75569687334393,1540.94382022472,4649.31491712707,19.5056179775281,124.685082872928,1.28205128205128,2.75569687334394
23,35,159,1984,NA,1,45,NA,0.632911392405063,2.32078390923156,NA,0.632911392405063,2.32078390923156,1550.69662921348,4757.21546961326,9.75280898876417,107.900552486188,0.632911392405072,2.32078390923156
24,36,161,2040,NA,2,56,NA,1.25786163522013,2.82258064516129,NA,1.25786163522013,2.82258064516129,1570.20224719101,4891.49171270718,19.5056179775281,134.276243093923,1.25786163522013,2.82258064516129
25,37,164,2101,NA,3,61,NA,1.86335403726708,2.99019607843137,NA,1.86335403726708,2.99019607843137,1599.4606741573,5037.75690607735,29.2584269662921,146.265193370165,1.86335403726708,2.99019607843137
26,38,165,2159,NA,1,58,NA,0.609756097560976,2.76059019514517,NA,0.609756097560976,2.76059019514517,1609.21348314607,5176.82872928177,9.75280898876395,139.07182320442,0.609756097560969,2.76059019514517
27,39,167,2228,NA,2,69,NA,1.21212121212121,3.1959240389069,NA,1.21212121212121,3.1959240389069,1628.7191011236,5342.27624309392,19.5056179775281,165.447513812154,1.21212121212121,3.19592403890689
28,40,169,2288,NA,2,60,NA,1.19760479041916,2.69299820466786,NA,1.19760479041916,2.69299820466786,1648.22471910112,5486.14364640884,19.5056179775283,143.867403314917,1.19760479041918,2.69299820466787
29,41,171,2334,NA,2,46,NA,1.18343195266272,2.01048951048951,NA,1.18343195266272,2.01048951048951,1667.73033707865,5596.44198895028,19.5056179775281,110.298342541436,1.18343195266272,2.0104895104895
30,42,172,NA,NA,1,NA,NA,0.584795321637427,NA,NA,0.584795321637427,NA,1677.48314606742,NA,9.75280898876395,NA,0.584795321637421,NA
31,43,174,NA,NA,2,NA,NA,1.16279069767442,NA,NA,1.16279069767442,NA,1696.98876404494,NA,19.5056179775281,NA,1.16279069767442,NA
32,44,175,NA,NA,1,NA,NA,0.574712643678161,NA,NA,0.574712643678161,NA,1706.74157303371,NA,9.75280898876417,NA,0.574712643678168,NA
33,45,177,NA,NA,2,NA,NA,1.14285714285714,NA,NA,1.14285714285714,NA,1726.24719101124,NA,19.5056179775279,NA,1.14285714285713,NA
34,46,177,NA,NA,0,NA,NA,0,NA,NA,0,NA,1726.24719101124,NA,0,NA,0,NA
35,47,178,NA,NA,1,NA,NA,0.564971751412429,NA,NA,0.564971751412429,NA,1736,NA,9.75280898876417,NA,0.564971751412437,NA
36,48,179,NA,NA,1,NA,NA,0.561797752808989,NA,NA,0.561797752808989,NA,1745.75280898876,NA,9.75280898876395,NA,0.561797752808983,NA
37,49,180,NA,NA,1,NA,NA,0.558659217877095,NA,NA,0.558659217877095,NA,1755.50561797753,NA,9.75280898876417,NA,0.558659217877102,NA
38,50,180,NA,NA,0,NA,NA,0,NA,NA,0,NA,1755.50561797753,NA,0,NA,0,NA
39,51,181,NA,NA,1,NA,NA,0.555555555555556,NA,NA,0.555555555555556,NA,1765.25842696629,NA,9.75280898876395,NA,0.55555555555555,NA
40,52,181,NA,NA,0,NA,NA,0,NA,NA,0,NA,1765.25842696629,NA,0,NA,0,NA
41,53,182,NA,NA,1,NA,NA,0.552486187845304,NA,NA,0.552486187845304,NA,1775.01123595506,NA,9.75280898876417,NA,0.552486187845311,NA
