"daysFromToday","Day","Korea","Italy","X","dif.Korea","dif.Italy","dif.X","growth.Korea","growth.Italy","growth.X","prj.grKO.X","prj.grIT.X","grKO.prj.tot.X","grIT.prj.tot.X","dif.grKO.prj.tot.X","dif.grIT.prj.tot.X","growth.grKO.prj.tot.X","growth.grIT.prj.tot.X"
-64,NA,NA,NA,152,NA,NA,NA,NA,NA,NA,NA,NA,NA,NA,NA,NA,NA,NA
-63,NA,NA,NA,195,NA,NA,43,NA,NA,28.2894736842105,NA,NA,NA,NA,NA,NA,NA,NA
-62,NA,NA,NA,298,NA,NA,103,NA,NA,52.8205128205128,NA,NA,NA,NA,NA,NA,NA,NA
-61,NA,NA,NA,298,NA,NA,0,NA,NA,0,NA,NA,NA,NA,NA,NA,NA,NA
-60,NA,NA,NA,424,NA,NA,126,NA,NA,42.2818791946309,NA,NA,NA,NA,NA,NA,NA,NA
-59,NA,NA,NA,456,NA,NA,32,NA,NA,7.54716981132075,NA,NA,NA,NA,NA,NA,NA,NA
-58,NA,NA,NA,456,NA,NA,0,NA,NA,0,NA,NA,NA,NA,NA,NA,NA,NA
-57,NA,NA,NA,539,NA,NA,83,NA,NA,18.2017543859649,NA,NA,NA,NA,NA,NA,NA,NA
-56,NA,NA,NA,774,NA,NA,235,NA,NA,43.5992578849722,NA,NA,NA,NA,NA,NA,NA,NA
-55,NA,NA,NA,925,NA,NA,151,NA,NA,19.5090439276486,NA,NA,NA,NA,NA,NA,NA,NA
-54,NA,NA,NA,1083,NA,NA,158,NA,NA,17.0810810810811,NA,NA,NA,NA,NA,NA,NA,NA
-53,NA,NA,NA,1293,NA,NA,210,NA,NA,19.3905817174515,NA,NA,NA,NA,NA,NA,NA,NA
-52,NA,NA,NA,1554,NA,NA,261,NA,NA,20.1856148491879,NA,NA,NA,NA,NA,NA,NA,NA
-51,NA,NA,NA,1554,NA,NA,0,NA,NA,0,NA,NA,NA,NA,NA,NA,NA,NA
-50,NA,NA,NA,1917,NA,NA,363,NA,NA,23.3590733590734,NA,NA,NA,NA,NA,NA,NA,NA
-49,NA,NA,NA,2049,NA,NA,132,NA,NA,6.88575899843505,NA,NA,NA,NA,NA,NA,NA,NA
-48,NA,NA,NA,2049,NA,NA,0,NA,NA,0,NA,NA,NA,NA,NA,NA,NA,NA
-47,NA,NA,NA,2417,NA,NA,368,NA,NA,17.9599804782821,NA,NA,NA,NA,NA,NA,NA,NA
-46,NA,NA,NA,2552,NA,NA,135,NA,NA,5.58543649151841,NA,NA,NA,NA,NA,NA,NA,NA
-45,NA,NA,NA,2792,NA,NA,240,NA,NA,9.40438871473354,NA,NA,NA,NA,NA,NA,NA,NA
-44,NA,NA,NA,3065,NA,NA,273,NA,NA,9.77793696275072,NA,NA,NA,NA,NA,NA,NA,NA
-43,NA,NA,13,3207,NA,NA,142,NA,NA,4.63295269168026,NA,NA,NA,NA,NA,NA,NA,NA
-42,NA,NA,20,3319,NA,7,112,NA,53.8461538461538,3.49236046149049,NA,NA,NA,NA,NA,NA,NA,NA
-41,NA,NA,27,3319,NA,7,0,NA,35,0,NA,NA,NA,NA,NA,NA,NA,NA
-40,NA,NA,39,3553,NA,12,234,NA,44.4444444444444,7.0503163603495,NA,NA,NA,NA,NA,NA,NA,NA
-39,NA,NA,56,3656,NA,17,103,NA,43.5897435897436,2.89895862651281,NA,NA,NA,NA,NA,NA,NA,NA
-38,NA,NA,76,3656,NA,20,0,NA,35.7142857142857,0,NA,NA,NA,NA,NA,NA,NA,NA
-37,NA,NA,96,3931,NA,20,275,NA,26.3157894736842,7.5218818380744,NA,NA,NA,NA,NA,NA,NA,NA
-36,NA,NA,144,4246,NA,48,315,NA,50,8.01322818621216,NA,NA,NA,NA,NA,NA,NA,NA
-35,NA,NA,173,4377,NA,29,131,NA,20.1388888888889,3.08525671219972,NA,NA,NA,NA,NA,NA,NA,NA
-34,NA,NA,213,4377,NA,40,0,NA,23.121387283237,0,NA,NA,NA,NA,NA,NA,NA,NA
-33,NA,NA,263,4439,NA,50,62,NA,23.4741784037559,1.41649531642678,NA,NA,NA,NA,NA,NA,NA,NA
-32,NA,NA,329,4761,NA,66,322,NA,25.0950570342205,7.25388601036269,NA,NA,NA,NA,NA,NA,NA,NA
-31,NA,NA,395,4917,NA,66,156,NA,20.0607902735562,3.27662255828607,NA,NA,NA,NA,NA,NA,NA,NA
-30,NA,NA,501,4917,NA,106,0,NA,26.8354430379747,0,NA,NA,NA,NA,NA,NA,NA,NA
-29,NA,NA,628,5253,NA,127,336,NA,25.3493013972056,6.83343502135448,NA,NA,NA,NA,NA,NA,NA,NA
-28,NA,NA,781,5490,NA,153,237,NA,24.3630573248408,4.51170759565962,NA,NA,NA,NA,NA,NA,NA,NA
-27,NA,NA,864,5490,NA,83,0,NA,10.6274007682458,0,NA,NA,NA,NA,NA,NA,NA,NA
-26,NA,NA,1061,5613,NA,197,123,NA,22.8009259259259,2.24043715846995,NA,NA,NA,NA,NA,NA,NA,NA
-25,NA,NA,1287,5881,NA,226,268,NA,21.3006597549482,4.7746303224657,NA,NA,NA,NA,NA,NA,NA,NA
-24,NA,NA,1504,6095,NA,217,214,NA,16.8609168609169,3.63883693249447,NA,NA,NA,NA,NA,NA,NA,NA
-23,NA,NA,1802,6258,NA,298,163,NA,19.813829787234,2.67432321575062,NA,NA,NA,NA,NA,NA,NA,NA
-22,NA,NA,2107,6489,NA,305,231,NA,16.9256381798002,3.69127516778524,NA,NA,NA,NA,NA,NA,NA,NA
-21,NA,NA,2383,6626,NA,276,137,NA,13.0991931656383,2.11126521806133,NA,NA,NA,NA,NA,NA,NA,NA
-20,NA,NA,2683,6626,NA,300,0,NA,12.5891733109526,0,NA,NA,NA,NA,NA,NA,NA,NA
-19,0,10,3041,6757,NA,358,131,NA,13.3432724562057,1.97706006640507,NA,NA,NA,NA,NA,NA,NA,NA
-18,1,20,3494,6936,10,453,179,100,14.8964156527458,2.64910463223324,NA,NA,NA,NA,NA,NA,NA,NA
-17,2,43,4004,6936,23,510,0,115,14.5964510589582,0,NA,NA,NA,NA,NA,NA,NA,NA
-16,3,60,4563,7142,17,559,206,39.5348837209302,13.961038961039,2.97001153402537,NA,NA,NA,NA,NA,NA,NA,NA
-15,4,84,5036,7531,24,473,389,40,10.3659872890642,5.44665359843181,NA,NA,NA,NA,NA,NA,NA,NA
-14,5,98,5444,7653,14,408,122,16.6666666666667,8.10166799046863,1.61997078741203,NA,NA,NA,NA,NA,NA,NA,NA
-13,6,127,5891,7653,29,447,0,29.5918367346939,8.21087435709038,0,NA,NA,NA,NA,NA,NA,NA,NA
-12,7,177,6334,7927,50,443,274,39.3700787401575,7.51994567985062,3.58029530902914,NA,NA,NA,NA,NA,NA,NA,NA
-11,8,235,6863,7927,58,529,0,32.7683615819209,8.35175244711083,0,NA,NA,NA,NA,NA,NA,NA,NA
-10,9,316,7366,8189,81,503,262,34.468085106383,7.32915634562145,3.30515958117825,NA,NA,NA,NA,NA,NA,NA,NA
-9,10,375,7875,8407,59,509,218,18.6708860759494,6.91012761335868,2.66210770545854,NA,NA,NA,NA,NA,NA,NA,NA
-8,11,435,8319,8407,60,444,0,16,5.63809523809524,0,NA,NA,NA,NA,NA,NA,NA,NA
-7,12,521,8664,8661,86,345,254,19.7701149425287,4.14713306887847,3.02129178065897,NA,NA,NA,NA,NA,NA,NA,NA
-6,13,564,9009,8942,43,345,281,8.25335892514395,3.9819944598338,3.24442904976331,NA,NA,NA,NA,NA,NA,NA,NA
-5,14,611,9416,9056,47,407,114,8.33333333333333,4.51770451770452,1.27488257660479,NA,NA,NA,NA,NA,NA,NA,NA
-4,15,662,9814,9056,51,398,0,8.34697217675941,4.2268479184367,0,NA,NA,NA,NA,NA,NA,NA,NA
-3,16,707,10204,9175,45,390,119,6.797583081571,3.97391481556959,1.31404593639576,NA,NA,NA,NA,NA,NA,NA,NA
-2,17,735,10613,9638,28,409,463,3.96039603960396,4.00823206585653,5.04632152588556,NA,NA,NA,NA,NA,NA,NA,NA
-1,18,751,10981,9895,16,368,257,2.17687074829932,3.46744558560256,2.66652832537871,NA,NA,NA,NA,NA,NA,NA,NA
0,19,754,11287,10096,3,306,201,0.399467376830892,2.78663145433021,2.03132895401718,NA,NA,10096,10096,201,201,NA,NA
1,20,779,11546,NA,25,259,NA,3.31564986737401,2.29467529015682,NA,3.31564986737401,2.29467529015682,10430.7480106101,10327.6704172942,334.748010610079,231.670417294232,3.315649867374,2.29467529015681
2,21,790,11873,NA,11,327,NA,1.41206675224647,2.83214966222068,NA,1.41206675224647,2.83214966222068,10578.0371352785,10620.1655001329,147.289124668436,292.495082838663,1.41206675224648,2.83214966222067
3,22,801,12231,NA,11,358,NA,1.39240506329114,3.015244672787,NA,1.39240506329114,3.015244672787,10725.326259947,10940.3894746168,147.289124668436,320.223974483919,1.39240506329115,3.01524467278699
4,23,812,12567,NA,11,336,NA,1.37328339575531,2.74711797890606,NA,1.37328339575531,2.74711797890606,10872.6153846154,11240.9348808364,147.289124668436,300.545406219544,1.37328339575531,2.74711797890605
5,24,820,12967,NA,8,400,NA,0.985221674876847,3.18293944457707,NA,0.985221674876847,3.18293944457707,10979.7347480106,11598.7270310977,107.119363395226,357.792150261363,0.985221674876854,3.18293944457707
6,25,827,13315,NA,7,348,NA,0.853658536585366,2.68373563661603,NA,0.853658536585366,2.68373563661603,11073.4641909814,11910.0062018251,93.7294429708218,311.279170727386,0.853658536585361,2.68373563661603
7,26,836,13584,NA,9,269,NA,1.08827085852479,2.02027788208787,NA,1.08827085852479,2.02027788208787,11193.9734748011,12150.6214228759,120.509283819629,240.615221050766,1.08827085852479,2.02027788208787
8,27,845,13837,NA,9,253,NA,1.07655502392344,1.86248527679623,NA,1.07655502392344,1.86248527679623,11314.4827586207,12376.9249579162,120.509283819629,226.303535040312,1.07655502392345,1.86248527679623
9,28,860,14064,NA,15,227,NA,1.77514792899408,1.64052901640529,NA,1.77514792899408,1.64052901640529,11515.3315649867,12579.9720031895,200.848806366048,203.047045273324,1.77514792899408,1.6405290164053
10,29,869,14386,NA,9,322,NA,1.04651162790698,2.28953356086462,NA,1.04651162790698,2.28953356086462,11635.8408488064,12867.9946841499,120.509283819631,288.022680960396,1.04651162790699,2.28953356086461
11,30,884,14684,NA,15,298,NA,1.72612197928654,2.07145836229668,NA,1.72612197928654,2.07145836229668,11836.6896551724,13134.5498360946,200.848806366048,266.555151944714,1.72612197928654,2.07145836229667
12,31,893,14981,NA,9,297,NA,1.01809954751131,2.02260964314901,NA,1.01809954751131,2.02260964314901,11957.198938992,13400.2105076637,120.509283819629,265.660671569061,1.01809954751131,2.022609643149
13,32,900,15241,NA,7,260,NA,0.783874580067189,1.73553167345304,NA,0.783874580067189,1.73553167345304,12050.9283819629,13632.7754053336,93.7294429708218,232.564897669885,0.783874580067185,1.73553167345303
14,33,908,15433,NA,8,192,NA,0.888888888888889,1.25975985827702,NA,0.888888888888889,1.25975985827702,12158.0477453581,13804.515637459,107.119363395226,171.740232125454,0.888888888888894,1.25975985827702
15,34,918,15665,NA,10,232,NA,1.10132158590308,1.503272208903,NA,1.10132158590308,1.503272208903,12291.9469496021,14012.0350846106,133.899204244031,207.519447151592,1.10132158590308,1.50327220890301
16,35,928,15952,NA,10,287,NA,1.08932461873638,1.83210979891478,NA,1.08932461873638,1.83210979891478,12425.8461538462,14268.7509524231,133.899204244033,256.715867812527,1.08932461873639,1.83210979891477
17,36,937,16177,NA,9,225,NA,0.969827586206897,1.410481444333,NA,0.969827586206897,1.410481444333,12546.3554376658,14470.0090369452,120.509283819629,201.258084522016,0.969827586206897,1.410481444333
18,37,952,16435,NA,15,258,NA,1.6008537886873,1.59485689559251,NA,1.6008537886873,1.59485689559251,12747.2042440318,14700.7849738637,200.848806366048,230.775936918579,1.6008537886873,1.59485689559251
19,38,962,16635,NA,10,200,NA,1.05042016806723,1.21691512017037,NA,1.05042016806723,1.21691512017037,12881.1034482759,14879.6810489944,133.899204244031,178.896075130682,1.05042016806722,1.21691512017037
20,39,970,16833,NA,8,198,NA,0.831600831600832,1.190261496844,NA,0.831600831600832,1.190261496844,12988.2228116711,15056.7881633738,107.119363395226,177.107114379374,0.831600831600837,1.190261496844
21,40,983,16981,NA,13,148,NA,1.34020618556701,0.879225331194677,NA,1.34020618556701,0.879225331194677,13162.2917771883,15189.1712589705,174.068965517241,132.383095596702,1.34020618556701,0.879225331194665
22,41,993,17159,NA,10,178,NA,1.01729399796541,1.04823037512514,NA,1.01729399796541,1.04823037512514,13296.1909814324,15348.3887658368,133.899204244033,159.217506866305,1.01729399796542,1.04823037512513
23,42,1002,17337,NA,9,178,NA,0.906344410876133,1.0373564893059,NA,0.906344410876133,1.0373564893059,13416.700265252,15507.6062727031,120.509283819629,159.217506866305,0.906344410876133,1.0373564893059
24,43,1010,17496,NA,8,159,NA,0.798403193612774,0.917113687489185,NA,0.798403193612774,0.917113687489185,13523.8196286472,15649.828652432,107.119363395226,142.222379728892,0.798403193612779,0.917113687489185
25,44,1020,17664,NA,10,168,NA,0.99009900990099,0.960219478737997,NA,0.99009900990099,0.960219478737997,13657.7188328913,15800.1013555418,133.899204244031,150.272703109771,0.990099009900986,0.96021947873799
26,45,1028,17826,NA,8,162,NA,0.784313725490196,0.917119565217391,NA,0.784313725490196,0.917119565217391,13764.8381962865,15945.0071763976,107.119363395224,144.905820855851,0.784313725490188,0.917119565217385
27,46,1033,17944,NA,5,118,NA,0.486381322957198,0.661954448558286,NA,0.486381322957198,0.661954448558286,13831.7877984085,16050.5558607247,66.9496021220166,105.548684327101,0.486381322957203,0.66195444855828
28,47,1037,18048,NA,4,104,NA,0.387221684414327,0.57958091841284,NA,0.387221684414327,0.57958091841284,13885.3474801061,16143.5818197927,53.5596816976122,93.0259590679543,0.387221684414323,0.579580918412841
29,48,1043,18139,NA,6,91,NA,0.578592092574735,0.504210992907801,NA,0.578592092574735,0.504210992907801,13965.6870026525,16224.9795339771,80.3395225464192,81.3977141844607,0.578592092574735,0.504210992907806
30,49,1047,18262,NA,4,123,NA,0.383509108341323,0.678096918242461,NA,0.383509108341323,0.678096918242461,14019.2466843501,16335.0006201825,53.559681697614,110.021086205368,0.383509108341332,0.678096918242456
31,50,1049,18382,NA,2,120,NA,0.191021967526266,0.657102179388895,NA,0.191021967526266,0.657102179388895,14046.0265251989,16442.3382652609,26.779840848807,107.337645078411,0.19102196752627,0.657102179388908
32,51,1052,18495,NA,3,113,NA,0.285986653956149,0.614731802850615,NA,0.285986653956149,0.614731802850615,14086.1962864722,16543.4145477097,40.1697612732078,101.076282448834,0.285986653956136,0.614731802850608
33,52,1056,18587,NA,4,92,NA,0.380228136882129,0.497431738307651,NA,0.380228136882129,0.497431738307651,14139.7559681698,16625.7067422699,53.5596816976122,82.292194560112,0.380228136882125,0.497431738307642
34,53,1058,18655,NA,2,68,NA,0.189393939393939,0.36584709743369,NA,0.189393939393939,0.36584709743369,14166.5358090186,16686.5314078143,26.779840848807,60.8246655444309,0.189393939393944,0.365847097433686
35,54,1061,18719,NA,3,64,NA,0.283553875236295,0.343071562583758,NA,0.283553875236295,0.343071562583758,14206.7055702918,16743.7781518561,40.1697612732078,57.2467440418186,0.283553875236282,0.343071562583761
36,55,1064,18838,NA,3,119,NA,0.282752120640905,0.635717719963673,NA,0.282752120640905,0.635717719963673,14246.875331565,16850.2213165589,40.1697612732096,106.443164702756,0.282752120640905,0.635717719963677
37,56,1066,18914,NA,2,76,NA,0.18796992481203,0.403439855610999,NA,0.18796992481203,0.403439855610999,14273.6551724138,16918.2018251085,26.7798408488052,67.9805085496591,0.187969924812022,0.403439855611001
38,57,1068,18998,NA,2,84,NA,0.187617260787992,0.444115470022206,NA,0.187617260787992,0.444115470022206,14300.4350132626,16993.3381766634,26.779840848807,75.1363515548874,0.187617260787997,0.444115470022213
39,58,1070,19065,NA,2,67,NA,0.187265917602996,0.352668701968628,NA,0.187265917602996,0.352668701968628,14327.2148541114,17053.2683618322,26.7798408488052,59.9301851687815,0.187265917602988,0.352668701968647
40,59,1071,19140,NA,1,75,NA,0.0934579439252337,0.3933910306845,NA,0.0934579439252337,0.3933910306845,14340.6047745358,17120.3543900062,13.3899204244026,67.0860281740061,0.0934579439252295,0.393391030684504
41,60,1072,19197,NA,1,57,NA,0.0933706816059757,0.297805642633229,NA,0.0933706816059757,0.297805642633229,14353.9946949602,17171.3397714184,13.3899204244026,50.9853814122434,0.0933706816059716,0.297805642633225
42,61,1073,19236,NA,1,39,NA,0.0932835820895522,0.203156743241131,NA,0.0932835820895522,0.203156743241131,14367.3846153846,17206.2245060689,13.3899204244026,34.8847346504845,0.0932835820895481,0.203156743241141
43,62,1074,19305,NA,1,69,NA,0.0931966449207828,0.358702432938241,NA,0.0931966449207828,0.358702432938241,14380.774535809,17267.943651989,13.3899204244026,61.7191459200876,0.0931966449207787,0.358702432938256
44,63,1075,19362,NA,1,57,NA,0.0931098696461825,0.295260295260295,NA,0.0931098696461825,0.295260295260295,14394.1644562334,17318.9290334013,13.3899204244044,50.9853814122471,0.093109869646191,0.295260295260312
45,64,1076,19416,NA,1,54,NA,0.0930232558139535,0.278896808180973,NA,0.0930232558139535,0.278896808180973,14407.5543766578,17367.2309736865,13.3899204244026,48.3019402852842,0.0930232558139494,0.278896808180975
46,65,1077,19472,NA,1,56,NA,0.0929368029739777,0.288421920065925,NA,0.0929368029739777,0.288421920065925,14420.9442970822,17417.3218747231,13.3899204244026,50.0909010365904,0.0929368029739736,0.288421920065923
47,66,1078,19529,NA,1,57,NA,0.0928505106778087,0.292728019720624,NA,0.0928505106778087,0.292728019720624,14434.3342175066,17468.3072561354,13.3899204244026,50.9853814122434,0.0928505106778046,0.29272801972062
48,67,1080,19574,NA,2,45,NA,0.185528756957328,0.230426545138,NA,0.185528756957328,0.230426545138,14461.1140583554,17508.5588730398,26.7798408488052,40.2516169044029,0.18552875695732,0.230426545137998
49,68,1081,NA,NA,1,NA,NA,0.0925925925925926,NA,NA,0.0925925925925926,NA,14474.5039787798,NA,13.3899204244044,NA,0.0925925925926011,NA
50,69,1081,NA,NA,0,NA,NA,0,NA,NA,0,NA,14474.5039787798,NA,0,NA,0,NA
51,70,1082,NA,NA,1,NA,NA,0.0925069380203515,NA,NA,0.0925069380203515,NA,14487.8938992042,NA,13.3899204244026,NA,0.0925069380203474,NA
52,71,1083,NA,NA,1,NA,NA,0.0924214417744917,NA,NA,0.0924214417744917,NA,14501.2838196286,NA,13.3899204244026,NA,0.0924214417744876,NA
53,72,1084,NA,NA,1,NA,NA,0.0923361034164358,NA,NA,0.0923361034164358,NA,14514.673740053,NA,13.3899204244026,NA,0.0923361034164317,NA
54,73,1085,NA,NA,1,NA,NA,0.0922509225092251,NA,NA,0.0922509225092251,NA,14528.0636604775,NA,13.3899204244026,NA,0.092250922509221,NA
55,74,1085,NA,NA,0,NA,NA,0,NA,NA,0,NA,14528.0636604775,NA,0,NA,0,NA
56,75,1085,NA,NA,0,NA,NA,0,NA,NA,0,NA,14528.0636604775,NA,0,NA,0,NA
57,76,1086,NA,NA,1,NA,NA,0.0921658986175115,NA,NA,0.0921658986175115,NA,14541.4535809019,NA,13.3899204244026,NA,0.0921658986175074,NA
58,77,1087,NA,NA,1,NA,NA,0.0920810313075506,NA,NA,0.0920810313075506,NA,14554.8435013263,NA,13.3899204244044,NA,0.0920810313075591,NA
59,78,1089,NA,NA,2,NA,NA,0.183992640294388,NA,NA,0.183992640294388,NA,14581.6233421751,NA,26.7798408488052,NA,0.18399264029438,NA
60,79,1092,NA,NA,3,NA,NA,0.275482093663912,NA,NA,0.275482093663912,NA,14621.7931034483,NA,40.1697612732078,NA,0.2754820936639,NA
61,80,1096,NA,NA,4,NA,NA,0.366300366300366,NA,NA,0.366300366300366,NA,14675.3527851459,NA,53.5596816976122,NA,0.366300366300363,NA
62,81,1098,NA,NA,2,NA,NA,0.182481751824818,NA,NA,0.182481751824818,NA,14702.1326259947,NA,26.779840848807,NA,0.182481751824822,NA
63,82,1101,NA,NA,3,NA,NA,0.273224043715847,NA,NA,0.273224043715847,NA,14742.3023872679,NA,40.1697612732078,NA,0.273224043715835,NA
64,83,1104,NA,NA,3,NA,NA,0.272479564032698,NA,NA,0.272479564032698,NA,14782.4721485411,NA,40.1697612732078,NA,0.272479564032686,NA
65,84,1106,NA,NA,2,NA,NA,0.181159420289855,NA,NA,0.181159420289855,NA,14809.2519893899,NA,26.7798408488052,NA,0.181159420289847,NA
66,85,1108,NA,NA,2,NA,NA,0.180831826401447,NA,NA,0.180831826401447,NA,14836.0318302387,NA,26.779840848807,NA,0.180831826401451,NA
67,86,1110,NA,NA,2,NA,NA,0.180505415162455,NA,NA,0.180505415162455,NA,14862.8116710875,NA,26.779840848807,NA,0.180505415162459,NA
68,87,1111,NA,NA,1,NA,NA,0.0900900900900901,NA,NA,0.0900900900900901,NA,14876.2015915119,NA,13.3899204244026,NA,0.0900900900900861,NA
69,88,1113,NA,NA,2,NA,NA,0.18001800180018,NA,NA,0.18001800180018,NA,14902.9814323607,NA,26.779840848807,NA,0.180018001800184,NA
70,89,1116,NA,NA,3,NA,NA,0.269541778975741,NA,NA,0.269541778975741,NA,14943.1511936339,NA,40.1697612732078,NA,0.269541778975729,NA
71,90,1117,NA,NA,1,NA,NA,0.0896057347670251,NA,NA,0.0896057347670251,NA,14956.5411140583,NA,13.3899204244026,NA,0.0896057347670212,NA
72,91,1119,NA,NA,2,NA,NA,0.17905102954342,NA,NA,0.17905102954342,NA,14983.3209549072,NA,26.7798408488052,NA,0.179051029543412,NA
73,92,1121,NA,NA,2,NA,NA,0.178731009830206,NA,NA,0.178731009830206,NA,15010.100795756,NA,26.779840848807,NA,0.17873100983021,NA
74,93,1124,NA,NA,3,NA,NA,0.267618198037467,NA,NA,0.267618198037467,NA,15050.2705570292,NA,40.1697612732096,NA,0.267618198037467,NA
75,94,1125,NA,NA,1,NA,NA,0.0889679715302491,NA,NA,0.0889679715302491,NA,15063.6604774536,NA,13.3899204244026,NA,0.0889679715302452,NA
