"daysFromToday","Day","Korea","Italy","X","dif.Korea","dif.Italy","dif.X","growth.Korea","growth.Italy","growth.X","prj.grKO.X","prj.grIT.X","grKO.prj.tot.X","grIT.prj.tot.X","dif.grKO.prj.tot.X","dif.grIT.prj.tot.X","growth.grKO.prj.tot.X","growth.grIT.prj.tot.X"
-18,NA,NA,0,NA,NA,NA,NA,NA,NA,NA,NA,NA,NA,NA,NA,NA,NA,NA
-17,NA,NA,0,NA,NA,0,NA,NA,NA,NA,NA,NA,NA,NA,NA,NA,NA,NA
-16,NA,NA,0,NA,NA,0,NA,NA,NA,NA,NA,NA,NA,NA,NA,NA,NA,NA
-15,NA,NA,1,58,NA,1,NA,NA,Inf,NA,NA,NA,NA,NA,NA,NA,NA,NA
-14,NA,NA,1,66,NA,0,8,NA,0,13.7931034482759,NA,NA,NA,NA,NA,NA,NA,NA
-13,NA,NA,1,66,NA,0,0,NA,0,0,NA,NA,NA,NA,NA,NA,NA,NA
-12,0,0,2,70,NA,1,4,NA,100,6.06060606060606,NA,NA,NA,NA,NA,NA,NA,NA
-11,1,0,2,70,0,0,0,NA,0,0,NA,NA,NA,NA,NA,NA,NA,NA
-10,2,1,3,79,1,1,9,Inf,50,12.8571428571429,NA,NA,NA,NA,NA,NA,NA,NA
-9,3,1,4,79,0,1,0,0,33.3333333333333,0,NA,NA,NA,NA,NA,NA,NA,NA
-8,4,2,5,92,1,1,13,100,25,16.4556962025316,NA,NA,NA,NA,NA,NA,NA,NA
-7,5,2,6,101,0,1,9,0,20,9.78260869565217,NA,NA,NA,NA,NA,NA,NA,NA
-6,6,3,8,110,1,2,9,50,33.3333333333333,8.91089108910891,NA,NA,NA,NA,NA,NA,NA,NA
-5,7,4,9,130,1,1,20,33.3333333333333,12.5,18.1818181818182,NA,NA,NA,NA,NA,NA,NA,NA
-4,8,5,12,142,1,3,12,25,33.3333333333333,9.23076923076923,NA,NA,NA,NA,NA,NA,NA,NA
-3,9,7,15,160,2,3,18,40,25,12.6760563380282,NA,NA,NA,NA,NA,NA,NA,NA
-2,10,9,18,204,2,3,44,28.5714285714286,20,27.5,NA,NA,NA,NA,NA,NA,NA,NA
-1,11,10,20,221,1,2,17,11.1111111111111,11.1111111111111,8.33333333333333,NA,NA,NA,NA,NA,NA,NA,NA
0,12,12,25,280,2,5,59,20,25,26.6968325791855,NA,NA,280,280,59,59,NA,NA
1,13,13,30,NA,1,5,NA,8.33333333333333,20,NA,8.33333333333333,20,303.333333333333,336,23.3333333333333,56,8.33333333333333,20
2,14,14,35,NA,1,5,NA,7.69230769230769,16.6666666666667,NA,7.69230769230769,16.6666666666667,326.666666666667,392,23.3333333333333,55.9999999999999,7.69230769230769,16.6666666666667
3,15,15,42,NA,1,7,NA,7.14285714285714,20,NA,7.14285714285714,20,350,470.4,23.3333333333333,78.4,7.14285714285714,20
4,16,16,49,NA,1,7,NA,6.66666666666667,16.6666666666667,NA,6.66666666666667,16.6666666666667,373.333333333333,548.8,23.3333333333333,78.3999999999999,6.66666666666666,16.6666666666667
5,17,17,55,NA,1,6,NA,6.25,12.2448979591837,NA,6.25,12.2448979591837,396.666666666667,616,23.3333333333333,67.1999999999999,6.25,12.2448979591837
6,18,17,62,NA,0,7,NA,0,12.7272727272727,NA,0,12.7272727272727,396.666666666667,694.4,0,78.4,0,12.7272727272727
7,19,18,71,NA,1,9,NA,5.88235294117647,14.5161290322581,NA,5.88235294117647,14.5161290322581,420,795.2,23.3333333333333,100.8,5.88235294117647,14.5161290322581
8,20,18,81,NA,0,10,NA,0,14.0845070422535,NA,0,14.0845070422535,420,907.2,0,112,0,14.0845070422535
9,21,18,93,NA,0,12,NA,0,14.8148148148148,NA,0,14.8148148148148,420,1041.6,0,134.4,0,14.8148148148148
10,22,19,106,NA,1,13,NA,5.55555555555556,13.9784946236559,NA,5.55555555555556,13.9784946236559,443.333333333333,1187.2,23.3333333333333,145.6,5.55555555555555,13.9784946236559
11,23,19,117,NA,0,11,NA,0,10.377358490566,NA,0,10.377358490566,443.333333333333,1310.4,0,123.2,0,10.377358490566
12,24,19,127,NA,0,10,NA,0,8.54700854700855,NA,0,8.54700854700855,443.333333333333,1422.4,0,112,0,8.54700854700853
13,25,19,137,NA,0,10,NA,0,7.8740157480315,NA,0,7.8740157480315,443.333333333333,1534.4,0,112,0,7.8740157480315
14,26,19,147,NA,0,10,NA,0,7.2992700729927,NA,0,7.2992700729927,443.333333333333,1646.4,0,112,0,7.29927007299269
15,27,20,159,NA,1,12,NA,5.26315789473684,8.16326530612245,NA,5.26315789473684,8.16326530612245,466.666666666667,1780.8,23.3333333333333,134.4,5.26315789473684,8.16326530612246
16,28,20,171,NA,0,12,NA,0,7.54716981132075,NA,0,7.54716981132075,466.666666666667,1915.2,0,134.4,0,7.54716981132075
17,29,20,183,NA,0,12,NA,0,7.01754385964912,NA,0,7.01754385964912,466.666666666667,2049.6,0,134.4,0,7.01754385964912
18,30,21,193,NA,1,10,NA,5,5.46448087431694,NA,5,5.46448087431694,490,2161.6,23.3333333333334,112,5.00000000000001,5.46448087431694
19,31,21,201,NA,0,8,NA,0,4.14507772020725,NA,0,4.14507772020725,490,2251.2,0,89.5999999999999,0,4.14507772020725
20,32,21,209,NA,0,8,NA,0,3.98009950248756,NA,0,3.98009950248756,490,2340.8,0,89.5999999999999,0,3.98009950248756
21,33,21,219,NA,0,10,NA,0,4.78468899521531,NA,0,4.78468899521531,490,2452.8,0,112,0,4.78468899521531
22,34,21,228,NA,0,9,NA,0,4.10958904109589,NA,0,4.10958904109589,490,2553.6,0,100.8,0,4.10958904109588
23,35,22,237,NA,1,9,NA,4.76190476190476,3.94736842105263,NA,4.76190476190476,3.94736842105263,513.333333333333,2654.4,23.3333333333334,100.8,4.76190476190477,3.94736842105264
24,36,22,247,NA,0,10,NA,0,4.21940928270042,NA,0,4.21940928270042,513.333333333333,2766.4,0,112,0,4.21940928270041
25,37,22,255,NA,0,8,NA,0,3.23886639676113,NA,0,3.23886639676113,513.333333333333,2856,0,89.6000000000004,0,3.23886639676115
26,38,22,262,NA,0,7,NA,0,2.74509803921569,NA,0,2.74509803921569,513.333333333333,2934.4,0,78.3999999999996,0,2.74509803921567
27,39,23,268,NA,1,6,NA,4.54545454545455,2.29007633587786,NA,4.54545454545455,2.29007633587786,536.666666666667,3001.6,23.3333333333333,67.1999999999998,4.54545454545453,2.29007633587786
28,40,23,276,NA,0,8,NA,0,2.98507462686567,NA,0,2.98507462686567,536.666666666667,3091.2,0,89.6000000000004,0,2.98507462686569
29,41,23,284,NA,0,8,NA,0,2.89855072463768,NA,0,2.89855072463768,536.666666666667,3180.8,0,89.5999999999995,0,2.89855072463766
30,42,23,292,NA,0,8,NA,0,2.8169014084507,NA,0,2.8169014084507,536.666666666667,3270.4,0,89.5999999999999,0,2.8169014084507
31,43,23,301,NA,0,9,NA,0,3.08219178082192,NA,0,3.08219178082192,536.666666666667,3371.2,0,100.8,0,3.08219178082193
32,44,24,309,NA,1,8,NA,4.34782608695652,2.6578073089701,NA,4.34782608695652,2.6578073089701,560,3460.8,23.3333333333333,89.5999999999999,4.34782608695651,2.6578073089701
33,45,24,316,NA,0,7,NA,0,2.26537216828479,NA,0,2.26537216828479,560,3539.2,0,78.4000000000001,0,2.26537216828479
34,46,24,322,NA,0,6,NA,0,1.89873417721519,NA,0,1.89873417721519,560,3606.4,0,67.2000000000003,0,1.8987341772152
35,47,24,327,NA,0,5,NA,0,1.5527950310559,NA,0,1.5527950310559,560,3662.4,0,56,0,1.5527950310559
36,48,24,334,NA,0,7,NA,0,2.14067278287462,NA,0,2.14067278287462,560,3740.8,0,78.4000000000001,0,2.14067278287462
37,49,24,341,NA,0,7,NA,0,2.09580838323353,NA,0,2.09580838323353,560,3819.2,0,78.4000000000001,0,2.09580838323354
38,50,24,348,NA,0,7,NA,0,2.05278592375367,NA,0,2.05278592375367,560,3897.6,0,78.4000000000001,0,2.05278592375367
39,51,24,354,NA,0,6,NA,0,1.72413793103448,NA,0,1.72413793103448,560,3964.8,0,67.1999999999998,0,1.72413793103448
40,52,25,359,NA,1,5,NA,4.16666666666667,1.41242937853107,NA,4.16666666666667,1.41242937853107,583.333333333333,4020.8,23.3333333333334,56,4.16666666666668,1.41242937853107
41,53,25,364,NA,0,5,NA,0,1.39275766016713,NA,0,1.39275766016713,583.333333333333,4076.8,0,56,0,1.39275766016713
42,54,25,371,NA,0,7,NA,0,1.92307692307692,NA,0,1.92307692307692,583.333333333333,4155.2,0,78.3999999999996,0,1.92307692307691
43,55,25,376,NA,0,5,NA,0,1.34770889487871,NA,0,1.34770889487871,583.333333333333,4211.2,0,56,0,1.34770889487871
44,56,25,382,NA,0,6,NA,0,1.59574468085106,NA,0,1.59574468085106,583.333333333333,4278.4,0,67.1999999999998,0,1.59574468085106
45,57,25,NA,NA,0,NA,NA,0,NA,NA,0,NA,583.333333333333,NA,0,NA,0,NA
46,58,25,NA,NA,0,NA,NA,0,NA,NA,0,NA,583.333333333333,NA,0,NA,0,NA
47,59,25,NA,NA,0,NA,NA,0,NA,NA,0,NA,583.333333333333,NA,0,NA,0,NA
48,60,25,NA,NA,0,NA,NA,0,NA,NA,0,NA,583.333333333333,NA,0,NA,0,NA
49,61,25,NA,NA,0,NA,NA,0,NA,NA,0,NA,583.333333333333,NA,0,NA,0,NA
50,62,25,NA,NA,0,NA,NA,0,NA,NA,0,NA,583.333333333333,NA,0,NA,0,NA
51,63,25,NA,NA,0,NA,NA,0,NA,NA,0,NA,583.333333333333,NA,0,NA,0,NA
52,64,25,NA,NA,0,NA,NA,0,NA,NA,0,NA,583.333333333333,NA,0,NA,0,NA
