"daysFromToday","Day","Korea","Italy","X","dif.Korea","dif.Italy","dif.X","growth.Korea","growth.Italy","growth.X","prj.grKO.X","prj.grIT.X","grKO.prj.tot.X","grIT.prj.tot.X","dif.grKO.prj.tot.X","dif.grIT.prj.tot.X","growth.grKO.prj.tot.X","growth.grIT.prj.tot.X"
-70,NA,NA,NA,123,NA,NA,NA,NA,NA,NA,NA,NA,NA,NA,NA,NA,NA,NA
-69,NA,NA,NA,189,NA,NA,66,NA,NA,53.6585365853659,NA,NA,NA,NA,NA,NA,NA,NA
-68,NA,NA,NA,230,NA,NA,41,NA,NA,21.6931216931217,NA,NA,NA,NA,NA,NA,NA,NA
-67,NA,NA,NA,261,NA,NA,31,NA,NA,13.4782608695652,NA,NA,NA,NA,NA,NA,NA,NA
-66,NA,NA,NA,310,NA,NA,49,NA,NA,18.7739463601533,NA,NA,NA,NA,NA,NA,NA,NA
-65,NA,NA,NA,415,NA,NA,105,NA,NA,33.8709677419355,NA,NA,NA,NA,NA,NA,NA,NA
-64,NA,NA,NA,525,NA,NA,110,NA,NA,26.5060240963855,NA,NA,NA,NA,NA,NA,NA,NA
-63,NA,NA,NA,669,NA,NA,144,NA,NA,27.4285714285714,NA,NA,NA,NA,NA,NA,NA,NA
-62,NA,NA,NA,891,NA,NA,222,NA,NA,33.1838565022422,NA,NA,NA,NA,NA,NA,NA,NA
-61,NA,NA,5,1013,NA,NA,122,NA,NA,13.692480359147,NA,NA,NA,NA,NA,NA,NA,NA
-60,NA,NA,7,1077,NA,2,64,NA,40,6.31786771964462,NA,NA,NA,NA,NA,NA,NA,NA
-59,NA,NA,10,1101,NA,3,24,NA,42.8571428571429,2.22841225626741,NA,NA,NA,NA,NA,NA,NA,NA
-58,NA,NA,13,1170,NA,3,69,NA,30,6.26702997275204,NA,NA,NA,NA,NA,NA,NA,NA
-57,NA,NA,19,1210,NA,6,40,NA,46.1538461538462,3.41880341880342,NA,NA,NA,NA,NA,NA,NA,NA
-56,NA,NA,26,1232,NA,7,22,NA,36.8421052631579,1.81818181818182,NA,NA,NA,NA,NA,NA,NA,NA
-55,NA,NA,33,1353,NA,7,121,NA,26.9230769230769,9.82142857142857,NA,NA,NA,NA,NA,NA,NA,NA
-54,NA,NA,50,1396,NA,17,43,NA,51.5151515151515,3.17812269031781,NA,NA,NA,NA,NA,NA,NA,NA
-53,NA,NA,60,1407,NA,10,11,NA,20,0.787965616045845,NA,NA,NA,NA,NA,NA,NA,NA
-52,NA,NA,74,1426,NA,14,19,NA,23.3333333333333,1.35039090262971,NA,NA,NA,NA,NA,NA,NA,NA
-51,NA,NA,91,1453,NA,17,27,NA,22.972972972973,1.89340813464236,NA,NA,NA,NA,NA,NA,NA,NA
-50,NA,NA,114,1464,NA,23,11,NA,25.2747252747253,0.75705437026841,NA,NA,NA,NA,NA,NA,NA,NA
-49,NA,NA,137,1587,NA,23,123,NA,20.1754385964912,8.40163934426229,NA,NA,NA,NA,NA,NA,NA,NA
-48,NA,NA,174,1609,NA,37,22,NA,27.007299270073,1.38626339004411,NA,NA,NA,NA,NA,NA,NA,NA
-47,NA,NA,218,1655,NA,44,46,NA,25.2873563218391,2.85891858297079,NA,NA,NA,NA,NA,NA,NA,NA
-46,NA,NA,271,1668,NA,53,13,NA,24.3119266055046,0.785498489425982,NA,NA,NA,NA,NA,NA,NA,NA
-45,NA,NA,300,1672,NA,29,4,NA,10.7011070110701,0.239808153477218,NA,NA,NA,NA,NA,NA,NA,NA
-44,NA,NA,368,1736,NA,68,64,NA,22.6666666666667,3.82775119617225,NA,NA,NA,NA,NA,NA,NA,NA
-43,NA,NA,447,1766,NA,79,30,NA,21.4673913043478,1.72811059907834,NA,NA,NA,NA,NA,NA,NA,NA
-42,NA,NA,522,1802,NA,75,36,NA,16.7785234899329,2.03850509626274,NA,NA,NA,NA,NA,NA,NA,NA
-41,NA,NA,625,1836,NA,103,34,NA,19.7318007662835,1.88679245283019,NA,NA,NA,NA,NA,NA,NA,NA
-40,NA,NA,731,1870,NA,106,34,NA,16.96,1.85185185185185,NA,NA,NA,NA,NA,NA,NA,NA
-39,NA,NA,827,1887,NA,96,17,NA,13.1326949384405,0.909090909090909,NA,NA,NA,NA,NA,NA,NA,NA
-38,NA,NA,931,1897,NA,104,10,NA,12.5755743651753,0.529941706412295,NA,NA,NA,NA,NA,NA,NA,NA
-37,NA,NA,1056,1917,NA,125,20,NA,13.4264232008593,1.05429625724829,NA,NA,NA,NA,NA,NA,NA,NA
-36,NA,NA,1213,1952,NA,157,35,NA,14.8674242424242,1.82576943140323,NA,NA,NA,NA,NA,NA,NA,NA
-35,NA,NA,1390,1984,NA,177,32,NA,14.5919208573784,1.63934426229508,NA,NA,NA,NA,NA,NA,NA,NA
-34,NA,NA,1584,2015,NA,194,31,NA,13.9568345323741,1.5625,NA,NA,NA,NA,NA,NA,NA,NA
-33,NA,NA,1748,2035,NA,164,20,NA,10.3535353535354,0.992555831265509,NA,NA,NA,NA,NA,NA,NA,NA
-32,NA,NA,1889,2061,NA,141,26,NA,8.06636155606407,1.27764127764128,NA,NA,NA,NA,NA,NA,NA,NA
-31,NA,NA,2045,2061,NA,156,0,NA,8.25833774483854,0,NA,NA,NA,NA,NA,NA,NA,NA
-30,0,4,2199,2106,NA,154,45,NA,7.53056234718826,2.18340611353712,NA,NA,NA,NA,NA,NA,NA,NA
-29,1,7,2382,2127,3,183,21,75,8.32196452933151,0.997150997150997,NA,NA,NA,NA,NA,NA,NA,NA
-28,2,15,2557,2158,8,175,31,114.285714285714,7.34676742233417,1.45745181006112,NA,NA,NA,NA,NA,NA,NA,NA
-27,3,21,2733,2178,6,176,20,40,6.88306609307783,0.92678405931418,NA,NA,NA,NA,NA,NA,NA,NA
-26,4,29,2887,2205,8,154,27,38.0952380952381,5.63483351628247,1.2396694214876,NA,NA,NA,NA,NA,NA,NA,NA
-25,5,34,3007,2230,5,120,25,17.2413793103448,4.15656390717007,1.13378684807256,NA,NA,NA,NA,NA,NA,NA,NA
-24,6,44,3127,2230,10,120,0,29.4117647058824,3.99068839374792,0,NA,NA,NA,NA,NA,NA,NA,NA
-23,7,62,3268,2260,18,141,30,40.9090909090909,4.50911416693316,1.34529147982063,NA,NA,NA,NA,NA,NA,NA,NA
-22,8,81,3406,2293,19,138,33,30.6451612903226,4.22276621787026,1.46017699115044,NA,NA,NA,NA,NA,NA,NA,NA
-21,9,110,3542,2324,29,136,31,35.8024691358025,3.99295361127422,1.35194068905364,NA,NA,NA,NA,NA,NA,NA,NA
-20,10,130,3684,2351,20,142,27,18.1818181818182,4.00903444381705,1.1617900172117,NA,NA,NA,NA,NA,NA,NA,NA
-19,11,151,3811,2389,21,127,38,16.1538461538462,3.44733984799131,1.61633347511697,NA,NA,NA,NA,NA,NA,NA,NA
-18,12,181,3918,2419,30,107,30,19.8675496688742,2.807662030963,1.25575554625366,NA,NA,NA,NA,NA,NA,NA,NA
-17,13,196,4008,2419,15,90,0,8.28729281767956,2.29709035222052,0,NA,NA,NA,NA,NA,NA,NA,NA
-16,14,212,4121,2455,16,113,36,8.16326530612245,2.81936127744511,1.48821827201323,NA,NA,NA,NA,NA,NA,NA,NA
-15,15,230,4245,2476,18,124,21,8.49056603773585,3.00897840330017,0.855397148676171,NA,NA,NA,NA,NA,NA,NA,NA
-14,16,245,4362,2506,15,117,30,6.52173913043478,2.75618374558304,1.21163166397415,NA,NA,NA,NA,NA,NA,NA,NA
-13,17,255,4501,2534,10,139,28,4.08163265306122,3.18661164603393,1.11731843575419,NA,NA,NA,NA,NA,NA,NA,NA
-12,18,261,4622,2595,6,121,61,2.35294117647059,2.68829149077983,2.40726124704025,NA,NA,NA,NA,NA,NA,NA,NA
-11,19,262,4715,2626,1,93,31,0.383141762452107,2.0121159671138,1.19460500963391,NA,NA,NA,NA,NA,NA,NA,NA
-10,20,270,4803,2626,8,88,0,3.05343511450382,1.86638388123012,0,NA,NA,NA,NA,NA,NA,NA,NA
-9,21,274,4881,2626,4,78,0,1.48148148148148,1.62398500936914,0,NA,NA,NA,NA,NA,NA,NA,NA
-8,22,278,4993,2699,4,112,73,1.45985401459854,2.29461175988527,2.77989337395278,NA,NA,NA,NA,NA,NA,NA,NA
-7,23,282,5097,2731,4,104,32,1.43884892086331,2.08291608251552,1.18562430529826,NA,NA,NA,NA,NA,NA,NA,NA
-6,24,284,5200,2769,2,103,38,0.709219858156028,2.02079654698842,1.39143170999634,NA,NA,NA,NA,NA,NA,NA,NA
-5,25,287,5290,2803,3,90,34,1.05633802816901,1.73076923076923,1.22788010111954,NA,NA,NA,NA,NA,NA,NA,NA
-4,26,290,5357,2839,3,67,36,1.04529616724739,1.26654064272212,1.28433820906172,NA,NA,NA,NA,NA,NA,NA,NA
-3,27,293,5437,2839,3,80,0,1.03448275862069,1.49337315661751,0,NA,NA,NA,NA,NA,NA,NA,NA
-2,28,299,5537,2906,6,100,67,2.04778156996587,1.83924958616884,2.35998591053188,NA,NA,NA,NA,NA,NA,NA,NA
-1,29,302,5615,2933,3,78,27,1.00334448160535,1.40870507495033,0.929112181693049,NA,NA,NA,NA,NA,NA,NA,NA
0,30,307,5704,2990,5,89,57,1.65562913907285,1.58504007123776,1.94340265939311,NA,NA,2990,2990,57,57,NA,NA
1,31,310,5774,NA,3,70,NA,0.977198697068404,1.22720897615708,NA,0.977198697068404,1.22720897615708,3019.21824104235,3026.6935483871,29.2182410423452,36.6935483870971,0.977198697068401,1.22720897615709
2,32,312,5843,NA,2,69,NA,0.645161290322581,1.1950121233114,NA,0.645161290322581,1.1950121233114,3038.69706840391,3062.86290322581,19.4788273615632,36.1693548387093,0.645161290322569,1.19501212331138
3,33,315,5894,NA,3,51,NA,0.961538461538462,0.872839294882766,NA,0.961538461538462,0.872839294882766,3067.91530944625,3089.59677419355,29.2182410423452,26.7338709677424,0.961538461538459,0.872839294882781
4,34,318,5956,NA,3,62,NA,0.952380952380952,1.05191720393621,NA,0.952380952380952,1.05191720393621,3097.1335504886,3122.09677419355,29.2182410423452,32.5,0.95238095238095,1.05191720393621
5,35,322,6018,NA,4,62,NA,1.25786163522013,1.04096709200806,NA,1.25786163522013,1.04096709200806,3136.09120521173,3154.59677419355,38.9576547231272,32.4999999999995,1.25786163522013,1.04096709200804
6,36,325,6073,NA,3,55,NA,0.93167701863354,0.913924891990695,NA,0.93167701863354,0.913924891990695,3165.30944625407,3183.42741935484,29.2182410423457,28.8306451612902,0.931677018633553,0.913924891990692
7,37,330,6131,NA,5,58,NA,1.53846153846154,0.955046929030133,NA,1.53846153846154,0.955046929030133,3214.00651465798,3213.83064516129,48.6970684039088,30.4032258064512,1.53846153846154,0.955046929030122
8,38,334,6187,NA,4,56,NA,1.21212121212121,0.913390963953678,NA,1.21212121212121,0.913390963953678,3252.96416938111,3243.18548387097,38.9576547231272,29.3548387096776,1.21212121212122,0.913390963953682
9,39,337,6228,NA,3,41,NA,0.898203592814371,0.662679812510102,NA,0.898203592814371,0.662679812510102,3282.18241042345,3264.67741935484,29.2182410423447,21.4919354838707,0.898203592814355,0.662679812510095
10,40,341,6264,NA,4,36,NA,1.18694362017804,0.578034682080925,NA,1.18694362017804,0.578034682080925,3321.14006514658,3283.54838709677,38.9576547231268,18.8709677419356,1.18694362017803,0.578034682080929
11,41,345,6296,NA,4,32,NA,1.17302052785924,0.510855683269476,NA,1.17302052785924,0.510855683269476,3360.09771986971,3300.32258064516,38.9576547231268,16.7741935483868,1.17302052785923,0.510855683269469
12,42,348,6339,NA,3,43,NA,0.869565217391304,0.68297331639136,NA,0.869565217391304,0.68297331639136,3389.31596091205,3322.86290322581,29.2182410423452,22.5403225806449,0.869565217391302,0.682973316391352
13,43,351,6380,NA,3,41,NA,0.862068965517241,0.646789714466004,NA,0.862068965517241,0.646789714466004,3418.5342019544,3344.35483870968,29.2182410423452,21.4919354838712,0.862068965517239,0.646789714466011
14,44,354,6419,NA,3,39,NA,0.854700854700855,0.61128526645768,NA,0.854700854700855,0.61128526645768,3447.75244299674,3364.79838709677,29.2182410423452,20.4435483870971,0.854700854700853,0.611285266457689
15,45,357,6451,NA,3,32,NA,0.847457627118644,0.498520018694501,NA,0.847457627118644,0.498520018694501,3476.97068403909,3381.57258064516,29.2182410423452,16.7741935483873,0.847457627118642,0.498520018694507
16,46,358,6475,NA,1,24,NA,0.280112044817927,0.372035343357619,NA,0.280112044817927,0.372035343357619,3486.71009771987,3394.15322580645,9.73941368078158,12.5806451612902,0.280112044817922,0.372035343357617
17,47,360,6497,NA,2,22,NA,0.558659217877095,0.33976833976834,NA,0.558659217877095,0.33976833976834,3506.18892508143,3405.68548387097,19.4788273615636,11.5322580645161,0.558659217877098,0.339768339768339
18,48,362,6538,NA,2,41,NA,0.555555555555556,0.631060489456672,NA,0.555555555555556,0.631060489456672,3525.667752443,3427.17741935484,19.4788273615636,21.4919354838707,0.555555555555559,0.631060489456666
19,49,363,6565,NA,1,27,NA,0.276243093922652,0.412970327317222,NA,0.276243093922652,0.412970327317222,3535.40716612378,3441.33064516129,9.73941368078158,14.1532258064517,0.276243093922647,0.412970327317225
20,50,364,6594,NA,1,29,NA,0.275482093663912,0.441736481340442,NA,0.275482093663912,0.441736481340442,3545.14657980456,3456.53225806452,9.73941368078158,15.2016129032259,0.275482093663907,0.441736481340443
21,51,365,6617,NA,1,23,NA,0.274725274725275,0.348801941158629,NA,0.274725274725275,0.348801941158629,3554.88599348534,3468.58870967742,9.73941368078158,12.0564516129029,0.27472527472527,0.348801941158621
22,52,366,6643,NA,1,26,NA,0.273972602739726,0.392927308447937,NA,0.273972602739726,0.392927308447937,3564.62540716612,3482.21774193548,9.73941368078204,13.6290322580644,0.273972602739734,0.392927308447934
23,53,367,6663,NA,1,20,NA,0.273224043715847,0.301068794219479,NA,0.273224043715847,0.301068794219479,3574.3648208469,3492.70161290322,9.73941368078158,10.4838709677415,0.273224043715842,0.301068794219467
24,54,368,6676,NA,1,13,NA,0.272479564032698,0.195107309019961,NA,0.272479564032698,0.195107309019961,3584.10423452769,3499.51612903226,9.73941368078158,6.81451612903265,0.272479564032693,0.195107309019972
25,55,369,6701,NA,1,25,NA,0.271739130434783,0.374475733972439,NA,0.271739130434783,0.374475733972439,3593.84364820847,3512.62096774193,9.73941368078204,13.1048387096776,0.27173913043479,0.374475733972442
26,56,370,6720,NA,1,19,NA,0.2710027100271,0.283539770183555,NA,0.2710027100271,0.283539770183555,3603.58306188925,3522.58064516129,9.73941368078158,9.9596774193551,0.271002710027095,0.283539770183562
27,57,371,6739,NA,1,19,NA,0.27027027027027,0.282738095238095,NA,0.27027027027027,0.282738095238095,3613.32247557003,3532.54032258064,9.73941368078158,9.95967741935465,0.270270270270265,0.28273809523809
28,58,371,6758,NA,0,19,NA,0,0.281940940792402,NA,0,0.281940940792402,3613.32247557003,3542.5,0,9.9596774193551,0,0.28194094079241
29,59,372,6778,NA,1,20,NA,0.269541778975741,0.295945546019532,NA,0.269541778975741,0.295945546019532,3623.06188925081,3552.98387096774,9.73941368078158,10.483870967742,0.269541778975736,0.295945546019533
30,60,372,6794,NA,0,16,NA,0,0.236057834169371,NA,0,0.236057834169371,3623.06188925081,3561.37096774194,0,8.38709677419365,0,0.236057834169374
31,61,372,6803,NA,0,9,NA,0,0.132469826317339,NA,0,0.132469826317339,3623.06188925081,3566.08870967742,0,4.7177419354839,0,0.13246982631734
32,62,373,6814,NA,1,11,NA,0.268817204301075,0.161693370571807,NA,0.268817204301075,0.161693370571807,3632.80130293159,3571.85483870968,9.73941368078158,5.7661290322585,0.268817204301071,0.161693370571819
33,63,373,6832,NA,0,18,NA,0,0.264162019371881,NA,0,0.264162019371881,3632.80130293159,3581.29032258064,0,9.43548387096735,0,0.26416201937187
34,64,374,6849,NA,1,17,NA,0.268096514745308,0.248829039812646,NA,0.268096514745308,0.248829039812646,3642.54071661238,3590.20161290323,9.73941368078158,8.9112903225805,0.268096514745304,0.248829039812642
35,65,374,6865,NA,0,16,NA,0,0.23361074609432,NA,0,0.23361074609432,3642.54071661238,3598.58870967742,0,8.3870967741932,0,0.233610746094311
36,66,374,6877,NA,0,12,NA,0,0.174799708667152,NA,0,0.174799708667152,3642.54071661238,3604.87903225806,0,6.29032258064535,0,0.174799708667158
37,67,375,6887,NA,1,10,NA,0.267379679144385,0.14541224371092,NA,0.267379679144385,0.14541224371092,3652.28013029316,3610.12096774193,9.73941368078158,5.24193548387075,0.26737967914438,0.145412243710914
38,68,375,6893,NA,0,6,NA,0,0.0871206621170321,NA,0,0.0871206621170321,3652.28013029316,3613.26612903226,0,3.14516129032245,0,0.0871206621170284
39,69,375,6902,NA,0,9,NA,0,0.130567242129697,NA,0,0.130567242129697,3652.28013029316,3617.98387096774,0,4.7177419354839,0,0.130567242129698
40,70,376,6911,NA,1,9,NA,0.266666666666667,0.130396986380759,NA,0.266666666666667,0.130396986380759,3662.01954397394,3622.70161290322,9.73941368078158,4.7177419354839,0.266666666666662,0.13039698638076
41,71,376,6917,NA,0,6,NA,0,0.0868181160468818,NA,0,0.0868181160468818,3662.01954397394,3625.84677419355,0,3.14516129032199,0,0.0868181160468656
42,72,376,NA,NA,0,NA,NA,0,NA,NA,0,NA,3662.01954397394,NA,0,NA,0,NA
43,73,376,NA,NA,0,NA,NA,0,NA,NA,0,NA,3662.01954397394,NA,0,NA,0,NA
44,74,377,NA,NA,1,NA,NA,0.265957446808511,NA,NA,0.265957446808511,NA,3671.75895765472,NA,9.73941368078158,NA,0.265957446808506,NA
45,75,377,NA,NA,0,NA,NA,0,NA,NA,0,NA,3671.75895765472,NA,0,NA,0,NA
46,76,377,NA,NA,0,NA,NA,0,NA,NA,0,NA,3671.75895765472,NA,0,NA,0,NA
47,77,377,NA,NA,0,NA,NA,0,NA,NA,0,NA,3671.75895765472,NA,0,NA,0,NA
48,78,378,NA,NA,1,NA,NA,0.26525198938992,NA,NA,0.26525198938992,NA,3681.4983713355,NA,9.73941368078158,NA,0.265251989389916,NA
49,79,379,NA,NA,1,NA,NA,0.264550264550265,NA,NA,0.264550264550265,NA,3691.23778501628,NA,9.73941368078158,NA,0.26455026455026,NA
50,80,380,NA,NA,1,NA,NA,0.263852242744063,NA,NA,0.263852242744063,NA,3700.97719869706,NA,9.73941368078158,NA,0.263852242744059,NA
51,81,381,NA,NA,1,NA,NA,0.263157894736842,NA,NA,0.263157894736842,NA,3710.71661237785,NA,9.73941368078158,NA,0.263157894736838,NA
52,82,382,NA,NA,1,NA,NA,0.26246719160105,NA,NA,0.26246719160105,NA,3720.45602605863,NA,9.73941368078204,NA,0.262467191601058,NA
53,83,383,NA,NA,1,NA,NA,0.261780104712042,NA,NA,0.261780104712042,NA,3730.19543973941,NA,9.73941368078204,NA,0.26178010471205,NA
54,84,384,NA,NA,1,NA,NA,0.261096605744125,NA,NA,0.261096605744125,NA,3739.93485342019,NA,9.73941368078158,NA,0.261096605744121,NA
55,85,385,NA,NA,1,NA,NA,0.260416666666667,NA,NA,0.260416666666667,NA,3749.67426710097,NA,9.73941368078204,NA,0.260416666666674,NA
56,86,385,NA,NA,0,NA,NA,0,NA,NA,0,NA,3749.67426710097,NA,0,NA,0,NA
57,87,386,NA,NA,1,NA,NA,0.25974025974026,NA,NA,0.25974025974026,NA,3759.41368078176,NA,9.73941368078113,NA,0.259740259740243,NA
58,88,386,NA,NA,0,NA,NA,0,NA,NA,0,NA,3759.41368078176,NA,0,NA,0,NA
59,89,387,NA,NA,1,NA,NA,0.259067357512953,NA,NA,0.259067357512953,NA,3769.15309446254,NA,9.73941368078158,NA,0.259067357512949,NA
60,90,388,NA,NA,1,NA,NA,0.258397932816538,NA,NA,0.258397932816538,NA,3778.89250814332,NA,9.73941368078204,NA,0.258397932816545,NA
61,91,388,NA,NA,0,NA,NA,0,NA,NA,0,NA,3778.89250814332,NA,0,NA,0,NA
62,92,389,NA,NA,1,NA,NA,0.257731958762887,NA,NA,0.257731958762887,NA,3788.6319218241,NA,9.73941368078158,NA,0.257731958762882,NA
63,93,390,NA,NA,1,NA,NA,0.25706940874036,NA,NA,0.25706940874036,NA,3798.37133550488,NA,9.73941368078158,NA,0.257069408740355,NA
64,94,391,NA,NA,1,NA,NA,0.256410256410256,NA,NA,0.256410256410256,NA,3808.11074918566,NA,9.73941368078158,NA,0.256410256410252,NA
65,95,391,NA,NA,0,NA,NA,0,NA,NA,0,NA,3808.11074918566,NA,0,NA,0,NA
66,96,393,NA,NA,2,NA,NA,0.51150895140665,NA,NA,0.51150895140665,NA,3827.58957654723,NA,19.4788273615636,NA,0.511508951406653,NA
67,97,395,NA,NA,2,NA,NA,0.508905852417303,NA,NA,0.508905852417303,NA,3847.06840390879,NA,19.4788273615632,NA,0.508905852417294,NA
68,98,397,NA,NA,2,NA,NA,0.506329113924051,NA,NA,0.506329113924051,NA,3866.54723127035,NA,19.4788273615636,NA,0.506329113924054,NA
69,99,399,NA,NA,2,NA,NA,0.503778337531486,NA,NA,0.503778337531486,NA,3886.02605863192,NA,19.4788273615632,NA,0.503778337531477,NA
70,100,400,NA,NA,1,NA,NA,0.25062656641604,NA,NA,0.25062656641604,NA,3895.7654723127,NA,9.73941368078158,NA,0.250626566416036,NA
71,101,401,NA,NA,1,NA,NA,0.25,NA,NA,0.25,NA,3905.50488599348,NA,9.73941368078158,NA,0.249999999999996,NA
72,102,402,NA,NA,1,NA,NA,0.249376558603491,NA,NA,0.249376558603491,NA,3915.24429967426,NA,9.73941368078158,NA,0.249376558603487,NA
73,103,404,NA,NA,2,NA,NA,0.497512437810945,NA,NA,0.497512437810945,NA,3934.72312703583,NA,19.4788273615636,NA,0.497512437810948,NA
74,104,405,NA,NA,1,NA,NA,0.247524752475248,NA,NA,0.247524752475248,NA,3944.46254071661,NA,9.73941368078158,NA,0.247524752475243,NA
75,105,407,NA,NA,2,NA,NA,0.493827160493827,NA,NA,0.493827160493827,NA,3963.94136807817,NA,19.4788273615632,NA,0.493827160493819,NA
