"daysFromToday","Day","Korea","Italy","X","dif.Korea","dif.Italy","dif.X","growth.Korea","growth.Italy","growth.X","prj.grKO.X","prj.grIT.X","grKO.prj.tot.X","grIT.prj.tot.X","dif.grKO.prj.tot.X","dif.grIT.prj.tot.X","growth.grKO.prj.tot.X","growth.grIT.prj.tot.X"
-67,NA,NA,NA,102,NA,NA,NA,NA,NA,NA,NA,NA,NA,NA,NA,NA,NA,NA
-66,NA,NA,NA,114,NA,NA,12,NA,NA,11.7647058823529,NA,NA,NA,NA,NA,NA,NA,NA
-65,NA,NA,NA,119,NA,NA,5,NA,NA,4.3859649122807,NA,NA,NA,NA,NA,NA,NA,NA
-64,NA,NA,NA,133,NA,NA,14,NA,NA,11.7647058823529,NA,NA,NA,NA,NA,NA,NA,NA
-63,NA,NA,NA,143,NA,NA,10,NA,NA,7.5187969924812,NA,NA,NA,NA,NA,NA,NA,NA
-62,NA,NA,NA,157,NA,NA,14,NA,NA,9.79020979020979,NA,NA,NA,NA,NA,NA,NA,NA
-61,NA,NA,NA,171,NA,NA,14,NA,NA,8.9171974522293,NA,NA,NA,NA,NA,NA,NA,NA
-60,NA,NA,NA,185,NA,NA,14,NA,NA,8.18713450292398,NA,NA,NA,NA,NA,NA,NA,NA
-59,NA,NA,NA,191,NA,NA,6,NA,NA,3.24324324324324,NA,NA,NA,NA,NA,NA,NA,NA
-58,NA,NA,NA,213,NA,NA,22,NA,NA,11.5183246073298,NA,NA,NA,NA,NA,NA,NA,NA
-57,NA,NA,NA,226,NA,NA,13,NA,NA,6.10328638497653,NA,NA,NA,NA,NA,NA,NA,NA
-56,NA,NA,NA,235,NA,NA,9,NA,NA,3.98230088495575,NA,NA,NA,NA,NA,NA,NA,NA
-55,NA,NA,NA,246,NA,NA,11,NA,NA,4.68085106382979,NA,NA,NA,NA,NA,NA,NA,NA
-54,NA,NA,NA,257,NA,NA,11,NA,NA,4.47154471544715,NA,NA,NA,NA,NA,NA,NA,NA
-53,NA,NA,NA,272,NA,NA,15,NA,NA,5.83657587548638,NA,NA,NA,NA,NA,NA,NA,NA
-52,NA,NA,NA,277,NA,NA,5,NA,NA,1.83823529411765,NA,NA,NA,NA,NA,NA,NA,NA
-51,NA,NA,NA,285,NA,NA,8,NA,NA,2.88808664259928,NA,NA,NA,NA,NA,NA,NA,NA
-50,NA,NA,NA,293,NA,NA,8,NA,NA,2.80701754385965,NA,NA,NA,NA,NA,NA,NA,NA
-49,NA,NA,NA,300,NA,NA,7,NA,NA,2.38907849829352,NA,NA,NA,NA,NA,NA,NA,NA
-48,NA,NA,NA,309,NA,NA,9,NA,NA,3,NA,NA,NA,NA,NA,NA,NA,NA
-47,NA,NA,NA,314,NA,NA,5,NA,NA,1.61812297734628,NA,NA,NA,NA,NA,NA,NA,NA
-46,NA,NA,NA,319,NA,NA,5,NA,NA,1.59235668789809,NA,NA,NA,NA,NA,NA,NA,NA
-45,NA,NA,NA,321,NA,NA,2,NA,NA,0.626959247648903,NA,NA,NA,NA,NA,NA,NA,NA
-44,NA,NA,NA,329,NA,NA,8,NA,NA,2.49221183800623,NA,NA,NA,NA,NA,NA,NA,NA
-43,NA,NA,2,335,NA,NA,6,NA,NA,1.82370820668693,NA,NA,NA,NA,NA,NA,NA,NA
-42,NA,NA,3,337,NA,1,2,NA,50,0.597014925373134,NA,NA,NA,NA,NA,NA,NA,NA
-41,NA,NA,4,339,NA,1,2,NA,33.3333333333333,0.593471810089021,NA,NA,NA,NA,NA,NA,NA,NA
-40,NA,NA,5,339,NA,1,0,NA,25,0,NA,NA,NA,NA,NA,NA,NA,NA
-39,NA,NA,8,341,NA,3,2,NA,60,0.589970501474926,NA,NA,NA,NA,NA,NA,NA,NA
-38,NA,NA,11,345,NA,3,4,NA,37.5,1.17302052785924,NA,NA,NA,NA,NA,NA,NA,NA
-37,NA,NA,14,351,NA,3,6,NA,27.2727272727273,1.73913043478261,NA,NA,NA,NA,NA,NA,NA,NA
-36,NA,NA,20,355,NA,6,4,NA,42.8571428571429,1.13960113960114,NA,NA,NA,NA,NA,NA,NA,NA
-35,NA,NA,25,355,NA,5,0,NA,25,0,NA,NA,NA,NA,NA,NA,NA,NA
-34,NA,NA,30,364,NA,5,9,NA,20,2.53521126760563,NA,NA,NA,NA,NA,NA,NA,NA
-33,NA,NA,37,365,NA,7,1,NA,23.3333333333333,0.274725274725275,NA,NA,NA,NA,NA,NA,NA,NA
-32,NA,NA,47,368,NA,10,3,NA,27.027027027027,0.821917808219178,NA,NA,NA,NA,NA,NA,NA,NA
-31,NA,NA,56,370,NA,9,2,NA,19.1489361702128,0.543478260869565,NA,NA,NA,NA,NA,NA,NA,NA
-30,NA,NA,71,371,NA,15,1,NA,26.7857142857143,0.27027027027027,NA,NA,NA,NA,NA,NA,NA,NA
-29,NA,NA,89,372,NA,18,1,NA,25.3521126760563,0.269541778975741,NA,NA,NA,NA,NA,NA,NA,NA
-28,NA,NA,111,374,NA,22,2,NA,24.7191011235955,0.537634408602151,NA,NA,NA,NA,NA,NA,NA,NA
-27,NA,NA,123,377,NA,12,3,NA,10.8108108108108,0.802139037433155,NA,NA,NA,NA,NA,NA,NA,NA
-26,NA,NA,151,378,NA,28,1,NA,22.7642276422764,0.26525198938992,NA,NA,NA,NA,NA,NA,NA,NA
-25,NA,NA,183,379,NA,32,1,NA,21.1920529801325,0.264550264550265,NA,NA,NA,NA,NA,NA,NA,NA
-24,NA,NA,214,381,NA,31,2,NA,16.9398907103825,0.527704485488127,NA,NA,NA,NA,NA,NA,NA,NA
-23,NA,NA,256,383,NA,42,2,NA,19.6261682242991,0.5249343832021,NA,NA,NA,NA,NA,NA,NA,NA
-22,NA,NA,299,383,NA,43,0,NA,16.796875,0,NA,NA,NA,NA,NA,NA,NA,NA
-21,NA,NA,339,387,NA,40,4,NA,13.3779264214047,1.0443864229765,NA,NA,NA,NA,NA,NA,NA,NA
-20,NA,NA,381,388,NA,42,1,NA,12.3893805309735,0.258397932816538,NA,NA,NA,NA,NA,NA,NA,NA
-19,0,1,432,392,NA,51,4,NA,13.3858267716535,1.03092783505155,NA,NA,NA,NA,NA,NA,NA,NA
-18,1,3,496,396,2,64,4,200,14.8148148148148,1.02040816326531,NA,NA,NA,NA,NA,NA,NA,NA
-17,2,6,569,399,3,73,3,100,14.7177419354839,0.757575757575758,NA,NA,NA,NA,NA,NA,NA,NA
-16,3,9,648,399,3,79,0,50,13.884007029877,0,NA,NA,NA,NA,NA,NA,NA,NA
-15,4,12,716,402,3,68,3,33.3333333333333,10.4938271604938,0.75187969924812,NA,NA,NA,NA,NA,NA,NA,NA
-14,5,14,773,402,2,57,0,16.6666666666667,7.9608938547486,0,NA,NA,NA,NA,NA,NA,NA,NA
-13,6,18,837,404,4,64,2,28.5714285714286,8.27943078913325,0.497512437810945,NA,NA,NA,NA,NA,NA,NA,NA
-12,7,25,900,408,7,63,4,38.8888888888889,7.52688172043011,0.99009900990099,NA,NA,NA,NA,NA,NA,NA,NA
-11,8,33,975,408,8,75,0,32,8.33333333333333,0,NA,NA,NA,NA,NA,NA,NA,NA
-10,9,45,1047,409,12,72,1,36.3636363636364,7.38461538461539,0.245098039215686,NA,NA,NA,NA,NA,NA,NA,NA
-9,10,53,1119,411,8,72,2,17.7777777777778,6.87679083094556,0.488997555012225,NA,NA,NA,NA,NA,NA,NA,NA
-8,11,62,1182,412,9,63,1,16.9811320754717,5.63002680965147,0.24330900243309,NA,NA,NA,NA,NA,NA,NA,NA
-7,12,74,1231,425,12,49,13,19.3548387096774,4.14551607445008,3.15533980582524,NA,NA,NA,NA,NA,NA,NA,NA
-6,13,80,1280,430,6,49,5,8.10810810810811,3.98050365556458,1.17647058823529,NA,NA,NA,NA,NA,NA,NA,NA
-5,14,87,1338,434,7,58,4,8.75,4.53125,0.930232558139535,NA,NA,NA,NA,NA,NA,NA,NA
-4,15,94,1394,434,7,56,0,8.04597701149425,4.18535127055306,0,NA,NA,NA,NA,NA,NA,NA,NA
-3,16,100,1450,467,6,56,33,6.38297872340426,4.01721664275466,7.6036866359447,NA,NA,NA,NA,NA,NA,NA,NA
-2,17,104,1508,487,4,58,20,4,4,4.28265524625268,NA,NA,NA,NA,NA,NA,NA,NA
-1,18,107,1560,505,3,52,18,2.88461538461538,3.44827586206897,3.69609856262834,NA,NA,NA,NA,NA,NA,NA,NA
0,19,107,1604,513,0,44,8,0,2.82051282051282,1.58415841584158,NA,NA,513,513,8,8,NA,NA
1,20,111,1640,NA,4,36,NA,3.73831775700935,2.24438902743142,NA,3.73831775700935,2.24438902743142,532.177570093458,524.513715710723,19.1775700934579,11.5137157107232,3.73831775700934,2.24438902743142
2,21,112,1687,NA,1,47,NA,0.900900900900901,2.86585365853659,NA,0.900900900900901,2.86585365853659,536.971962616822,539.545511221945,4.79439252336442,15.0317955112218,0.900900900900889,2.86585365853657
3,22,114,1738,NA,2,51,NA,1.78571428571429,3.0231179608773,NA,1.78571428571429,3.0231179608773,546.560747663551,555.856608478803,9.58878504672896,16.3110972568578,1.78571428571428,3.02311796087729
4,23,115,1786,NA,1,48,NA,0.87719298245614,2.76179516685846,NA,0.87719298245614,2.76179516685846,551.355140186916,571.208229426434,4.79439252336454,15.351620947631,0.87719298245615,2.76179516685847
5,24,116,1842,NA,1,56,NA,0.869565217391304,3.13549832026876,NA,0.869565217391304,3.13549832026876,556.14953271028,589.118453865337,4.79439252336442,17.9102244389028,0.869565217391293,3.13549832026877
6,25,118,1892,NA,2,50,NA,1.72413793103448,2.71444082519001,NA,1.72413793103448,2.71444082519001,565.738317757009,605.109725685786,9.58878504672896,15.9912718204489,1.72413793103448,2.71444082519001
7,26,119,1930,NA,1,38,NA,0.847457627118644,2.00845665961945,NA,0.847457627118644,2.00845665961945,570.532710280374,617.263092269327,4.79439252336442,12.1533665835411,0.847457627118633,2.00845665961945
8,27,120,1966,NA,1,36,NA,0.840336134453782,1.86528497409326,NA,0.840336134453782,1.86528497409326,575.327102803738,628.77680798005,4.79439252336442,11.5137157107232,0.840336134453771,1.86528497409327
9,28,122,1998,NA,2,32,NA,1.66666666666667,1.62767039674466,NA,1.66666666666667,1.62767039674466,584.915887850467,639.011221945137,9.58878504672896,10.2344139650872,1.66666666666666,1.62767039674465
10,29,123,2044,NA,1,46,NA,0.819672131147541,2.3023023023023,NA,0.819672131147541,2.3023023023023,589.710280373831,653.72319201995,4.79439252336442,14.7119700748129,0.81967213114753,2.3023023023023
11,30,126,2086,NA,3,42,NA,2.4390243902439,2.05479452054794,NA,2.4390243902439,2.05479452054794,604.093457943925,667.155860349127,14.3831775700935,13.4326683291771,2.43902439024391,2.05479452054795
12,31,127,2129,NA,1,43,NA,0.793650793650794,2.06136145733461,NA,0.793650793650794,2.06136145733461,608.887850467289,680.908354114713,4.79439252336442,13.7524937655861,0.793650793650784,2.06136145733462
13,32,128,2165,NA,1,36,NA,0.78740157480315,1.69093471113199,NA,0.78740157480315,1.69093471113199,613.682242990654,692.422069825437,4.79439252336442,11.5137157107233,0.78740157480314,1.69093471113201
14,33,129,2193,NA,1,28,NA,0.78125,1.2933025404157,NA,0.78125,1.2933025404157,618.476635514018,701.377182044888,4.79439252336454,8.95511221945139,0.781250000000009,1.29330254041571
15,34,130,2226,NA,1,33,NA,0.775193798449612,1.50478796169631,NA,0.775193798449612,1.50478796169631,623.271028037383,711.931421446384,4.79439252336454,10.5542394014963,0.775193798449621,1.50478796169631
16,35,132,2267,NA,2,41,NA,1.53846153846154,1.8418688230009,NA,1.53846153846154,1.8418688230009,632.859813084112,725.044264339152,9.58878504672896,13.1128428927681,1.53846153846154,1.8418688230009
17,36,133,2299,NA,1,32,NA,0.757575757575758,1.41155712395236,NA,0.757575757575758,1.41155712395236,637.654205607476,735.27867830424,4.79439252336454,10.2344139650872,0.757575757575766,1.41155712395235
18,37,135,2335,NA,2,36,NA,1.50375939849624,1.56589821661592,NA,1.50375939849624,1.56589821661592,647.242990654205,746.792394014963,9.58878504672907,11.5137157107232,1.50375939849626,1.56589821661592
19,38,137,2364,NA,2,29,NA,1.48148148148148,1.24197002141328,NA,1.48148148148148,1.24197002141328,656.831775700934,756.067331670823,9.58878504672896,9.27493765586041,1.48148148148148,1.24197002141328
20,39,138,2392,NA,1,28,NA,0.72992700729927,1.1844331641286,NA,0.72992700729927,1.1844331641286,661.626168224299,765.022443890275,4.79439252336454,8.95511221945139,0.729927007299278,1.1844331641286
21,40,140,2413,NA,2,21,NA,1.44927536231884,0.877926421404682,NA,1.44927536231884,0.877926421404682,671.214953271028,771.738778054863,9.58878504672896,6.71633416458849,1.44927536231884,0.877926421404677
22,41,141,2438,NA,1,25,NA,0.714285714285714,1.03605470368835,NA,0.714285714285714,1.03605470368835,676.009345794392,779.734413965087,4.79439252336442,7.99563591022445,0.714285714285705,1.03605470368836
23,42,142,2463,NA,1,25,NA,0.709219858156028,1.02543068088597,NA,0.709219858156028,1.02543068088597,680.803738317757,787.730049875312,4.79439252336442,7.99563591022434,0.709219858156019,1.02543068088596
24,43,144,2486,NA,2,23,NA,1.40845070422535,0.933820544051969,NA,1.40845070422535,0.933820544051969,690.392523364486,795.086034912718,9.58878504672896,7.35598503740653,1.40845070422535,0.933820544051974
25,44,145,2510,NA,1,24,NA,0.694444444444444,0.965406275140788,NA,0.694444444444444,0.965406275140788,695.18691588785,802.761845386534,4.79439252336442,7.67581047381543,0.694444444444436,0.965406275140785
26,45,146,2533,NA,1,23,NA,0.689655172413793,0.916334661354582,NA,0.689655172413793,0.916334661354582,699.981308411215,810.11783042394,4.79439252336454,7.35598503740653,0.689655172413801,0.916334661354587
27,46,147,2550,NA,1,17,NA,0.684931506849315,0.671140939597315,NA,0.684931506849315,0.671140939597315,704.775700934579,815.554862842893,4.79439252336454,5.43703241895275,0.684931506849322,0.671140939597332
28,47,147,2564,NA,0,14,NA,0,0.549019607843137,NA,0,0.549019607843137,704.775700934579,820.032418952619,0,4.47755610972558,0,0.549019607843125
29,48,148,2577,NA,1,13,NA,0.680272108843537,0.507020280811233,NA,0.680272108843537,0.507020280811233,709.570093457944,824.190149625935,4.79439252336454,4.15773067331679,0.680272108843545,0.507020280811243
30,49,149,2595,NA,1,18,NA,0.675675675675676,0.69848661233993,NA,0.675675675675676,0.69848661233993,714.364485981308,829.947007481297,4.79439252336454,5.75685785536166,0.675675675675683,0.698486612339938
31,50,149,2612,NA,0,17,NA,0,0.655105973025048,NA,0,0.655105973025048,714.364485981308,835.38403990025,0,5.43703241895264,0,0.65510597302505
32,51,150,2628,NA,1,16,NA,0.671140939597315,0.612557427258806,NA,0.671140939597315,0.612557427258806,719.158878504673,840.501246882793,4.79439252336454,5.11720698254362,0.671140939597323,0.612557427258803
33,52,150,2641,NA,0,13,NA,0,0.494672754946728,NA,0,0.494672754946728,719.158878504673,844.65897755611,0,4.15773067331668,0,0.494672754946724
34,53,150,2651,NA,0,10,NA,0,0.378644452858766,NA,0,0.378644452858766,719.158878504673,847.8572319202,0,3.19825436408973,0,0.378644452858761
35,54,151,2660,NA,1,9,NA,0.666666666666667,0.3394945303659,NA,0.666666666666667,0.3394945303659,723.953271028037,850.735660847881,4.79439252336442,2.87842892768083,0.666666666666658,0.339494530365903
36,55,151,2677,NA,0,17,NA,0,0.639097744360902,NA,0,0.639097744360902,723.953271028037,856.172693266833,0,5.43703241895264,0,0.639097744360905
37,56,151,2687,NA,0,10,NA,0,0.373552484124019,NA,0,0.373552484124019,723.953271028037,859.370947630923,0,3.19825436408985,0,0.373552484124028
38,57,152,2699,NA,1,12,NA,0.662251655629139,0.446594715295869,NA,0.662251655629139,0.446594715295869,728.747663551402,863.208852867831,4.79439252336454,3.83790523690777,0.662251655629146,0.446594715295874
39,58,152,2709,NA,0,10,NA,0,0.370507595405706,NA,0,0.370507595405706,728.747663551402,866.407107231921,0,3.19825436408985,0,0.370507595405714
40,59,152,2719,NA,0,10,NA,0,0.369139904023625,NA,0,0.369139904023625,728.747663551402,869.605361596011,0,3.19825436408985,0,0.369139904023633
41,60,152,2728,NA,0,9,NA,0,0.331004045605002,NA,0,0.331004045605002,728.747663551402,872.483790523691,0,2.87842892768083,0,0.331004045605005
42,61,152,2733,NA,0,5,NA,0,0.183284457478006,NA,0,0.183284457478006,728.747663551402,874.082917705736,0,1.59912718204498,0,0.183284457478016
43,62,153,2743,NA,1,10,NA,0.657894736842105,0.365898280278083,NA,0.657894736842105,0.365898280278083,733.542056074766,877.281172069826,4.79439252336442,3.19825436408985,0.657894736842097,0.365898280278091
44,63,153,2751,NA,0,8,NA,0,0.2916514764856,NA,0,0.2916514764856,733.542056074766,879.839775561098,0,2.55860349127181,0,0.291651476485598
45,64,153,2759,NA,0,8,NA,0,0.290803344238459,NA,0,0.290803344238459,733.542056074766,882.39837905237,0,2.55860349127181,0,0.290803344238457
46,65,153,2767,NA,0,8,NA,0,0.289960130482059,NA,0,0.289960130482059,733.542056074766,884.956982543642,0,2.55860349127181,0,0.289960130482057
47,66,153,2775,NA,0,8,NA,0,0.289121792555114,NA,0,0.289121792555114,733.542056074766,887.515586034913,0,2.55860349127181,0,0.289121792555112
48,67,153,2781,NA,0,6,NA,0,0.216216216216216,NA,0,0.216216216216216,733.542056074766,889.434538653367,0,1.91895261845389,0,0.216216216216218
49,68,154,2785,NA,1,4,NA,0.65359477124183,0.143833153541891,NA,0.65359477124183,0.143833153541891,738.336448598131,890.713840399003,4.79439252336442,1.27930174563596,0.653594771241822,0.143833153541897
50,69,154,2790,NA,0,5,NA,0,0.179533213644524,NA,0,0.179533213644524,738.336448598131,892.312967581048,0,1.59912718204487,0,0.179533213644522
51,70,154,2797,NA,0,7,NA,0,0.25089605734767,NA,0,0.25089605734767,738.336448598131,894.551745635911,0,2.23877805486291,0,0.250896057347677
52,71,154,2804,NA,0,7,NA,0,0.250268144440472,NA,0,0.250268144440472,738.336448598131,896.790523690774,0,2.23877805486279,0,0.250268144440466
53,72,154,2810,NA,0,6,NA,0,0.21398002853067,NA,0,0.21398002853067,738.336448598131,898.709476309228,0,1.918952618454,0,0.213980028530685
54,73,154,2815,NA,0,5,NA,0,0.177935943060498,NA,0,0.177935943060498,738.336448598131,900.308603491273,0,1.59912718204498,0,0.177935943060508
55,74,154,2819,NA,0,4,NA,0,0.142095914742451,NA,0,0.142095914742451,738.336448598131,901.587905236909,0,1.27930174563596,0,0.142095914742457
56,75,154,2822,NA,0,3,NA,0,0.106420716566158,NA,0,0.106420716566158,738.336448598131,902.547381546136,0,0.959476309227057,0,0.106420716566172
57,76,154,2825,NA,0,3,NA,0,0.106307583274274,NA,0,0.106307583274274,738.336448598131,903.506857855363,0,0.959476309226943,0,0.106307583274275
58,77,154,2829,NA,0,4,NA,0,0.141592920353982,NA,0,0.141592920353982,738.336448598131,904.786159600999,0,1.27930174563596,0,0.141592920353988
59,78,155,2831,NA,1,2,NA,0.649350649350649,0.0706963591375044,NA,0.649350649350649,0.0706963591375044,743.130841121495,905.425810473817,4.79439252336454,0.639650872817924,0.649350649350656,0.0706963591375009
60,79,155,NA,NA,0,NA,NA,0,NA,NA,0,NA,743.130841121495,NA,0,NA,0,NA
61,80,156,NA,NA,1,NA,NA,0.645161290322581,NA,NA,0.645161290322581,NA,747.92523364486,NA,4.79439252336442,NA,0.645161290322572,NA
62,81,156,NA,NA,0,NA,NA,0,NA,NA,0,NA,747.92523364486,NA,0,NA,0,NA
63,82,156,NA,NA,0,NA,NA,0,NA,NA,0,NA,747.92523364486,NA,0,NA,0,NA
64,83,157,NA,NA,1,NA,NA,0.641025641025641,NA,NA,0.641025641025641,NA,752.719626168224,NA,4.79439252336442,NA,0.641025641025633,NA
65,84,157,NA,NA,0,NA,NA,0,NA,NA,0,NA,752.719626168224,NA,0,NA,0,NA
66,85,157,NA,NA,0,NA,NA,0,NA,NA,0,NA,752.719626168224,NA,0,NA,0,NA
67,86,158,NA,NA,1,NA,NA,0.636942675159236,NA,NA,0.636942675159236,NA,757.514018691588,NA,4.79439252336454,NA,0.636942675159243,NA
68,87,158,NA,NA,0,NA,NA,0,NA,NA,0,NA,757.514018691588,NA,0,NA,0,NA
69,88,158,NA,NA,0,NA,NA,0,NA,NA,0,NA,757.514018691588,NA,0,NA,0,NA
70,89,159,NA,NA,1,NA,NA,0.632911392405063,NA,NA,0.632911392405063,NA,762.308411214953,NA,4.79439252336454,NA,0.63291139240507,NA
71,90,159,NA,NA,0,NA,NA,0,NA,NA,0,NA,762.308411214953,NA,0,NA,0,NA
72,91,159,NA,NA,0,NA,NA,0,NA,NA,0,NA,762.308411214953,NA,0,NA,0,NA
73,92,159,NA,NA,0,NA,NA,0,NA,NA,0,NA,762.308411214953,NA,0,NA,0,NA
74,93,160,NA,NA,1,NA,NA,0.628930817610063,NA,NA,0.628930817610063,NA,767.102803738318,NA,4.79439252336454,NA,0.62893081761007,NA
75,94,160,NA,NA,0,NA,NA,0,NA,NA,0,NA,767.102803738318,NA,0,NA,0,NA
76,95,160,NA,NA,0,NA,NA,0,NA,NA,0,NA,767.102803738318,NA,0,NA,0,NA
77,96,161,NA,NA,1,NA,NA,0.625,NA,NA,0.625,NA,771.897196261682,NA,4.79439252336454,NA,0.625000000000007,NA
78,97,162,NA,NA,1,NA,NA,0.62111801242236,NA,NA,0.62111801242236,NA,776.691588785047,NA,4.79439252336442,NA,0.621118012422352,NA
79,98,163,NA,NA,1,NA,NA,0.617283950617284,NA,NA,0.617283950617284,NA,781.485981308411,NA,4.79439252336454,NA,0.61728395061729,NA
80,99,163,NA,NA,0,NA,NA,0,NA,NA,0,NA,781.485981308411,NA,0,NA,0,NA
81,100,164,NA,NA,1,NA,NA,0.613496932515337,NA,NA,0.613496932515337,NA,786.280373831775,NA,4.79439252336442,NA,0.613496932515329,NA
82,101,164,NA,NA,0,NA,NA,0,NA,NA,0,NA,786.280373831775,NA,0,NA,0,NA
83,102,165,NA,NA,1,NA,NA,0.609756097560976,NA,NA,0.609756097560976,NA,791.07476635514,NA,4.79439252336454,NA,0.609756097560982,NA
84,103,165,NA,NA,0,NA,NA,0,NA,NA,0,NA,791.07476635514,NA,0,NA,0,NA
85,104,166,NA,NA,1,NA,NA,0.606060606060606,NA,NA,0.606060606060606,NA,795.869158878505,NA,4.79439252336454,NA,0.606060606060613,NA
86,105,166,NA,NA,0,NA,NA,0,NA,NA,0,NA,795.869158878505,NA,0,NA,0,NA
