"daysFromToday","Day","Korea","Italy","X","dif.Korea","dif.Italy","dif.X","growth.Korea","growth.Italy","growth.X","prj.grKO.X","prj.grIT.X","grKO.prj.tot.X","grIT.prj.tot.X","dif.grKO.prj.tot.X","dif.grIT.prj.tot.X","growth.grKO.prj.tot.X","growth.grIT.prj.tot.X"
-136,0,0,NA,NA,NA,NA,NA,NA,NA,NA,NA,NA,NA,NA,NA,NA,NA,NA
-135,1,1,NA,NA,1,NA,NA,Inf,NA,NA,NA,NA,NA,NA,NA,NA,NA,NA
-134,2,1,NA,NA,0,NA,NA,0,NA,NA,NA,NA,NA,NA,NA,NA,NA,NA
-133,3,2,NA,NA,1,NA,NA,100,NA,NA,NA,NA,NA,NA,NA,NA,NA,NA
-132,4,2,NA,NA,0,NA,NA,0,NA,NA,NA,NA,NA,NA,NA,NA,NA,NA
-131,5,3,NA,NA,1,NA,NA,50,NA,NA,NA,NA,NA,NA,NA,NA,NA,NA
-130,6,3,NA,NA,0,NA,NA,0,NA,NA,NA,NA,NA,NA,NA,NA,NA,NA
-129,7,5,NA,NA,2,NA,NA,66.6666666666667,NA,NA,NA,NA,NA,NA,NA,NA,NA,NA
-128,8,6,NA,NA,1,NA,NA,20,NA,NA,NA,NA,NA,NA,NA,NA,NA,NA
-127,9,8,NA,NA,2,NA,NA,33.3333333333333,NA,NA,NA,NA,NA,NA,NA,NA,NA,NA
-126,10,10,NA,NA,2,NA,NA,25,NA,NA,NA,NA,NA,NA,NA,NA,NA,NA
-125,11,12,NA,NA,2,NA,NA,20,NA,NA,NA,NA,NA,NA,NA,NA,NA,NA
-124,12,14,NA,NA,2,NA,NA,16.6666666666667,NA,NA,NA,NA,NA,NA,NA,NA,NA,NA
-123,13,15,NA,NA,1,NA,NA,7.14285714285714,NA,NA,NA,NA,NA,NA,NA,NA,NA,NA
-122,14,16,NA,NA,1,NA,NA,6.66666666666667,NA,NA,NA,NA,NA,NA,NA,NA,NA,NA
-121,15,18,NA,NA,2,NA,NA,12.5,NA,NA,NA,NA,NA,NA,NA,NA,NA,NA
-120,16,19,NA,NA,1,NA,NA,5.55555555555556,NA,NA,NA,NA,NA,NA,NA,NA,NA,NA
-119,17,19,NA,NA,0,NA,NA,0,NA,NA,NA,NA,NA,NA,NA,NA,NA,NA
-118,18,20,NA,NA,1,NA,NA,5.26315789473684,NA,NA,NA,NA,NA,NA,NA,NA,NA,NA
-117,19,20,NA,NA,0,NA,NA,0,NA,NA,NA,NA,NA,NA,NA,NA,NA,NA
-116,20,21,NA,NA,1,NA,NA,5,NA,NA,NA,NA,NA,NA,NA,NA,NA,NA
-115,21,21,NA,NA,0,NA,NA,0,NA,NA,NA,NA,NA,NA,NA,NA,NA,NA
-114,22,21,NA,NA,0,NA,NA,0,NA,NA,NA,NA,NA,NA,NA,NA,NA,NA
-113,23,21,NA,NA,0,NA,NA,0,NA,NA,NA,NA,NA,NA,NA,NA,NA,NA
-112,24,22,NA,NA,1,NA,NA,4.76190476190476,NA,NA,NA,NA,NA,NA,NA,NA,NA,NA
-111,25,22,NA,NA,0,NA,NA,0,NA,NA,NA,NA,NA,NA,NA,NA,NA,NA
-110,26,22,NA,NA,0,NA,NA,0,NA,NA,NA,NA,NA,NA,NA,NA,NA,NA
-109,27,22,NA,NA,0,NA,NA,0,NA,NA,NA,NA,NA,NA,NA,NA,NA,NA
-108,28,23,NA,NA,1,NA,NA,4.54545454545455,NA,NA,NA,NA,NA,NA,NA,NA,NA,NA
-107,29,23,NA,NA,0,NA,NA,0,NA,NA,NA,NA,NA,NA,NA,NA,NA,NA
-106,30,23,NA,NA,0,NA,NA,0,NA,NA,NA,NA,NA,NA,NA,NA,NA,NA
-105,31,24,NA,NA,1,NA,NA,4.34782608695652,NA,NA,NA,NA,NA,NA,NA,NA,NA,NA
-104,32,24,NA,NA,0,NA,NA,0,NA,NA,NA,NA,NA,NA,NA,NA,NA,NA
-103,33,24,NA,NA,0,NA,NA,0,NA,NA,NA,NA,NA,NA,NA,NA,NA,NA
-102,34,24,NA,NA,0,NA,NA,0,NA,NA,NA,NA,NA,NA,NA,NA,NA,NA
-101,35,25,NA,NA,1,NA,NA,4.16666666666667,NA,NA,NA,NA,NA,NA,NA,NA,NA,NA
-100,36,25,NA,NA,0,NA,NA,0,NA,NA,NA,NA,NA,NA,NA,NA,NA,NA
-99,37,25,NA,NA,0,NA,NA,0,NA,NA,NA,NA,NA,NA,NA,NA,NA,NA
-98,38,25,NA,NA,0,NA,NA,0,NA,NA,NA,NA,NA,NA,NA,NA,NA,NA
-97,39,26,NA,NA,1,NA,NA,4,NA,NA,NA,NA,NA,NA,NA,NA,NA,NA
-96,40,26,NA,NA,0,NA,NA,0,NA,NA,NA,NA,NA,NA,NA,NA,NA,NA
-95,41,26,NA,NA,0,NA,NA,0,NA,NA,NA,NA,NA,NA,NA,NA,NA,NA
-94,42,27,NA,NA,1,NA,NA,3.84615384615385,NA,NA,NA,NA,NA,NA,NA,NA,NA,NA
-93,43,27,NA,52,0,NA,NA,0,NA,NA,NA,NA,NA,NA,NA,NA,NA,NA
-92,44,27,NA,60,0,NA,8,0,NA,15.3846153846154,NA,NA,NA,NA,NA,NA,NA,NA
-91,45,27,NA,60,0,NA,0,0,NA,0,NA,NA,NA,NA,NA,NA,NA,NA
-90,46,27,NA,64,0,NA,4,0,NA,6.66666666666667,NA,NA,NA,NA,NA,NA,NA,NA
-89,47,27,NA,64,0,NA,0,0,NA,0,NA,NA,NA,NA,NA,NA,NA,NA
-88,48,28,NA,73,1,NA,9,3.7037037037037,NA,14.0625,NA,NA,NA,NA,NA,NA,NA,NA
-87,49,28,NA,73,0,NA,0,0,NA,0,NA,NA,NA,NA,NA,NA,NA,NA
-86,50,28,NA,80,0,NA,7,0,NA,9.58904109589041,NA,NA,NA,NA,NA,NA,NA,NA
-85,51,28,NA,93,0,NA,13,0,NA,16.25,NA,NA,NA,NA,NA,NA,NA,NA
-84,52,28,NA,97,0,NA,4,0,NA,4.3010752688172,NA,NA,NA,NA,NA,NA,NA,NA
-83,53,28,NA,103,0,NA,6,0,NA,6.18556701030928,NA,NA,NA,NA,NA,NA,NA,NA
-82,54,28,NA,112,0,NA,9,0,NA,8.7378640776699,NA,NA,NA,NA,NA,NA,NA,NA
-81,55,28,NA,115,0,NA,3,0,NA,2.67857142857143,NA,NA,NA,NA,NA,NA,NA,NA
-80,56,28,NA,125,0,NA,10,0,NA,8.69565217391304,NA,NA,NA,NA,NA,NA,NA,NA
-79,57,28,NA,137,0,NA,12,0,NA,9.6,NA,NA,NA,NA,NA,NA,NA,NA
-78,58,28,NA,149,0,NA,12,0,NA,8.75912408759124,NA,NA,NA,NA,NA,NA,NA,NA
-77,59,28,NA,164,0,NA,15,0,NA,10.0671140939597,NA,NA,NA,NA,NA,NA,NA,NA
-76,60,28,NA,172,0,NA,8,0,NA,4.8780487804878,NA,NA,NA,NA,NA,NA,NA,NA
-75,61,28,NA,191,0,NA,19,0,NA,11.046511627907,NA,NA,NA,NA,NA,NA,NA,NA
-74,62,28,NA,191,0,NA,0,0,NA,0,NA,NA,NA,NA,NA,NA,NA,NA
-73,63,28,NA,213,0,NA,22,0,NA,11.5183246073298,NA,NA,NA,NA,NA,NA,NA,NA
-72,64,28,NA,234,0,NA,21,0,NA,9.85915492957746,NA,NA,NA,NA,NA,NA,NA,NA
-71,65,29,NA,256,1,NA,22,3.57142857142857,NA,9.4017094017094,NA,NA,NA,NA,NA,NA,NA,NA
-70,66,29,NA,270,0,NA,14,0,NA,5.46875,NA,NA,NA,NA,NA,NA,NA,NA
-69,67,29,NA,279,0,NA,9,0,NA,3.33333333333333,NA,NA,NA,NA,NA,NA,NA,NA
-68,68,29,NA,296,0,NA,17,0,NA,6.09318996415771,NA,NA,NA,NA,NA,NA,NA,NA
-67,69,29,NA,296,0,NA,0,0,NA,0,NA,NA,NA,NA,NA,NA,NA,NA
-66,70,29,NA,333,0,NA,37,0,NA,12.5,NA,NA,NA,NA,NA,NA,NA,NA
-65,71,29,NA,343,0,NA,10,0,NA,3.003003003003,NA,NA,NA,NA,NA,NA,NA,NA
-64,72,29,NA,355,0,NA,12,0,NA,3.49854227405248,NA,NA,NA,NA,NA,NA,NA,NA
-63,73,29,NA,355,0,NA,0,0,NA,0,NA,NA,NA,NA,NA,NA,NA,NA
-62,74,29,NA,358,0,NA,3,0,NA,0.845070422535211,NA,NA,NA,NA,NA,NA,NA,NA
-61,75,29,NA,379,0,NA,21,0,NA,5.8659217877095,NA,NA,NA,NA,NA,NA,NA,NA
-60,76,29,NA,413,0,NA,34,0,NA,8.97097625329815,NA,NA,NA,NA,NA,NA,NA,NA
-59,77,29,NA,444,0,NA,31,0,NA,7.50605326876513,NA,NA,NA,NA,NA,NA,NA,NA
-58,78,29,0,477,0,NA,33,0,NA,7.43243243243243,NA,NA,NA,NA,NA,NA,NA,NA
-57,79,29,0,593,0,0,116,0,NA,24.3186582809224,NA,NA,NA,NA,NA,NA,NA,NA
-56,80,29,1,602,0,1,9,0,Inf,1.5177065767285,NA,NA,NA,NA,NA,NA,NA,NA
-55,81,29,1,602,0,0,0,0,0,0,NA,NA,NA,NA,NA,NA,NA,NA
-54,82,29,1,611,0,0,9,0,0,1.49501661129568,NA,NA,NA,NA,NA,NA,NA,NA
-53,83,29,1,616,0,0,5,0,0,0.818330605564648,NA,NA,NA,NA,NA,NA,NA,NA
-52,84,29,2,625,0,1,9,0,100,1.46103896103896,NA,NA,NA,NA,NA,NA,NA,NA
-51,85,29,3,629,0,1,4,0,50,0.64,NA,NA,NA,NA,NA,NA,NA,NA
-50,86,29,4,645,0,1,16,0,33.3333333333333,2.54372019077901,NA,NA,NA,NA,NA,NA,NA,NA
-49,87,29,5,648,0,1,3,0,25,0.465116279069767,NA,NA,NA,NA,NA,NA,NA,NA
-48,88,29,6,648,0,1,0,0,20,0,NA,NA,NA,NA,NA,NA,NA,NA
-47,89,30,7,648,1,1,0,3.44827586206897,16.6666666666667,0,NA,NA,NA,NA,NA,NA,NA,NA
-46,90,30,9,652,0,2,4,0,28.5714285714286,0.617283950617284,NA,NA,NA,NA,NA,NA,NA,NA
-45,91,30,10,655,0,1,3,0,11.1111111111111,0.460122699386503,NA,NA,NA,NA,NA,NA,NA,NA
-44,92,30,13,658,0,3,3,0,30,0.458015267175573,NA,NA,NA,NA,NA,NA,NA,NA
-43,93,30,17,671,0,4,13,0,30.7692307692308,1.97568389057751,NA,NA,NA,NA,NA,NA,NA,NA
-42,94,30,21,674,0,4,3,0,23.5294117647059,0.447093889716841,NA,NA,NA,NA,NA,NA,NA,NA
-41,95,30,23,674,0,2,0,0,9.52380952380952,0,NA,NA,NA,NA,NA,NA,NA,NA
-40,96,30,28,688,0,5,14,0,21.7391304347826,2.07715133531157,NA,NA,NA,NA,NA,NA,NA,NA
-39,97,30,34,711,0,6,23,0,21.4285714285714,3.34302325581395,NA,NA,NA,NA,NA,NA,NA,NA
-38,98,30,40,715,0,6,4,0,17.6470588235294,0.562587904360056,NA,NA,NA,NA,NA,NA,NA,NA
-37,99,30,48,715,0,8,0,0,20,0,NA,NA,NA,NA,NA,NA,NA,NA
-36,100,30,56,727,0,8,12,0,16.6666666666667,1.67832167832168,NA,NA,NA,NA,NA,NA,NA,NA
-35,101,31,63,728,1,7,1,3.33333333333333,12.5,0.137551581843191,NA,NA,NA,NA,NA,NA,NA,NA
-34,102,31,71,728,0,8,0,0,12.6984126984127,0,NA,NA,NA,NA,NA,NA,NA,NA
-33,103,31,80,737,0,9,9,0,12.6760563380282,1.23626373626374,NA,NA,NA,NA,NA,NA,NA,NA
-32,104,31,92,740,0,12,3,0,15,0.407055630936228,NA,NA,NA,NA,NA,NA,NA,NA
-31,105,31,106,747,0,14,7,0,15.2173913043478,0.945945945945946,NA,NA,NA,NA,NA,NA,NA,NA
-30,106,31,121,748,0,15,1,0,14.1509433962264,0.133868808567604,NA,NA,NA,NA,NA,NA,NA,NA
-29,107,31,133,749,0,12,1,0,9.91735537190083,0.133689839572192,NA,NA,NA,NA,NA,NA,NA,NA
-28,108,31,144,751,0,11,2,0,8.27067669172932,0.267022696929239,NA,NA,NA,NA,NA,NA,NA,NA
-27,109,32,156,751,1,12,0,3.2258064516129,8.33333333333333,0,NA,NA,NA,NA,NA,NA,NA,NA
-26,110,32,168,758,0,12,7,0,7.69230769230769,0.932090545938748,NA,NA,NA,NA,NA,NA,NA,NA
-25,111,32,182,763,0,14,5,0,8.33333333333333,0.659630606860158,NA,NA,NA,NA,NA,NA,NA,NA
-24,112,32,195,769,0,13,6,0,7.14285714285714,0.786369593709043,NA,NA,NA,NA,NA,NA,NA,NA
-23,113,32,208,771,0,13,2,0,6.66666666666667,0.260078023407022,NA,NA,NA,NA,NA,NA,NA,NA
-22,114,32,220,775,0,12,4,0,5.76923076923077,0.518806744487678,NA,NA,NA,NA,NA,NA,NA,NA
-21,115,32,229,775,0,9,0,0,4.09090909090909,0,NA,NA,NA,NA,NA,NA,NA,NA
-20,116,32,238,775,0,9,0,0,3.93013100436681,0,NA,NA,NA,NA,NA,NA,NA,NA
-19,117,32,249,780,0,11,5,0,4.6218487394958,0.645161290322581,NA,NA,NA,NA,NA,NA,NA,NA
-18,118,33,260,793,1,11,13,3.125,4.41767068273092,1.66666666666667,NA,NA,NA,NA,NA,NA,NA,NA
-17,119,33,270,809,0,10,16,0,3.84615384615385,2.01765447667087,NA,NA,NA,NA,NA,NA,NA,NA
-16,120,33,281,821,0,11,12,0,4.07407407407407,1.48331273176761,NA,NA,NA,NA,NA,NA,NA,NA
-15,121,33,291,825,0,10,4,0,3.55871886120996,0.48721071863581,NA,NA,NA,NA,NA,NA,NA,NA
-14,122,33,299,825,0,8,0,0,2.74914089347079,0,NA,NA,NA,NA,NA,NA,NA,NA
-13,123,33,306,825,0,7,0,0,2.34113712374582,0,NA,NA,NA,NA,NA,NA,NA,NA
-12,124,33,314,844,0,8,19,0,2.61437908496732,2.3030303030303,NA,NA,NA,NA,NA,NA,NA,NA
-11,125,33,324,863,0,10,19,0,3.18471337579618,2.25118483412322,NA,NA,NA,NA,NA,NA,NA,NA
-10,126,33,333,899,0,9,36,0,2.77777777777778,4.17149478563152,NA,NA,NA,NA,NA,NA,NA,NA
-9,127,34,343,918,1,10,19,3.03030303030303,3.003003003003,2.11345939933259,NA,NA,NA,NA,NA,NA,NA,NA
-8,128,34,352,918,0,9,0,0,2.62390670553936,0,NA,NA,NA,NA,NA,NA,NA,NA
-7,129,34,360,918,0,8,0,0,2.27272727272727,0,NA,NA,NA,NA,NA,NA,NA,NA
-6,130,34,366,918,0,6,0,0,1.66666666666667,0,NA,NA,NA,NA,NA,NA,NA,NA
-5,131,34,372,942,0,6,24,0,1.63934426229508,2.61437908496732,NA,NA,NA,NA,NA,NA,NA,NA
-4,132,34,381,971,0,9,29,0,2.41935483870968,3.07855626326964,NA,NA,NA,NA,NA,NA,NA,NA
-3,133,34,389,1001,0,8,30,0,2.0997375328084,3.08959835221421,NA,NA,NA,NA,NA,NA,NA,NA
-2,134,35,397,1026,1,8,25,2.94117647058824,2.05655526992288,2.4975024975025,NA,NA,NA,NA,NA,NA,NA,NA
-1,135,35,403,1045,0,6,19,0,1.51133501259446,1.85185185185185,NA,NA,NA,NA,NA,NA,NA,NA
0,136,35,408,1045,0,5,0,0,1.24069478908189,0,NA,NA,1045,1045,0,0,NA,NA
1,137,35,415,NA,0,7,NA,0,1.7156862745098,NA,0,1.7156862745098,1045,1062.92892156863,0,17.9289215686274,0,1.7156862745098
2,138,35,422,NA,0,7,NA,0,1.68674698795181,NA,0,1.68674698795181,1045,1080.85784313726,0,17.9289215686276,0,1.68674698795182
3,139,35,428,NA,0,6,NA,0,1.4218009478673,NA,0,1.4218009478673,1045,1096.22549019608,0,15.3676470588236,0,1.42180094786731
4,140,35,435,NA,0,7,NA,0,1.63551401869159,NA,0,1.63551401869159,1045,1114.15441176471,0,17.9289215686276,0,1.6355140186916
5,141,36,440,NA,1,5,NA,2.85714285714286,1.14942528735632,NA,2.85714285714286,1.14942528735632,1074.85714285714,1126.96078431373,29.8571428571427,12.8063725490197,2.85714285714284,1.14942528735633
6,142,36,446,NA,0,6,NA,0,1.36363636363636,NA,0,1.36363636363636,1074.85714285714,1142.32843137255,0,15.3676470588236,0,1.36363636363637
7,NA,NA,449,NA,NA,3,NA,NA,0.672645739910314,NA,NA,0.672645739910314,NA,1150.01225490196,NA,7.68382352941171,NA,0.672645739910309
8,NA,NA,454,NA,NA,5,NA,NA,1.11358574610245,NA,NA,1.11358574610245,NA,1162.81862745098,NA,12.8063725490197,NA,1.11358574610245
9,NA,NA,459,NA,NA,5,NA,NA,1.10132158590308,NA,NA,1.10132158590308,NA,1175.625,NA,12.8063725490197,NA,1.10132158590309
10,NA,NA,463,NA,NA,4,NA,NA,0.871459694989107,NA,NA,0.871459694989107,NA,1185.87009803922,NA,10.2450980392155,NA,0.871459694989087
11,NA,NA,468,NA,NA,5,NA,NA,1.07991360691145,NA,NA,1.07991360691145,NA,1198.67647058824,NA,12.8063725490194,NA,1.07991360691143
12,NA,NA,472,NA,NA,4,NA,NA,0.854700854700855,NA,NA,0.854700854700855,NA,1208.92156862745,NA,10.2450980392157,NA,0.854700854700855
13,NA,NA,475,NA,NA,3,NA,NA,0.635593220338983,NA,NA,0.635593220338983,NA,1216.60539215686,NA,7.68382352941194,NA,0.635593220338997
14,NA,NA,478,NA,NA,3,NA,NA,0.631578947368421,NA,NA,0.631578947368421,NA,1224.28921568628,NA,7.68382352941194,NA,0.631578947368435
15,NA,NA,480,NA,NA,2,NA,NA,0.418410041841004,NA,NA,0.418410041841004,NA,1229.41176470588,NA,5.12254901960773,NA,0.418410041840995
16,NA,NA,483,NA,NA,3,NA,NA,0.625,NA,NA,0.625,NA,1237.09558823529,NA,7.68382352941194,NA,0.625000000000014
17,NA,NA,487,NA,NA,4,NA,NA,0.82815734989648,NA,NA,0.82815734989648,NA,1247.34068627451,NA,10.2450980392157,NA,0.82815734989648
18,NA,NA,489,NA,NA,2,NA,NA,0.410677618069815,NA,NA,0.410677618069815,NA,1252.46323529412,NA,5.12254901960773,NA,0.410677618069806
19,NA,NA,492,NA,NA,3,NA,NA,0.613496932515337,NA,NA,0.613496932515337,NA,1260.14705882353,NA,7.68382352941171,NA,0.613496932515333
20,NA,NA,494,NA,NA,2,NA,NA,0.40650406504065,NA,NA,0.40650406504065,NA,1265.26960784314,NA,5.12254901960796,NA,0.406504065040659
21,NA,NA,495,NA,NA,1,NA,NA,0.202429149797571,NA,NA,0.202429149797571,NA,1267.83088235294,NA,2.56127450980398,NA,0.202429149797575
22,NA,NA,499,NA,NA,4,NA,NA,0.808080808080808,NA,NA,0.808080808080808,NA,1278.07598039216,NA,10.2450980392157,NA,0.808080808080808
23,NA,NA,501,NA,NA,2,NA,NA,0.400801603206413,NA,NA,0.400801603206413,NA,1283.19852941177,NA,5.12254901960796,NA,0.400801603206422
24,NA,NA,503,NA,NA,2,NA,NA,0.399201596806387,NA,NA,0.399201596806387,NA,1288.32107843137,NA,5.12254901960796,NA,0.399201596806396
25,NA,NA,505,NA,NA,2,NA,NA,0.397614314115308,NA,NA,0.397614314115308,NA,1293.44362745098,NA,5.12254901960796,NA,0.397614314115317
26,NA,NA,507,NA,NA,2,NA,NA,0.396039603960396,NA,NA,0.396039603960396,NA,1298.56617647059,NA,5.12254901960796,NA,0.396039603960405
27,NA,NA,508,NA,NA,1,NA,NA,0.19723865877712,NA,NA,0.19723865877712,NA,1301.12745098039,NA,2.56127450980398,NA,0.197238658777125
28,NA,NA,509,NA,NA,1,NA,NA,0.196850393700787,NA,NA,0.196850393700787,NA,1303.6887254902,NA,2.56127450980398,NA,0.196850393700792
29,NA,NA,511,NA,NA,2,NA,NA,0.392927308447937,NA,NA,0.392927308447937,NA,1308.81127450981,NA,5.12254901960773,NA,0.392927308447928
30,NA,NA,512,NA,NA,1,NA,NA,0.195694716242661,NA,NA,0.195694716242661,NA,1311.37254901961,NA,2.56127450980375,NA,0.195694716242648
31,NA,NA,514,NA,NA,2,NA,NA,0.390625,NA,NA,0.390625,NA,1316.49509803922,NA,5.12254901960796,NA,0.390625000000008
32,NA,NA,515,NA,NA,1,NA,NA,0.194552529182879,NA,NA,0.194552529182879,NA,1319.05637254902,NA,2.56127450980398,NA,0.194552529182884
33,NA,NA,517,NA,NA,2,NA,NA,0.388349514563107,NA,NA,0.388349514563107,NA,1324.17892156863,NA,5.12254901960773,NA,0.388349514563098
34,NA,NA,518,NA,NA,1,NA,NA,0.193423597678917,NA,NA,0.193423597678917,NA,1326.74019607843,NA,2.56127450980375,NA,0.193423597678904
35,NA,NA,519,NA,NA,1,NA,NA,0.193050193050193,NA,NA,0.193050193050193,NA,1329.30147058824,NA,2.56127450980398,NA,0.193050193050197
36,NA,NA,520,NA,NA,1,NA,NA,0.192678227360308,NA,NA,0.192678227360308,NA,1331.86274509804,NA,2.56127450980398,NA,0.192678227360313
37,NA,NA,521,NA,NA,1,NA,NA,0.192307692307692,NA,NA,0.192307692307692,NA,1334.42401960784,NA,2.56127450980398,NA,0.192307692307697
38,NA,NA,522,NA,NA,1,NA,NA,0.191938579654511,NA,NA,0.191938579654511,NA,1336.98529411765,NA,2.56127450980398,NA,0.191938579654515
39,NA,NA,523,NA,NA,1,NA,NA,0.191570881226054,NA,NA,0.191570881226054,NA,1339.54656862745,NA,2.56127450980398,NA,0.191570881226058
