"daysFromToday","Day","Korea","Italy","X","dif.Korea","dif.Italy","dif.X","growth.Korea","growth.Italy","growth.X","prj.grKO.X","prj.grIT.X","grKO.prj.tot.X","grIT.prj.tot.X","dif.grKO.prj.tot.X","dif.grIT.prj.tot.X","growth.grKO.prj.tot.X","growth.grIT.prj.tot.X"
-68,NA,NA,NA,106,NA,NA,NA,NA,NA,NA,NA,NA,NA,NA,NA,NA,NA,NA
-67,NA,NA,NA,164,NA,NA,58,NA,NA,54.7169811320755,NA,NA,NA,NA,NA,NA,NA,NA
-66,NA,NA,10,248,NA,NA,84,NA,NA,51.219512195122,NA,NA,NA,NA,NA,NA,NA,NA
-65,NA,NA,15,322,NA,5,74,NA,50,29.8387096774194,NA,NA,NA,NA,NA,NA,NA,NA
-64,NA,NA,21,377,NA,6,55,NA,40,17.0807453416149,NA,NA,NA,NA,NA,NA,NA,NA
-63,NA,NA,30,429,NA,9,52,NA,42.8571428571429,13.7931034482759,NA,NA,NA,NA,NA,NA,NA,NA
-62,NA,NA,43,481,NA,13,52,NA,43.3333333333333,12.1212121212121,NA,NA,NA,NA,NA,NA,NA,NA
-61,NA,NA,58,565,NA,15,84,NA,34.8837209302326,17.4636174636175,NA,NA,NA,NA,NA,NA,NA,NA
-60,NA,NA,74,719,NA,16,154,NA,27.5862068965517,27.2566371681416,NA,NA,NA,NA,NA,NA,NA,NA
-59,NA,NA,111,879,NA,37,160,NA,50,22.2531293463143,NA,NA,NA,NA,NA,NA,NA,NA
-58,NA,NA,133,988,NA,22,109,NA,19.8198198198198,12.4004550625711,NA,NA,NA,NA,NA,NA,NA,NA
-57,NA,NA,164,1159,NA,31,171,NA,23.3082706766917,17.3076923076923,NA,NA,NA,NA,NA,NA,NA,NA
-56,NA,NA,202,1252,NA,38,93,NA,23.1707317073171,8.02415875754961,NA,NA,NA,NA,NA,NA,NA,NA
-55,NA,NA,252,1327,NA,50,75,NA,24.7524752475248,5.99041533546326,NA,NA,NA,NA,NA,NA,NA,NA
-54,NA,NA,303,1472,NA,51,145,NA,20.2380952380952,10.9269027882442,NA,NA,NA,NA,NA,NA,NA,NA
-53,NA,NA,385,1524,NA,82,52,NA,27.0627062706271,3.53260869565217,NA,NA,NA,NA,NA,NA,NA,NA
-52,NA,NA,483,1684,NA,98,160,NA,25.4545454545455,10.498687664042,NA,NA,NA,NA,NA,NA,NA,NA
-51,NA,NA,600,1794,NA,117,110,NA,24.223602484472,6.53206650831354,NA,NA,NA,NA,NA,NA,NA,NA
-50,NA,NA,664,1868,NA,64,74,NA,10.6666666666667,4.12486064659978,NA,NA,NA,NA,NA,NA,NA,NA
-49,NA,NA,816,1970,NA,152,102,NA,22.8915662650602,5.46038543897216,NA,NA,NA,NA,NA,NA,NA,NA
-48,NA,NA,989,2069,NA,173,99,NA,21.2009803921569,5.0253807106599,NA,NA,NA,NA,NA,NA,NA,NA
-47,NA,NA,1156,2184,NA,167,115,NA,16.8857431749242,5.5582406959884,NA,NA,NA,NA,NA,NA,NA,NA
-46,NA,NA,1385,2263,NA,229,79,NA,19.8096885813149,3.61721611721612,NA,NA,NA,NA,NA,NA,NA,NA
-45,NA,NA,1620,2357,NA,235,94,NA,16.9675090252708,4.15377817057004,NA,NA,NA,NA,NA,NA,NA,NA
-44,NA,NA,1831,2465,NA,211,108,NA,13.0246913580247,4.58209588459907,NA,NA,NA,NA,NA,NA,NA,NA
-43,NA,NA,2062,2570,NA,231,105,NA,12.6160567995631,4.25963488843813,NA,NA,NA,NA,NA,NA,NA,NA
-42,NA,NA,2337,2599,NA,275,29,NA,13.3365664403492,1.1284046692607,NA,NA,NA,NA,NA,NA,NA,NA
-41,NA,NA,2686,2680,NA,349,81,NA,14.933675652546,3.11658330126972,NA,NA,NA,NA,NA,NA,NA,NA
-40,NA,NA,3077,2807,NA,391,127,NA,14.5569620253165,4.73880597014925,NA,NA,NA,NA,NA,NA,NA,NA
-39,NA,NA,3506,2894,NA,429,87,NA,13.9421514462138,3.09939437121482,NA,NA,NA,NA,NA,NA,NA,NA
-38,NA,NA,3870,3017,NA,364,123,NA,10.3822019395322,4.25017277125086,NA,NA,NA,NA,NA,NA,NA,NA
-37,NA,NA,4184,3121,NA,314,104,NA,8.11369509043928,3.44713291349022,NA,NA,NA,NA,NA,NA,NA,NA
-36,NA,NA,4527,3193,NA,343,72,NA,8.19789674952199,2.30695289971163,NA,NA,NA,NA,NA,NA,NA,NA
-35,NA,NA,4868,3253,NA,341,60,NA,7.53258228407334,1.87911055433761,NA,NA,NA,NA,NA,NA,NA,NA
-34,NA,NA,5274,3280,NA,406,27,NA,8.34018077239113,0.83000307408546,NA,NA,NA,NA,NA,NA,NA,NA
-33,NA,NA,5661,3410,NA,387,130,NA,7.33788395904437,3.96341463414634,NA,NA,NA,NA,NA,NA,NA,NA
-32,NA,NA,6052,3473,NA,391,63,NA,6.90690690690691,1.8475073313783,NA,NA,NA,NA,NA,NA,NA,NA
-31,NA,NA,6393,3618,NA,341,145,NA,5.6345009914078,4.17506478548805,NA,NA,NA,NA,NA,NA,NA,NA
-30,NA,NA,6658,3748,NA,265,130,NA,4.14515876740185,3.59314538419016,NA,NA,NA,NA,NA,NA,NA,NA
-29,NA,NA,6924,3851,NA,266,103,NA,3.99519375187744,2.74813233724653,NA,NA,NA,NA,NA,NA,NA,NA
-28,NA,NA,7237,3972,NA,313,121,NA,4.52050837666089,3.14204102830434,NA,NA,NA,NA,NA,NA,NA,NA
-27,NA,NA,7542,4044,NA,305,72,NA,4.21445350283267,1.81268882175227,NA,NA,NA,NA,NA,NA,NA,NA
-26,NA,NA,7842,4127,NA,300,83,NA,3.97772474144789,2.05242334322453,NA,NA,NA,NA,NA,NA,NA,NA
-25,NA,NA,8157,4201,NA,315,74,NA,4.0168324407039,1.79307002665374,NA,NA,NA,NA,NA,NA,NA,NA
-24,NA,NA,8439,4330,NA,282,129,NA,3.4571533652078,3.07069745298738,NA,NA,NA,NA,NA,NA,NA,NA
-23,0,8,8675,4424,NA,236,94,NA,2.7965398743927,2.17090069284065,NA,NA,NA,NA,NA,NA,NA,NA
-22,1,16,8874,4490,8,199,66,100,2.29394812680115,1.49186256781193,NA,NA,NA,NA,NA,NA,NA,NA
-21,2,33,9125,4589,17,251,99,106.25,2.82848771692585,2.20489977728285,NA,NA,NA,NA,NA,NA,NA,NA
-20,3,46,9400,4613,13,275,24,39.3939393939394,3.01369863013699,0.522989758117237,NA,NA,NA,NA,NA,NA,NA,NA
-19,4,64,9658,4732,18,258,119,39.1304347826087,2.74468085106383,2.57966616084977,NA,NA,NA,NA,NA,NA,NA,NA
-18,5,75,9965,4852,11,307,120,17.1875,3.17871194864361,2.53592561284869,NA,NA,NA,NA,NA,NA,NA,NA
-17,6,97,10233,4962,22,268,110,29.3333333333333,2.68941294530858,2.26710634789777,NA,NA,NA,NA,NA,NA,NA,NA
-16,7,136,10440,5086,39,207,124,40.2061855670103,2.02286719437115,2.49899234179766,NA,NA,NA,NA,NA,NA,NA,NA
-15,8,180,10634,5237,44,194,151,32.3529411764706,1.85823754789272,2.96893432953205,NA,NA,NA,NA,NA,NA,NA,NA
-14,9,243,10809,5310,63,175,73,35,1.64566484859883,1.39392782127172,NA,NA,NA,NA,NA,NA,NA,NA
-13,10,288,11056,5398,45,247,88,18.5185185185185,2.28513275973726,1.65725047080979,NA,NA,NA,NA,NA,NA,NA,NA
-12,11,335,11285,5489,47,229,91,16.3194444444444,2.07127351664255,1.68580955909596,NA,NA,NA,NA,NA,NA,NA,NA
-11,12,400,11514,5532,65,229,43,19.4029850746269,2.02924235711121,0.783384951721625,NA,NA,NA,NA,NA,NA,NA,NA
-10,13,434,11713,5680,34,199,148,8.5,1.72833072780962,2.67534345625452,NA,NA,NA,NA,NA,NA,NA,NA
-9,14,470,11861,5849,36,148,169,8.29493087557604,1.26355331682746,2.97535211267606,NA,NA,NA,NA,NA,NA,NA,NA
-8,15,509,12039,5960,39,178,111,8.29787234042553,1.50071663434786,1.89776030090614,NA,NA,NA,NA,NA,NA,NA,NA
-7,16,543,12260,6037,34,221,77,6.67976424361493,1.83570063958801,1.29194630872483,NA,NA,NA,NA,NA,NA,NA,NA
-6,17,564,12433,6090,21,173,53,3.86740331491713,1.41109298531811,0.877919496438629,NA,NA,NA,NA,NA,NA,NA,NA
-5,18,577,12631,6137,13,198,47,2.30496453900709,1.59253599292206,0.77175697865353,NA,NA,NA,NA,NA,NA,NA,NA
-4,19,580,12785,6229,3,154,92,0.519930675909879,1.2192225477001,1.49910379664331,NA,NA,NA,NA,NA,NA,NA,NA
-3,20,599,12937,6270,19,152,41,3.27586206896552,1.1888932342589,0.658211590945577,NA,NA,NA,NA,NA,NA,NA,NA
-2,21,607,13051,6338,8,114,68,1.3355592654424,0.88119347607637,1.08452950558214,NA,NA,NA,NA,NA,NA,NA,NA
-1,22,616,13188,6418,9,137,80,1.4827018121911,1.04972799019232,1.2622278321237,NA,NA,NA,NA,NA,NA,NA,NA
0,23,624,13324,6506,8,136,88,1.2987012987013,1.03124052168638,1.37114365846058,NA,NA,6506,6506,88,88,NA,NA
1,24,630,13447,NA,6,123,NA,0.961538461538462,0.923146202341639,NA,0.961538461538462,0.923146202341639,6568.55769230769,6566.05989192435,62.5576923076924,60.0598919243475,0.961538461538463,0.923146202341647
2,25,636,13575,NA,6,128,NA,0.952380952380952,0.951885178850301,NA,0.952380952380952,0.951885178850301,6631.11538461538,6628.56124287001,62.5576923076924,62.5013509456621,0.952380952380954,0.951885178850304
3,26,642,13700,NA,6,125,NA,0.943396226415094,0.920810313075507,NA,0.943396226415094,0.920810313075507,6693.67307692308,6689.59771840288,62.5576923076933,61.0364755328737,0.943396226415109,0.920810313075517
4,27,649,13791,NA,7,91,NA,1.09034267912773,0.664233576642336,NA,1.09034267912773,0.664233576642336,6766.65705128205,6734.03227259082,72.9839743589746,44.434554187932,1.09034267912773,0.664233576642343
5,28,661,13870,NA,12,79,NA,1.84899845916795,0.572837357697049,NA,1.84899845916795,0.572837357697049,6891.77243589744,6772.60732512759,125.115384615385,38.5750525367757,1.84899845916795,0.572837357697048
6,29,668,13941,NA,7,71,NA,1.0590015128593,0.511896178803172,NA,1.0590015128593,0.511896178803172,6964.75641025641,6807.27604323026,72.9839743589755,34.6687181026709,1.05900151285932,0.511896178803158
7,30,679,14035,NA,11,94,NA,1.64670658682635,0.674270138440571,NA,1.64670658682635,0.674270138440571,7079.44551282052,6853.17547283098,114.689102564103,45.8994296007204,1.64670658682635,0.674270138440569
8,31,687,14127,NA,8,92,NA,1.17820324005891,0.655504096900606,NA,1.17820324005891,0.655504096900606,7162.85576923077,6898.09831882318,83.4102564102559,44.9228459921942,1.1782032400589,0.655504096900601
9,32,692,14214,NA,5,87,NA,0.727802037845706,0.615842004671905,NA,0.727802037845706,0.615842004671905,7214.98717948718,6940.57970579406,52.1314102564102,42.4813869708796,0.727802037845705,0.615842004671905
10,33,697,14285,NA,5,71,NA,0.722543352601156,0.499507527789503,NA,0.722543352601156,0.499507527789503,7267.11858974359,6975.24842389673,52.1314102564102,34.6687181026728,0.722543352601155,0.499507527789516
11,34,705,14337,NA,8,52,NA,1.14777618364419,0.364018200910045,NA,1.14777618364419,0.364018200910045,7350.52884615385,7000.6395977184,83.4102564102568,25.3911738216757,1.14777618364419,0.364018200910053
12,35,713,14386,NA,8,49,NA,1.13475177304965,0.34177303480505,NA,1.13475177304965,0.34177303480505,7433.93910256411,7024.56589612729,83.4102564102568,23.9262984088864,1.13475177304965,0.341773034805052
13,36,720,14478,NA,7,92,NA,0.981767180925666,0.639510635339914,NA,0.981767180925666,0.639510635339914,7506.92307692308,7069.48874211949,72.9839743589746,44.9228459921942,0.981767180925669,0.639510635339909
14,37,732,14536,NA,12,58,NA,1.66666666666667,0.400607818759497,NA,1.66666666666667,0.400607818759497,7632.03846153846,7097.80966676674,125.115384615384,28.3209246472534,1.66666666666666,0.400607818759501
15,38,740,14601,NA,8,65,NA,1.09289617486339,0.44716565767749,NA,1.09289617486339,0.44716565767749,7715.44871794872,7129.54863404383,83.4102564102568,31.7389672770933,1.09289617486339,0.44716565767748
16,39,746,14652,NA,6,51,NA,0.810810810810811,0.349291144442161,NA,0.810810810810811,0.349291144442161,7778.00641025641,7154.45151606124,62.5576923076915,24.9028820174117,0.8108108108108,0.349291144442154
17,40,755,14710,NA,9,58,NA,1.20643431635389,0.395850395850396,NA,1.20643431635389,0.395850395850396,7871.84294871795,7182.7724407085,93.8365384615381,28.3209246472534,1.20643431635388,0.3958503958504
18,41,763,14754,NA,8,44,NA,1.05960264900662,0.299116247450714,NA,1.05960264900662,0.299116247450714,7955.25320512821,7204.25728009607,83.4102564102559,21.4848393875718,1.05960264900662,0.299116247450721
19,42,770,14783,NA,7,29,NA,0.917431192660551,0.196556865934662,NA,0.917431192660551,0.196556865934662,8028.23717948718,7218.4177424197,72.9839743589737,14.1604623236271,0.917431192660542,0.19655686593467
20,43,777,14836,NA,7,53,NA,0.909090909090909,0.358519921531489,NA,0.909090909090909,0.358519921531489,8101.22115384615,7244.29720804563,72.9839743589737,25.8794656259379,0.909090909090901,0.358519921531485
21,44,784,14880,NA,7,44,NA,0.900900900900901,0.296575896468051,NA,0.900900900900901,0.296575896468051,8174.20512820513,7265.78204743321,72.9839743589737,21.4848393875718,0.900900900900893,0.296575896468058
22,45,790,14922,NA,6,42,NA,0.76530612244898,0.282258064516129,NA,0.76530612244898,0.282258064516129,8236.76282051282,7286.29030321225,62.5576923076933,20.5082557790456,0.765306122448992,0.282258064516133
23,46,794,14965,NA,4,43,NA,0.506329113924051,0.288165125318322,NA,0.506329113924051,0.288165125318322,8278.46794871795,7307.28685079556,41.7051282051289,20.9965475833087,0.506329113924059,0.288165125318327
24,47,797,15008,NA,3,43,NA,0.377833753148615,0.287337119946542,NA,0.377833753148615,0.287337119946542,8309.74679487179,7328.28339837887,31.2788461538457,20.9965475833087,0.37783375314861,0.287337119946547
25,48,801,15043,NA,4,35,NA,0.501882057716437,0.233208955223881,NA,0.501882057716437,0.233208955223881,8351.45192307692,7345.37361152807,41.7051282051289,17.0902131492039,0.501882057716444,0.233208955223873
26,49,804,15063,NA,3,20,NA,0.374531835205993,0.132952203682776,NA,0.374531835205993,0.132952203682776,8382.73076923077,7355.13944761333,31.2788461538457,9.76583608525925,0.374531835205987,0.13295220368277
27,50,807,15089,NA,3,26,NA,0.373134328358209,0.172608378145124,NA,0.373134328358209,0.172608378145124,8414.00961538462,7367.83503452417,31.2788461538476,12.6955869108378,0.373134328358226,0.172608378145127
28,51,809,15127,NA,2,38,NA,0.247831474597274,0.251839088077407,NA,0.247831474597274,0.251839088077407,8434.86217948718,7386.39012308616,20.8525641025644,18.5550885619932,0.247831474597278,0.251839088077405
29,52,811,15166,NA,2,39,NA,0.247218788627936,0.2578171481457,NA,0.247218788627936,0.2578171481457,8455.71474358975,7405.43350345242,20.8525641025644,19.0433803662563,0.24721878862794,0.257817148145699
30,53,813,15200,NA,2,34,NA,0.246609124537608,0.224185678491362,NA,0.246609124537608,0.224185678491362,8476.56730769231,7422.03542479736,20.8525641025626,16.6019213449417,0.24660912453759,0.224185678491366
31,54,815,15227,NA,2,27,NA,0.2460024600246,0.177631578947368,NA,0.2460024600246,0.177631578947368,8497.41987179487,7435.21930351246,20.8525641025644,13.1838787151009,0.246002460024604,0.177631578947373
32,55,817,15249,NA,2,22,NA,0.245398773006135,0.144480199645367,NA,0.245398773006135,0.144480199645367,8518.27243589744,7445.96172320625,20.8525641025644,10.7424196937855,0.245398773006139,0.144480199645364
33,56,819,NA,NA,2,NA,NA,0.244798041615667,NA,NA,0.244798041615667,NA,8539.125,NA,20.8525641025626,NA,0.244798041615649,NA
34,57,821,NA,NA,2,NA,NA,0.244200244200244,NA,NA,0.244200244200244,NA,8559.97756410256,NA,20.8525641025644,NA,0.244200244200248,NA
35,58,822,NA,NA,1,NA,NA,0.121802679658952,NA,NA,0.121802679658952,NA,8570.40384615385,NA,10.4262820512831,NA,0.121802679658965,NA
36,59,823,NA,NA,1,NA,NA,0.121654501216545,NA,NA,0.121654501216545,NA,8580.83012820513,NA,10.4262820512831,NA,0.121654501216558,NA
37,60,824,NA,NA,1,NA,NA,0.121506682867558,NA,NA,0.121506682867558,NA,8591.25641025641,NA,10.4262820512831,NA,0.12150668286757,NA
38,61,825,NA,NA,1,NA,NA,0.121359223300971,NA,NA,0.121359223300971,NA,8601.6826923077,NA,10.4262820512813,NA,0.121359223300962,NA
39,62,825,NA,NA,0,NA,NA,0,NA,NA,0,NA,8601.6826923077,NA,0,NA,0,NA
40,63,826,NA,NA,1,NA,NA,0.121212121212121,NA,NA,0.121212121212121,NA,8612.10897435898,NA,10.4262820512813,NA,0.121212121212113,NA
41,64,827,NA,NA,1,NA,NA,0.121065375302663,NA,NA,0.121065375302663,NA,8622.53525641026,NA,10.4262820512813,NA,0.121065375302655,NA
42,65,828,NA,NA,1,NA,NA,0.120918984280532,NA,NA,0.120918984280532,NA,8632.96153846154,NA,10.4262820512813,NA,0.120918984280523,NA
43,66,829,NA,NA,1,NA,NA,0.120772946859903,NA,NA,0.120772946859903,NA,8643.38782051282,NA,10.4262820512813,NA,0.120772946859895,NA
44,67,830,NA,NA,1,NA,NA,0.120627261761158,NA,NA,0.120627261761158,NA,8653.8141025641,NA,10.4262820512831,NA,0.12062726176117,NA
45,68,831,NA,NA,1,NA,NA,0.120481927710843,NA,NA,0.120481927710843,NA,8664.24038461538,NA,10.4262820512813,NA,0.120481927710835,NA
46,69,831,NA,NA,0,NA,NA,0,NA,NA,0,NA,8664.24038461538,NA,0,NA,0,NA
47,70,832,NA,NA,1,NA,NA,0.120336943441637,NA,NA,0.120336943441637,NA,8674.66666666667,NA,10.4262820512831,NA,0.120336943441649,NA
48,71,832,NA,NA,0,NA,NA,0,NA,NA,0,NA,8674.66666666667,NA,0,NA,0,NA
49,72,833,NA,NA,1,NA,NA,0.120192307692308,NA,NA,0.120192307692308,NA,8685.09294871795,NA,10.4262820512831,NA,0.12019230769232,NA
50,73,834,NA,NA,1,NA,NA,0.120048019207683,NA,NA,0.120048019207683,NA,8695.51923076923,NA,10.4262820512831,NA,0.120048019207695,NA
51,74,834,NA,NA,0,NA,NA,0,NA,NA,0,NA,8695.51923076923,NA,0,NA,0,NA
52,75,834,NA,NA,0,NA,NA,0,NA,NA,0,NA,8695.51923076923,NA,0,NA,0,NA
53,76,834,NA,NA,0,NA,NA,0,NA,NA,0,NA,8695.51923076923,NA,0,NA,0,NA
54,77,835,NA,NA,1,NA,NA,0.119904076738609,NA,NA,0.119904076738609,NA,8705.94551282052,NA,10.4262820512813,NA,0.1199040767386,NA
55,78,837,NA,NA,2,NA,NA,0.239520958083832,NA,NA,0.239520958083832,NA,8726.79807692308,NA,20.8525641025644,NA,0.239520958083836,NA
56,79,839,NA,NA,2,NA,NA,0.2389486260454,NA,NA,0.2389486260454,NA,8747.65064102564,NA,20.8525641025644,NA,0.238948626045404,NA
57,80,842,NA,NA,3,NA,NA,0.357568533969011,NA,NA,0.357568533969011,NA,8778.92948717949,NA,31.2788461538476,NA,0.357568533969027,NA
58,81,844,NA,NA,2,NA,NA,0.237529691211401,NA,NA,0.237529691211401,NA,8799.78205128206,NA,20.8525641025644,NA,0.237529691211405,NA
59,82,846,NA,NA,2,NA,NA,0.23696682464455,NA,NA,0.23696682464455,NA,8820.63461538462,NA,20.8525641025644,NA,0.236966824644553,NA
60,83,848,NA,NA,2,NA,NA,0.236406619385343,NA,NA,0.236406619385343,NA,8841.48717948718,NA,20.8525641025626,NA,0.236406619385326,NA
61,84,850,NA,NA,2,NA,NA,0.235849056603774,NA,NA,0.235849056603774,NA,8862.33974358975,NA,20.8525641025626,NA,0.235849056603757,NA
62,85,852,NA,NA,2,NA,NA,0.235294117647059,NA,NA,0.235294117647059,NA,8883.19230769231,NA,20.8525641025644,NA,0.235294117647062,NA
63,86,853,NA,NA,1,NA,NA,0.117370892018779,NA,NA,0.117370892018779,NA,8893.61858974359,NA,10.4262820512813,NA,0.117370892018771,NA
64,87,854,NA,NA,1,NA,NA,0.117233294255569,NA,NA,0.117233294255569,NA,8904.04487179487,NA,10.4262820512813,NA,0.11723329425556,NA
65,88,855,NA,NA,1,NA,NA,0.117096018735363,NA,NA,0.117096018735363,NA,8914.47115384615,NA,10.4262820512813,NA,0.117096018735355,NA
66,89,857,NA,NA,2,NA,NA,0.233918128654971,NA,NA,0.233918128654971,NA,8935.32371794872,NA,20.8525641025626,NA,0.233918128654954,NA
67,90,858,NA,NA,1,NA,NA,0.116686114352392,NA,NA,0.116686114352392,NA,8945.75,NA,10.4262820512813,NA,0.116686114352384,NA
68,91,860,NA,NA,2,NA,NA,0.233100233100233,NA,NA,0.233100233100233,NA,8966.60256410256,NA,20.8525641025644,NA,0.233100233100237,NA
69,92,862,NA,NA,2,NA,NA,0.232558139534884,NA,NA,0.232558139534884,NA,8987.45512820513,NA,20.8525641025644,NA,0.232558139534887,NA
70,93,864,NA,NA,2,NA,NA,0.232018561484919,NA,NA,0.232018561484919,NA,9008.30769230769,NA,20.8525641025644,NA,0.232018561484922,NA
71,94,865,NA,NA,1,NA,NA,0.115740740740741,NA,NA,0.115740740740741,NA,9018.73397435897,NA,10.4262820512831,NA,0.115740740740753,NA
72,95,866,NA,NA,1,NA,NA,0.115606936416185,NA,NA,0.115606936416185,NA,9029.16025641026,NA,10.4262820512831,NA,0.115606936416197,NA
73,96,869,NA,NA,3,NA,NA,0.346420323325635,NA,NA,0.346420323325635,NA,9060.4391025641,NA,31.2788461538457,NA,0.34642032332563,NA
74,97,876,NA,NA,7,NA,NA,0.805523590333717,NA,NA,0.805523590333717,NA,9133.42307692308,NA,72.9839743589746,NA,0.805523590333719,NA
75,98,880,NA,NA,4,NA,NA,0.45662100456621,NA,NA,0.45662100456621,NA,9175.12820512821,NA,41.705128205127,NA,0.456621004566197,NA
76,99,883,NA,NA,3,NA,NA,0.340909090909091,NA,NA,0.340909090909091,NA,9206.40705128205,NA,31.2788461538457,NA,0.340909090909086,NA
77,100,885,NA,NA,2,NA,NA,0.226500566251416,NA,NA,0.226500566251416,NA,9227.25961538462,NA,20.8525641025644,NA,0.226500566251419,NA
78,101,888,NA,NA,3,NA,NA,0.338983050847458,NA,NA,0.338983050847458,NA,9258.53846153846,NA,31.2788461538457,NA,0.338983050847453,NA
