"daysFromToday","Day","Korea","Italy","X","dif.Korea","dif.Italy","dif.X","growth.Korea","growth.Italy","growth.X","prj.grKO.X","prj.grIT.X","grKO.prj.tot.X","grIT.prj.tot.X","dif.grKO.prj.tot.X","dif.grIT.prj.tot.X","growth.grKO.prj.tot.X","growth.grIT.prj.tot.X"
-71,NA,NA,NA,119,NA,NA,NA,NA,NA,NA,NA,NA,NA,NA,NA,NA,NA,NA
-70,NA,NA,NA,169,NA,NA,50,NA,NA,42.0168067226891,NA,NA,NA,NA,NA,NA,NA,NA
-69,NA,NA,NA,247,NA,NA,78,NA,NA,46.1538461538462,NA,NA,NA,NA,NA,NA,NA,NA
-68,NA,NA,NA,351,NA,NA,104,NA,NA,42.1052631578947,NA,NA,NA,NA,NA,NA,NA,NA
-67,NA,NA,NA,442,NA,NA,91,NA,NA,25.9259259259259,NA,NA,NA,NA,NA,NA,NA,NA
-66,NA,NA,NA,564,NA,NA,122,NA,NA,27.6018099547511,NA,NA,NA,NA,NA,NA,NA,NA
-65,NA,NA,NA,704,NA,NA,140,NA,NA,24.822695035461,NA,NA,NA,NA,NA,NA,NA,NA
-64,NA,NA,NA,867,NA,NA,163,NA,NA,23.1534090909091,NA,NA,NA,NA,NA,NA,NA,NA
-63,NA,NA,NA,1137,NA,NA,270,NA,NA,31.1418685121107,NA,NA,NA,NA,NA,NA,NA,NA
-62,NA,NA,NA,1406,NA,NA,269,NA,NA,23.6587510993843,NA,NA,NA,NA,NA,NA,NA,NA
-61,NA,NA,NA,1653,NA,NA,247,NA,NA,17.5675675675676,NA,NA,NA,NA,NA,NA,NA,NA
-60,NA,NA,NA,1933,NA,NA,280,NA,NA,16.9388989715669,NA,NA,NA,NA,NA,NA,NA,NA
-59,NA,NA,30,2199,NA,NA,266,NA,NA,13.7609932747025,NA,NA,NA,NA,NA,NA,NA,NA
-58,NA,NA,44,2547,NA,14,348,NA,46.6666666666667,15.8253751705321,NA,NA,NA,NA,NA,NA,NA,NA
-57,NA,NA,62,2902,NA,18,355,NA,40.9090909090909,13.937966234786,NA,NA,NA,NA,NA,NA,NA,NA
-56,NA,NA,88,3312,NA,26,410,NA,41.9354838709677,14.1281874569263,NA,NA,NA,NA,NA,NA,NA,NA
-55,NA,NA,127,3739,NA,39,427,NA,44.3181818181818,12.8925120772947,NA,NA,NA,NA,NA,NA,NA,NA
-54,NA,NA,172,4043,NA,45,304,NA,35.4330708661417,8.130516180797,NA,NA,NA,NA,NA,NA,NA,NA
-53,NA,NA,218,4450,NA,46,407,NA,26.7441860465116,10.0667820925056,NA,NA,NA,NA,NA,NA,NA,NA
-52,NA,NA,328,4782,NA,110,332,NA,50.4587155963303,7.46067415730337,NA,NA,NA,NA,NA,NA,NA,NA
-51,NA,NA,394,5148,NA,66,366,NA,20.1219512195122,7.65370138017566,NA,NA,NA,NA,NA,NA,NA,NA
-50,NA,NA,484,5512,NA,90,364,NA,22.8426395939086,7.07070707070707,NA,NA,NA,NA,NA,NA,NA,NA
-49,NA,NA,597,5878,NA,113,366,NA,23.3471074380165,6.6400580551524,NA,NA,NA,NA,NA,NA,NA,NA
-48,NA,NA,746,6250,NA,149,372,NA,24.9581239530988,6.32868322558693,NA,NA,NA,NA,NA,NA,NA,NA
-47,NA,NA,896,6604,NA,150,354,NA,20.1072386058981,5.664,NA,NA,NA,NA,NA,NA,NA,NA
-46,NA,NA,1137,6975,NA,241,371,NA,26.8973214285714,5.61780738946093,NA,NA,NA,NA,NA,NA,NA,NA
-45,NA,NA,1426,7280,NA,289,305,NA,25.4177660510114,4.37275985663082,NA,NA,NA,NA,NA,NA,NA,NA
-44,NA,NA,1773,7791,NA,347,511,NA,24.3338008415147,7.01923076923077,NA,NA,NA,NA,NA,NA,NA,NA
-43,NA,NA,1962,8414,NA,189,623,NA,10.6598984771574,7.99640610961366,NA,NA,NA,NA,NA,NA,NA,NA
-42,NA,NA,2409,9107,NA,447,693,NA,22.782874617737,8.23627287853577,NA,NA,NA,NA,NA,NA,NA,NA
-41,NA,NA,2922,10222,NA,513,1115,NA,21.2951432129514,12.2433293071264,NA,NA,NA,NA,NA,NA,NA,NA
-40,NA,NA,3414,11602,NA,492,1380,NA,16.8377823408624,13.500293484641,NA,NA,NA,NA,NA,NA,NA,NA
-39,NA,NA,4090,12919,NA,676,1317,NA,19.800820152314,11.3514911222203,NA,NA,NA,NA,NA,NA,NA,NA
-38,NA,NA,4784,13725,NA,694,806,NA,16.9682151589242,6.23887297778466,NA,NA,NA,NA,NA,NA,NA,NA
-37,NA,NA,5409,14117,NA,625,392,NA,13.064381270903,2.85610200364299,NA,NA,NA,NA,NA,NA,NA,NA
-36,NA,NA,6091,14694,NA,682,577,NA,12.6086152708449,4.08727066657222,NA,NA,NA,NA,NA,NA,NA,NA
-35,NA,NA,6904,15169,NA,813,475,NA,13.3475619766869,3.23261195045597,NA,NA,NA,NA,NA,NA,NA,NA
-34,NA,NA,7933,15587,NA,1029,418,NA,14.9044032444959,2.75562001450326,NA,NA,NA,NA,NA,NA,NA,NA
-33,NA,NA,9091,15963,NA,1158,376,NA,14.5972519853775,2.41226663245012,NA,NA,NA,NA,NA,NA,NA,NA
-32,NA,NA,10358,15699,NA,1267,-264,NA,13.9368606313937,-1.65382446908476,NA,NA,NA,NA,NA,NA,NA,NA
-31,NA,NA,11433,16128,NA,1075,429,NA,10.3784514385016,2.73265813109115,NA,NA,NA,NA,NA,NA,NA,NA
-30,NA,NA,12359,17303,NA,926,1175,NA,8.09936149741975,7.28546626984127,NA,NA,NA,NA,NA,NA,NA,NA
-29,NA,NA,13374,18027,NA,1015,724,NA,8.21263856299053,4.18424550655956,NA,NA,NA,NA,NA,NA,NA,NA
-28,0,24,14381,18743,NA,1007,716,NA,7.52953491849858,3.97182004770622,NA,NA,NA,NA,NA,NA,NA,NA
-27,1,47,15580,19335,23,1199,592,95.8333333333333,8.33738961129268,3.15851251133757,NA,NA,NA,NA,NA,NA,NA,NA
-26,2,99,16723,19914,52,1143,579,110.63829787234,7.33632862644416,2.99456943366951,NA,NA,NA,NA,NA,NA,NA,NA
-25,3,137,17878,20474,38,1155,560,38.3838383838384,6.90665550439514,2.812091995581,NA,NA,NA,NA,NA,NA,NA,NA
-24,4,190,18886,20969,53,1008,495,38.6861313868613,5.63821456538763,2.41770049819283,NA,NA,NA,NA,NA,NA,NA,NA
-23,5,223,19669,21576,33,783,607,17.3684210526316,4.14592820078365,2.89474939195956,NA,NA,NA,NA,NA,NA,NA,NA
-22,6,288,20453,22131,65,784,555,29.1479820627803,3.98596776653617,2.57230255839822,NA,NA,NA,NA,NA,NA,NA,NA
-21,7,403,21377,23016,115,924,885,39.9305555555556,4.51767466875275,3.99891554832588,NA,NA,NA,NA,NA,NA,NA,NA
-20,8,533,22280,23697,130,903,681,32.258064516129,4.22416615989147,2.95881126173097,NA,NA,NA,NA,NA,NA,NA,NA
-19,9,718,23166,24081,185,886,384,34.7091932457786,3.97666068222621,1.62045828585897,NA,NA,NA,NA,NA,NA,NA,NA
-18,10,852,24095,24777,134,929,696,18.6629526462396,4.01018734352068,2.89024542170176,NA,NA,NA,NA,NA,NA,NA,NA
-17,11,988,24930,25250,136,835,473,15.962441314554,3.46544926333264,1.90902853452799,NA,NA,NA,NA,NA,NA,NA,NA
-16,12,1182,25625,25721,194,695,471,19.6356275303644,2.78780585639791,1.86534653465347,NA,NA,NA,NA,NA,NA,NA,NA
-15,13,1282,26213,26357,100,588,636,8.46023688663283,2.29463414634146,2.47268768710392,NA,NA,NA,NA,NA,NA,NA,NA
-14,14,1388,26954,26954,106,741,597,8.26833073322933,2.82684164345935,2.26505292711614,NA,NA,NA,NA,NA,NA,NA,NA
-13,15,1503,27767,27474,115,813,520,8.28530259365994,3.01624990724939,1.92921273280404,NA,NA,NA,NA,NA,NA,NA,NA
-12,16,1605,28531,27923,102,764,449,6.78642714570858,2.75146756941693,1.6342724029992,NA,NA,NA,NA,NA,NA,NA,NA
-11,17,1668,29439,28454,63,908,531,3.92523364485981,3.18250324208755,1.90165813128962,NA,NA,NA,NA,NA,NA,NA,NA
-10,18,1705,30230,28952,37,791,498,2.21822541966427,2.68691191956249,1.75019329444015,NA,NA,NA,NA,NA,NA,NA,NA
-9,19,1713,30839,29436,8,609,484,0.469208211143695,2.01455507773735,1.67173252279635,NA,NA,NA,NA,NA,NA,NA,NA
-8,20,1768,31414,30167,55,575,731,3.21074138937536,1.86452219592075,2.48335371653757,NA,NA,NA,NA,NA,NA,NA,NA
-7,21,1794,31929,30794,26,515,627,1.47058823529412,1.63939644744381,2.07843007259588,NA,NA,NA,NA,NA,NA,NA,NA
-6,22,1819,32661,31408,25,732,614,1.39353400222965,2.2925866766889,1.99389491459375,NA,NA,NA,NA,NA,NA,NA,NA
-5,23,1844,33337,31911,25,676,503,1.37438152831226,2.069746792811,1.60150280183393,NA,NA,NA,NA,NA,NA,NA,NA
-4,24,1861,34012,32477,17,675,566,0.921908893709327,2.0247772744998,1.7736830559995,NA,NA,NA,NA,NA,NA,NA,NA
-3,25,1878,34601,33006,17,589,529,0.913487372380441,1.73174173821004,1.62884502878961,NA,NA,NA,NA,NA,NA,NA,NA
-2,26,1897,35037,33439,19,436,433,1.01171458998935,1.26007918846276,1.31188268799612,NA,NA,NA,NA,NA,NA,NA,NA
-1,27,1918,35564,33915,21,527,476,1.1070110701107,1.50412421154779,1.42348754448399,NA,NA,NA,NA,NA,NA,NA,NA
0,28,1953,36216,34566,35,652,651,1.82481751824817,1.8333145877854,1.91950464396285,NA,NA,34566,34566,651,651,NA,NA
1,29,1973,36728,NA,20,512,NA,1.02406554019457,1.4137397835211,NA,1.02406554019457,1.4137397835211,34919.9784946237,35054.6732935719,353.978494623654,488.673293571905,1.02406554019457,1.4137397835211
2,30,2006,37312,NA,33,584,NA,1.67257982767359,1.59006752341538,NA,1.67257982767359,1.59006752341538,35504.0430107527,35612.0662690524,584.06451612903,557.392975480449,1.67257982767359,1.59006752341537
3,31,2028,37767,NA,22,455,NA,1.09670987038883,1.21944682675815,NA,1.09670987038883,1.21944682675815,35893.4193548387,36046.3364811133,389.37634408602,434.270212060968,1.09670987038883,1.21944682675815
4,32,2043,38217,NA,15,450,NA,0.739644970414201,1.19151640320915,NA,0.739644970414201,1.19151640320915,36158.9032258064,36475.8344930418,265.483870967742,429.49801192843,0.739644970414203,1.19151640320915
5,33,2060,38553,NA,17,336,NA,0.83210964268233,0.879189889316273,NA,0.83210964268233,0.879189889316273,36459.7849462365,36796.5263419483,300.881720430101,320.691848906565,0.832109642682313,0.879189889316284
6,34,2083,38957,NA,23,404,NA,1.11650485436893,1.0479080745986,NA,1.11650485436893,1.0479080745986,36866.8602150538,37182.1201126574,407.075268817207,385.593770709078,1.11650485436894,1.0479080745986
7,35,2107,39360,NA,24,403,NA,1.15218434949592,1.03447390712837,NA,1.15218434949592,1.03447390712837,37291.6344086021,37566.75944334,424.774193548386,384.63933068257,1.15218434949592,1.03447390712837
8,36,2128,39722,NA,21,362,NA,0.996677740863787,0.919715447154472,NA,0.996677740863787,0.919715447154472,37663.311827957,37912.2667329357,371.677419354834,345.507289595764,0.996677740863774,0.919715447154485
9,37,2161,40102,NA,33,380,NA,1.55075187969925,0.956648708524243,NA,1.55075187969925,0.956648708524243,38247.376344086,38274.9539430086,584.06451612903,362.687210072894,1.55075187969924,0.956648708524239
10,38,2185,40469,NA,24,367,NA,1.1105969458584,0.915166325869034,NA,1.1105969458584,0.915166325869034,38672.1505376344,38625.2334327369,424.774193548386,350.279489728295,1.1105969458584,0.915166325869028
11,39,2203,40738,NA,18,269,NA,0.823798627002288,0.664706318416566,NA,0.823798627002288,0.664706318416566,38990.7311827957,38881.9777998675,318.580645161288,256.744367130552,0.823798627002283,0.66470631841657
12,40,2231,40974,NA,28,236,NA,1.27099409895597,0.57931169915067,NA,1.27099409895597,0.57931169915067,39486.3010752688,39107.2256461233,495.569892473119,225.247846255799,1.27099409895597,0.579311699150672
13,41,2254,41182,NA,23,208,NA,1.03092783505155,0.507638990579392,NA,1.03092783505155,0.507638990579392,39893.376344086,39305.7491716369,407.0752688172,198.523525513585,1.03092783505154,0.507638990579391
14,42,2274,41461,NA,20,279,NA,0.887311446317657,0.677480452624933,NA,0.887311446317657,0.677480452624933,40247.3548387097,39572.0379390325,353.978494623654,266.288767395621,0.887311446317653,0.67748045262492
15,43,2294,41732,NA,20,271,NA,0.879507475813544,0.653626299413907,NA,0.879507475813544,0.653626299413907,40601.3333333333,39830.691186216,353.978494623654,258.65324718356,0.87950747581354,0.653626299413893
16,44,2316,41988,NA,22,256,NA,0.959023539668701,0.613438129013707,NA,0.959023539668701,0.613438129013707,40990.7096774193,40075.027833002,389.37634408602,244.336646785952,0.959023539668698,0.61343812901371
17,45,2334,42198,NA,18,210,NA,0.77720207253886,0.500142897970849,NA,0.77720207253886,0.500142897970849,41309.2903225806,40275.4602385686,318.580645161288,200.4324055666,0.777202072538855,0.500142897970848
18,46,2345,42353,NA,11,155,NA,0.471293916023993,0.367315986539646,NA,0.471293916023993,0.367315986539646,41503.9784946236,40423.3984426773,194.68817204301,147.938204108686,0.471293916023992,0.367315986539659
19,47,2355,42497,NA,10,144,NA,0.426439232409382,0.339999527778434,NA,0.426439232409382,0.339999527778434,41680.9677419355,40560.8378064944,176.989247311831,137.439363817095,0.426439232409389,0.339999527778428
20,48,2367,42768,NA,12,271,NA,0.509554140127389,0.63769207238158,NA,0.509554140127389,0.63769207238158,41893.3548387097,40819.4910536779,212.387096774197,258.653247183567,0.509554140127397,0.637692072381584
21,49,2376,42939,NA,9,171,NA,0.380228136882129,0.39983164983165,NA,0.380228136882129,0.39983164983165,42052.6451612903,40982.7002982107,159.290322580644,163.209244532802,0.380228136882127,0.399831649831646
22,50,2383,43131,NA,7,192,NA,0.294612794612795,0.447145951233145,NA,0.294612794612795,0.447145951233145,42176.5376344086,41165.9527833002,123.892473118285,183.252485089462,0.294612794612808,0.447145951233143
23,51,2389,43284,NA,6,153,NA,0.251783466219052,0.354733254503721,NA,0.251783466219052,0.354733254503721,42282.7311827957,41311.9821073559,106.193548387098,146.029324055671,0.251783466219056,0.354733254503734
24,52,2397,43453,NA,8,169,NA,0.334868145667643,0.390444506053045,NA,0.334868145667643,0.390444506053045,42424.3225806451,41473.2824718357,141.591397849457,161.300364479794,0.334868145667632,0.390444506053059
25,53,2402,43583,NA,5,130,NA,0.208594075928244,0.299173819989414,NA,0.208594075928244,0.299173819989414,42512.817204301,41597.3596752817,88.4946236559117,124.077203445988,0.208594075928238,0.299173819989407
26,54,2409,43671,NA,7,88,NA,0.291423813488759,0.201913590161301,NA,0.291423813488759,0.201913590161301,42636.7096774193,41681.3503976143,123.892473118285,83.9907223326736,0.291423813488773,0.201913590161309
27,55,2415,43828,NA,6,157,NA,0.24906600249066,0.359506308534268,NA,0.24906600249066,0.359506308534268,42742.9032258064,41831.197481776,106.193548387098,149.847084161702,0.249066002490664,0.35950630853428
28,56,2420,43956,NA,5,128,NA,0.20703933747412,0.292050743816738,NA,0.20703933747412,0.292050743816738,42831.3978494624,41953.365805169,88.494623655919,122.168323392973,0.207039337474132,0.292050743816731
29,57,2425,44080,NA,5,124,NA,0.206611570247934,0.282100282100282,NA,0.206611570247934,0.282100282100282,42919.8924731183,42071.7163684559,88.4946236559117,118.350563286942,0.206611570247929,0.282100282100275
30,58,2429,44207,NA,4,127,NA,0.164948453608247,0.288112522686025,NA,0.164948453608247,0.288112522686025,42990.688172043,42192.9302518224,70.795698924725,121.213883366472,0.164948453608233,0.288112522686035
31,59,2431,44336,NA,2,129,NA,0.0823384108686702,0.291808989526546,NA,0.0823384108686702,0.291808989526546,43026.0860215054,42316.0530152419,35.3978494623661,123.12276341948,0.0823384108686716,0.291808989526539
32,60,2434,44439,NA,3,103,NA,0.123406005758947,0.232316853121617,NA,0.123406005758947,0.232316853121617,43079.1827956989,42414.3603379722,53.0967741935528,98.3073227302884,0.123406005758957,0.232316853121625
33,61,2436,44497,NA,2,58,NA,0.0821692686935086,0.130515988208556,NA,0.0821692686935086,0.130515988208556,43114.5806451613,42469.7178595096,35.3978494623661,55.3575215374367,0.0821692686935099,0.130515988208543
34,62,2438,44573,NA,2,76,NA,0.0821018062397373,0.170798031327955,NA,0.0821018062397373,0.170798031327955,43149.9784946236,42542.2553015242,35.3978494623661,72.5374420145818,0.0821018062397386,0.170798031327961
35,63,2441,44686,NA,3,113,NA,0.123051681706317,0.253516702936755,NA,0.123051681706317,0.253516702936755,43203.0752688172,42650.1070245196,53.0967741935528,107.851722995365,0.123051681706327,0.253516702936764
36,64,2444,44801,NA,3,115,NA,0.122900450634986,0.257351295707828,NA,0.122900450634986,0.257351295707828,43256.1720430107,42759.8676275679,53.0967741935528,109.76060304838,0.122900450634996,0.257351295707837
37,65,2446,44901,NA,2,100,NA,0.0818330605564648,0.223209303363764,NA,0.0818330605564648,0.223209303363764,43291.5698924731,42855.3116302187,35.3978494623661,95.4440026507655,0.0818330605564661,0.223209303363772
38,66,2448,NA,NA,2,NA,NA,0.0817661488143908,NA,NA,0.0817661488143908,NA,43326.9677419355,NA,35.3978494623661,NA,0.0817661488143921,NA
39,67,2451,NA,NA,3,NA,NA,0.122549019607843,NA,NA,0.122549019607843,NA,43380.064516129,NA,53.0967741935456,NA,0.122549019607837,NA
40,68,2453,NA,NA,2,NA,NA,0.0815993472052224,NA,NA,0.0815993472052224,NA,43415.4623655914,NA,35.3978494623661,NA,0.0815993472052236,NA
41,69,2454,NA,NA,1,NA,NA,0.040766408479413,NA,NA,0.040766408479413,NA,43433.1612903226,NA,17.6989247311794,NA,0.0407664084794052,NA
42,70,2456,NA,NA,2,NA,NA,0.0814995925020375,NA,NA,0.0814995925020375,NA,43468.5591397849,NA,35.3978494623661,NA,0.0814995925020388,NA
43,71,2458,NA,NA,2,NA,NA,0.0814332247557003,NA,NA,0.0814332247557003,NA,43503.9569892473,NA,35.3978494623589,NA,0.0814332247556849,NA
44,72,2461,NA,NA,3,NA,NA,0.122050447518308,NA,NA,0.122050447518308,NA,43557.0537634408,NA,53.0967741935528,NA,0.122050447518318,NA
45,73,2463,NA,NA,2,NA,NA,0.0812677773262901,NA,NA,0.0812677773262901,NA,43592.4516129032,NA,35.3978494623661,NA,0.0812677773262914,NA
46,74,2463,NA,NA,0,NA,NA,0,NA,NA,0,NA,43592.4516129032,NA,0,NA,0,NA
47,75,2464,NA,NA,1,NA,NA,0.0406008932196508,NA,NA,0.0406008932196508,NA,43610.1505376344,NA,17.6989247311794,NA,0.0406008932196431,NA
48,76,2465,NA,NA,1,NA,NA,0.0405844155844156,NA,NA,0.0405844155844156,NA,43627.8494623656,NA,17.6989247311794,NA,0.0405844155844079,NA
49,77,2467,NA,NA,2,NA,NA,0.0811359026369168,NA,NA,0.0811359026369168,NA,43663.2473118279,NA,35.3978494623661,NA,0.0811359026369181,NA
50,78,2471,NA,NA,4,NA,NA,0.16214025131739,NA,NA,0.16214025131739,NA,43734.0430107527,NA,70.7956989247323,NA,0.162140251317392,NA
51,79,2479,NA,NA,8,NA,NA,0.323755564548766,NA,NA,0.323755564548766,NA,43875.6344086021,NA,141.591397849457,NA,0.323755564548754,NA
52,80,2487,NA,NA,8,NA,NA,0.322710770471965,NA,NA,0.322710770471965,NA,44017.2258064516,NA,141.591397849465,NA,0.32271077047197,NA
53,81,2493,NA,NA,6,NA,NA,0.241254523522316,NA,NA,0.241254523522316,NA,44123.4193548387,NA,106.193548387091,NA,0.241254523522303,NA
54,82,2499,NA,NA,6,NA,NA,0.240673886883273,NA,NA,0.240673886883273,NA,44229.6129032258,NA,106.193548387098,NA,0.240673886883277,NA
55,83,2506,NA,NA,7,NA,NA,0.280112044817927,NA,NA,0.280112044817927,NA,44353.5053763441,NA,123.892473118278,NA,0.280112044817923,NA
56,84,2512,NA,NA,6,NA,NA,0.239425379090184,NA,NA,0.239425379090184,NA,44459.6989247312,NA,106.193548387098,NA,0.239425379090187,NA
57,85,2516,NA,NA,4,NA,NA,0.159235668789809,NA,NA,0.159235668789809,NA,44530.4946236559,NA,70.7956989247323,NA,0.159235668789811,NA
58,86,2519,NA,NA,3,NA,NA,0.119236883942766,NA,NA,0.119236883942766,NA,44583.5913978494,NA,53.0967741935528,NA,0.119236883942776,NA
59,87,2523,NA,NA,4,NA,NA,0.158793171893609,NA,NA,0.158793171893609,NA,44654.3870967742,NA,70.795698924725,NA,0.158793171893595,NA
60,88,2526,NA,NA,3,NA,NA,0.118906064209275,NA,NA,0.118906064209275,NA,44707.4838709677,NA,53.0967741935528,NA,0.118906064209285,NA
61,89,2533,NA,NA,7,NA,NA,0.277117973079968,NA,NA,0.277117973079968,NA,44831.376344086,NA,123.892473118278,NA,0.277117973079965,NA
62,90,2536,NA,NA,3,NA,NA,0.118436636399526,NA,NA,0.118436636399526,NA,44884.4731182795,NA,53.0967741935456,NA,0.11843663639952,NA
63,91,2540,NA,NA,4,NA,NA,0.157728706624606,NA,NA,0.157728706624606,NA,44955.2688172043,NA,70.7956989247323,NA,0.157728706624608,NA
64,92,2546,NA,NA,6,NA,NA,0.236220472440945,NA,NA,0.236220472440945,NA,45061.4623655914,NA,106.193548387091,NA,0.236220472440932,NA
65,93,2551,NA,NA,5,NA,NA,0.196386488609584,NA,NA,0.196386488609584,NA,45149.9569892473,NA,88.4946236559117,NA,0.196386488609579,NA
66,94,2555,NA,NA,4,NA,NA,0.156801254410035,NA,NA,0.156801254410035,NA,45220.752688172,NA,70.7956989247323,NA,0.156801254410038,NA
67,95,2559,NA,NA,4,NA,NA,0.156555772994129,NA,NA,0.156555772994129,NA,45291.5483870967,NA,70.7956989247323,NA,0.156555772994132,NA
68,96,2568,NA,NA,9,NA,NA,0.351699882766706,NA,NA,0.351699882766706,NA,45450.8387096774,NA,159.290322580644,NA,0.351699882766703,NA
69,97,2586,NA,NA,18,NA,NA,0.700934579439252,NA,NA,0.700934579439252,NA,45769.4193548387,NA,318.580645161288,NA,0.700934579439248,NA
70,98,2600,NA,NA,14,NA,NA,0.541376643464811,NA,NA,0.541376643464811,NA,46017.2043010752,NA,247.784946236556,NA,0.541376643464803,NA
71,99,2608,NA,NA,8,NA,NA,0.307692307692308,NA,NA,0.307692307692308,NA,46158.7956989247,NA,141.591397849457,NA,0.307692307692297,NA
