"daysFromToday","Day","Korea","Italy","X","dif.Korea","dif.Italy","dif.X","growth.Korea","growth.Italy","growth.X","prj.grKO.X","prj.grIT.X","grKO.prj.tot.X","grIT.prj.tot.X","dif.grKO.prj.tot.X","dif.grIT.prj.tot.X","growth.grKO.prj.tot.X","growth.grIT.prj.tot.X"
-70,NA,NA,NA,107,NA,NA,NA,NA,NA,NA,NA,NA,NA,NA,NA,NA,NA,NA
-69,NA,NA,NA,125,NA,NA,18,NA,NA,16.8224299065421,NA,NA,NA,NA,NA,NA,NA,NA
-68,NA,NA,NA,149,NA,NA,24,NA,NA,19.2,NA,NA,NA,NA,NA,NA,NA,NA
-67,NA,NA,NA,155,NA,NA,6,NA,NA,4.02684563758389,NA,NA,NA,NA,NA,NA,NA,NA
-66,NA,NA,NA,168,NA,NA,13,NA,NA,8.38709677419355,NA,NA,NA,NA,NA,NA,NA,NA
-65,NA,NA,NA,211,NA,NA,43,NA,NA,25.5952380952381,NA,NA,NA,NA,NA,NA,NA,NA
-64,NA,NA,NA,253,NA,NA,42,NA,NA,19.9052132701422,NA,NA,NA,NA,NA,NA,NA,NA
-63,NA,NA,NA,275,NA,NA,22,NA,NA,8.69565217391304,NA,NA,NA,NA,NA,NA,NA,NA
-62,NA,NA,NA,303,NA,NA,28,NA,NA,10.1818181818182,NA,NA,NA,NA,NA,NA,NA,NA
-61,NA,NA,NA,344,NA,NA,41,NA,NA,13.5313531353135,NA,NA,NA,NA,NA,NA,NA,NA
-60,NA,NA,NA,376,NA,NA,32,NA,NA,9.30232558139535,NA,NA,NA,NA,NA,NA,NA,NA
-59,NA,NA,NA,432,NA,NA,56,NA,NA,14.8936170212766,NA,NA,NA,NA,NA,NA,NA,NA
-58,NA,NA,NA,456,NA,NA,24,NA,NA,5.55555555555556,NA,NA,NA,NA,NA,NA,NA,NA
-57,NA,NA,3,470,NA,NA,14,NA,NA,3.07017543859649,NA,NA,NA,NA,NA,NA,NA,NA
-56,NA,NA,5,499,NA,2,29,NA,66.6666666666667,6.17021276595745,NA,NA,NA,NA,NA,NA,NA,NA
-55,NA,NA,7,519,NA,2,20,NA,40,4.00801603206413,NA,NA,NA,NA,NA,NA,NA,NA
-54,NA,NA,10,537,NA,3,18,NA,42.8571428571429,3.46820809248555,NA,NA,NA,NA,NA,NA,NA,NA
-53,NA,NA,15,560,NA,5,23,NA,50,4.28305400372439,NA,NA,NA,NA,NA,NA,NA,NA
-52,NA,NA,20,586,NA,5,26,NA,33.3333333333333,4.64285714285714,NA,NA,NA,NA,NA,NA,NA,NA
-51,NA,NA,25,616,NA,5,30,NA,25,5.11945392491468,NA,NA,NA,NA,NA,NA,NA,NA
-50,NA,NA,38,633,NA,13,17,NA,52,2.75974025974026,NA,NA,NA,NA,NA,NA,NA,NA
-49,NA,NA,45,698,NA,7,65,NA,18.4210526315789,10.2685624012638,NA,NA,NA,NA,NA,NA,NA,NA
-48,NA,NA,56,734,NA,11,36,NA,24.4444444444444,5.15759312320917,NA,NA,NA,NA,NA,NA,NA,NA
-47,NA,NA,69,770,NA,13,36,NA,23.2142857142857,4.90463215258856,NA,NA,NA,NA,NA,NA,NA,NA
-46,NA,NA,86,796,NA,17,26,NA,24.6376811594203,3.37662337662338,NA,NA,NA,NA,NA,NA,NA,NA
-45,NA,NA,103,827,NA,17,31,NA,19.7674418604651,3.89447236180905,NA,NA,NA,NA,NA,NA,NA,NA
-44,NA,NA,131,847,NA,28,20,NA,27.1844660194175,2.41837968561064,NA,NA,NA,NA,NA,NA,NA,NA
-43,NA,NA,164,867,NA,33,20,NA,25.1908396946565,2.36127508854782,NA,NA,NA,NA,NA,NA,NA,NA
-42,NA,NA,204,875,NA,40,8,NA,24.390243902439,0.922722029988466,NA,NA,NA,NA,NA,NA,NA,NA
-41,NA,NA,226,888,NA,22,13,NA,10.7843137254902,1.48571428571429,NA,NA,NA,NA,NA,NA,NA,NA
-40,NA,NA,277,907,NA,51,19,NA,22.5663716814159,2.13963963963964,NA,NA,NA,NA,NA,NA,NA,NA
-39,NA,NA,336,937,NA,59,30,NA,21.2996389891697,3.30760749724366,NA,NA,NA,NA,NA,NA,NA,NA
-38,NA,NA,393,965,NA,57,28,NA,16.9642857142857,2.98826040554963,NA,NA,NA,NA,NA,NA,NA,NA
-37,NA,NA,470,990,NA,77,25,NA,19.5928753180662,2.59067357512953,NA,NA,NA,NA,NA,NA,NA,NA
-36,NA,NA,550,1015,NA,80,25,NA,17.0212765957447,2.52525252525253,NA,NA,NA,NA,NA,NA,NA,NA
-35,NA,NA,622,1023,NA,72,8,NA,13.0909090909091,0.788177339901478,NA,NA,NA,NA,NA,NA,NA,NA
-34,NA,NA,700,1040,NA,78,17,NA,12.540192926045,1.66177908113392,NA,NA,NA,NA,NA,NA,NA,NA
-33,NA,NA,794,1056,NA,94,16,NA,13.4285714285714,1.53846153846154,NA,NA,NA,NA,NA,NA,NA,NA
-32,NA,NA,912,1095,NA,118,39,NA,14.8614609571788,3.69318181818182,NA,NA,NA,NA,NA,NA,NA,NA
-31,NA,NA,1045,1123,NA,133,28,NA,14.5833333333333,2.55707762557078,NA,NA,NA,NA,NA,NA,NA,NA
-30,NA,NA,1191,1152,NA,146,29,NA,13.9712918660287,2.58236865538736,NA,NA,NA,NA,NA,NA,NA,NA
-29,NA,NA,1315,1185,NA,124,33,NA,10.4114189756507,2.86458333333333,NA,NA,NA,NA,NA,NA,NA,NA
-28,NA,NA,1421,1205,NA,106,20,NA,8.06083650190114,1.68776371308017,NA,NA,NA,NA,NA,NA,NA,NA
-27,NA,NA,1538,1226,NA,117,21,NA,8.23363828289937,1.74273858921162,NA,NA,NA,NA,NA,NA,NA,NA
-26,NA,NA,1654,1254,NA,116,28,NA,7.54226267880364,2.28384991843393,NA,NA,NA,NA,NA,NA,NA,NA
-25,NA,NA,1792,1330,NA,138,76,NA,8.34340991535671,6.06060606060606,NA,NA,NA,NA,NA,NA,NA,NA
-24,NA,NA,1923,1374,NA,131,44,NA,7.31026785714286,3.30827067669173,NA,NA,NA,NA,NA,NA,NA,NA
-23,NA,NA,2056,1408,NA,133,34,NA,6.91627665106604,2.4745269286754,NA,NA,NA,NA,NA,NA,NA,NA
-22,0,3,2172,1436,NA,116,28,NA,5.6420233463035,1.98863636363636,NA,NA,NA,NA,NA,NA,NA,NA
-21,1,5,2262,1462,2,90,26,66.6666666666667,4.14364640883978,1.81058495821727,NA,NA,NA,NA,NA,NA,NA,NA
-20,2,11,2352,1477,6,90,15,120,3.97877984084881,1.02599179206566,NA,NA,NA,NA,NA,NA,NA,NA
-19,3,16,2458,1515,5,106,38,45.4545454545455,4.50680272108844,2.5727826675694,NA,NA,NA,NA,NA,NA,NA,NA
-18,4,22,2562,1565,6,104,50,37.5,4.23108218063466,3.3003300330033,NA,NA,NA,NA,NA,NA,NA,NA
-17,5,26,2664,1603,4,102,38,18.1818181818182,3.98126463700234,2.42811501597444,NA,NA,NA,NA,NA,NA,NA,NA
-16,6,33,2771,1648,7,107,45,26.9230769230769,4.01651651651652,2.80723643169058,NA,NA,NA,NA,NA,NA,NA,NA
-15,7,46,2867,1687,13,96,39,39.3939393939394,3.46445326596896,2.36650485436893,NA,NA,NA,NA,NA,NA,NA,NA
-14,8,61,2947,1713,15,80,26,32.6086956521739,2.79037321241716,1.5411973918198,NA,NA,NA,NA,NA,NA,NA,NA
-13,9,83,3014,1741,22,67,28,36.0655737704918,2.27349847302341,1.63455925277291,NA,NA,NA,NA,NA,NA,NA,NA
-12,10,98,3100,1819,15,86,78,18.0722891566265,2.85335102853351,4.48018380241241,NA,NA,NA,NA,NA,NA,NA,NA
-11,11,114,3193,1877,16,93,58,16.3265306122449,3,3.18856514568444,NA,NA,NA,NA,NA,NA,NA,NA
-10,12,136,3281,1948,22,88,71,19.2982456140351,2.7560288130285,3.78263185935003,NA,NA,NA,NA,NA,NA,NA,NA
-9,13,147,3385,2013,11,104,65,8.08823529411765,3.16976531545261,3.33675564681725,NA,NA,NA,NA,NA,NA,NA,NA
-8,14,160,3476,2055,13,91,42,8.84353741496599,2.68833087149188,2.08643815201192,NA,NA,NA,NA,NA,NA,NA,NA
-7,15,173,3546,2074,13,70,19,8.125,2.01380897583429,0.924574209245742,NA,NA,NA,NA,NA,NA,NA,NA
-6,16,185,3612,2109,12,66,35,6.9364161849711,1.86125211505922,1.68756027000964,NA,NA,NA,NA,NA,NA,NA,NA
-5,17,192,3672,2137,7,60,28,3.78378378378378,1.66112956810631,1.32764343290659,NA,NA,NA,NA,NA,NA,NA,NA
-4,18,196,3756,2189,4,84,52,2.08333333333333,2.28758169934641,2.43331773514272,NA,NA,NA,NA,NA,NA,NA,NA
-3,19,197,3834,2226,1,78,37,0.510204081632653,2.07667731629393,1.69026952946551,NA,NA,NA,NA,NA,NA,NA,NA
-2,20,203,3911,2282,6,77,56,3.04568527918782,2.00834637454356,2.51572327044025,NA,NA,NA,NA,NA,NA,NA,NA
-1,21,206,3979,2325,3,68,43,1.47783251231527,1.73868575811813,1.88431200701139,NA,NA,NA,NA,NA,NA,NA,NA
0,22,209,4029,2349,3,50,24,1.45631067961165,1.25659713495853,1.03225806451613,NA,NA,2349,2349,24,24,NA,NA
1,23,212,4090,NA,3,61,NA,1.43540669856459,1.51402333085133,NA,1.43540669856459,1.51402333085133,2382.71770334928,2384.5644080417,33.7177033492821,35.5644080416978,1.43540669856459,1.51402333085133
2,24,214,4165,NA,2,75,NA,0.943396226415094,1.83374083129584,NA,0.943396226415094,1.83374083129584,2405.1961722488,2428.29113924051,22.4784688995219,43.7267311988085,0.943396226415109,1.83374083129584
3,25,216,4224,NA,2,59,NA,0.934579439252336,1.41656662665066,NA,0.934579439252336,1.41656662665066,2427.67464114833,2462.6895011169,22.4784688995214,34.3983618763959,0.934579439252332,1.41656662665065
4,26,218,4291,NA,2,67,NA,0.925925925925926,1.58617424242424,NA,0.925925925925926,1.58617424242424,2450.15311004785,2501.7520476545,22.4784688995214,39.0625465376024,0.925925925925922,1.58617424242424
5,27,221,4343,NA,3,52,NA,1.37614678899083,1.21183873223025,NA,1.37614678899083,1.21183873223025,2483.87081339713,2532.06924795235,33.7177033492821,30.3172002978408,1.37614678899082,1.21183873223026
6,28,225,4395,NA,4,52,NA,1.80995475113122,1.1973290352291,NA,1.80995475113122,1.1973290352291,2528.82775119617,2562.38644825019,44.9569377990429,30.3172002978408,1.80995475113121,1.19732903522911
7,29,227,4433,NA,2,38,NA,0.888888888888889,0.864618885096701,NA,0.888888888888889,0.864618885096701,2551.30622009569,2584.54132539092,22.4784688995219,22.1548771407297,0.888888888888903,0.8646188850967
8,30,231,4480,NA,4,47,NA,1.76211453744493,1.06023009248816,NA,1.76211453744493,1.06023009248816,2596.26315789474,2611.9434102755,44.9569377990429,27.4020848845871,1.76211453744493,1.06023009248817
9,31,233,4526,NA,2,46,NA,0.865800865800866,1.02678571428571,NA,0.865800865800866,1.02678571428571,2618.74162679426,2638.76247207744,22.4784688995214,26.8190618019362,0.865800865800862,1.02678571428572
10,32,235,4568,NA,2,42,NA,0.858369098712446,0.927971718957137,NA,0.858369098712446,0.927971718957137,2641.22009569378,2663.24944154877,22.4784688995214,24.4869694713329,0.858369098712443,0.92797171895714
11,33,237,4612,NA,2,44,NA,0.851063829787234,0.963222416812609,NA,0.851063829787234,0.963222416812609,2663.6985645933,2688.90245718541,22.4784688995214,25.6530156366343,0.85106382978723,0.963222416812607
12,34,240,4654,NA,3,42,NA,1.26582278481013,0.910667823070251,NA,1.26582278481013,0.910667823070251,2697.41626794258,2713.38942665674,33.7177033492826,24.4869694713329,1.26582278481014,0.910667823070255
13,35,242,4685,NA,2,31,NA,0.833333333333333,0.666093682853459,NA,0.833333333333333,0.666093682853459,2719.8947368421,2731.46314221891,22.4784688995214,18.0737155621741,0.83333333333333,0.666093682853455
14,36,245,4712,NA,3,27,NA,1.2396694214876,0.576307363927428,NA,1.2396694214876,0.576307363927428,2753.61244019139,2747.20476545048,33.7177033492826,15.7416232315709,1.23966942148761,0.57630736392742
15,37,249,4736,NA,4,24,NA,1.63265306122449,0.509337860780985,NA,1.63265306122449,0.509337860780985,2798.56937799043,2761.1973194341,44.9569377990429,13.9925539836186,1.63265306122448,0.509337860780977
16,38,251,4768,NA,2,32,NA,0.803212851405622,0.675675675675676,NA,0.803212851405622,0.675675675675676,2821.04784688995,2779.85405807893,22.4784688995219,18.6567386448251,0.803212851405635,0.675675675675677
17,39,253,4799,NA,2,31,NA,0.796812749003984,0.650167785234899,NA,0.796812749003984,0.650167785234899,2843.52631578947,2797.9277736411,22.4784688995214,18.0737155621741,0.79681274900398,0.650167785234895
18,40,257,4829,NA,4,30,NA,1.58102766798419,0.625130235465722,NA,1.58102766798419,0.625130235465722,2888.48325358852,2815.41846612063,44.9569377990429,17.4906924795237,1.58102766798418,0.625130235465729
19,41,259,4853,NA,2,24,NA,0.778210116731518,0.496997307931249,NA,0.778210116731518,0.496997307931249,2910.96172248804,2829.41102010424,22.4784688995214,13.9925539836186,0.778210116731514,0.496997307931242
20,42,262,4870,NA,3,17,NA,1.15830115830116,0.350298784257161,NA,1.15830115830116,0.350298784257161,2944.67942583732,2839.32241250931,33.7177033492821,9.91139240506345,1.15830115830115,0.350298784257166
21,43,264,4887,NA,2,17,NA,0.763358778625954,0.349075975359343,NA,0.763358778625954,0.349075975359343,2967.15789473684,2849.23380491437,22.4784688995214,9.911392405063,0.763358778625951,0.349075975359333
22,44,266,4918,NA,2,31,NA,0.757575757575758,0.634335993452016,NA,0.757575757575758,0.634335993452016,2989.63636363636,2867.30752047655,22.4784688995214,18.0737155621741,0.757575757575754,0.634335993452012
23,45,268,4938,NA,2,20,NA,0.75187969924812,0.406669377795852,NA,0.75187969924812,0.406669377795852,3012.11483253588,2878.96798212956,22.4784688995219,11.6604616530158,0.751879699248132,0.406669377795857
24,46,270,4960,NA,2,22,NA,0.746268656716418,0.445524503847712,NA,0.746268656716418,0.445524503847712,3034.59330143541,2891.79448994788,22.4784688995214,12.8265078183172,0.746268656716415,0.445524503847711
25,47,271,4978,NA,1,18,NA,0.37037037037037,0.362903225806452,NA,0.37037037037037,0.362903225806452,3045.83253588517,2902.28890543559,11.2392344497612,10.4944154877144,0.370370370370384,0.362903225806462
26,48,272,4997,NA,1,19,NA,0.3690036900369,0.381679389312977,NA,0.3690036900369,0.381679389312977,3057.07177033493,2913.36634400596,11.2392344497607,11.0774385703648,0.369003690036899,0.381679389312977
27,49,273,5012,NA,1,15,NA,0.367647058823529,0.300180108064839,NA,0.367647058823529,0.300180108064839,3068.31100478469,2922.11169024572,11.2392344497607,8.7453462397616,0.367647058823528,0.300180108064835
28,50,274,5022,NA,1,10,NA,0.366300366300366,0.19952114924182,NA,0.366300366300366,0.19952114924182,3079.55023923445,2927.94192107223,11.2392344497607,5.83023082650789,0.366300366300365,0.199521149241822
29,51,275,5040,NA,1,18,NA,0.364963503649635,0.3584229390681,NA,0.364963503649635,0.3584229390681,3090.78947368421,2938.43633655994,11.2392344497607,10.4944154877139,0.364963503649633,0.358422939068095
30,52,276,5055,NA,1,15,NA,0.363636363636364,0.297619047619048,NA,0.363636363636364,0.297619047619048,3102.02870813397,2947.1816827997,11.2392344497607,8.7453462397616,0.363636363636362,0.297619047619043
31,53,276,5069,NA,0,14,NA,0,0.276953511374876,NA,0,0.276953511374876,3102.02870813397,2955.34400595681,0,8.16232315711068,0,0.276953511374867
32,54,277,5084,NA,1,15,NA,0.36231884057971,0.295916354310515,NA,0.36231884057971,0.295916354310515,3113.26794258373,2964.08935219657,11.2392344497607,8.74534623976206,0.362318840579709,0.295916354310526
33,55,278,5098,NA,1,14,NA,0.36101083032491,0.27537372147915,NA,0.36101083032491,0.27537372147915,3124.50717703349,2972.25167535369,11.2392344497607,8.16232315711068,0.361010830324908,0.275373721479141
34,56,278,5110,NA,0,12,NA,0,0.235386426049431,NA,0,0.235386426049431,3124.50717703349,2979.24795234549,0,6.99627699180928,0,0.235386426049428
35,57,279,5117,NA,1,7,NA,0.359712230215827,0.136986301369863,NA,0.359712230215827,0.136986301369863,3135.74641148325,2983.32911392405,11.2392344497607,4.08116157855557,0.359712230215826,0.136986301369866
36,58,279,5126,NA,0,9,NA,0,0.175884307211257,NA,0,0.175884307211257,3135.74641148325,2988.57632166791,0,5.24720774385696,0,0.175884307211254
37,59,280,5139,NA,1,13,NA,0.3584229390681,0.253609051892314,NA,0.3584229390681,0.253609051892314,3146.98564593301,2996.15562174237,11.2392344497607,7.57930007446021,0.358422939068099,0.253609051892315
38,60,280,5152,NA,0,13,NA,0,0.252967503405332,NA,0,0.252967503405332,3146.98564593301,3003.73492181683,0,7.57930007446021,0,0.252967503405333
39,61,280,5163,NA,0,11,NA,0,0.213509316770186,NA,0,0.213509316770186,3146.98564593301,3010.14817572599,0,6.41325390915836,0,0.213509316770178
40,62,280,5173,NA,0,10,NA,0,0.193685841564982,NA,0,0.193685841564982,3146.98564593301,3015.97840655249,0,5.83023082650789,0,0.193685841564984
41,63,281,5180,NA,1,7,NA,0.357142857142857,0.13531799729364,NA,0.357142857142857,0.13531799729364,3158.22488038277,3020.05956813105,11.2392344497607,4.08116157855557,0.357142857142856,0.135317997293643
42,64,281,5185,NA,0,5,NA,0,0.0965250965250965,NA,0,0.0965250965250965,3158.22488038277,3022.9746835443,0,2.91511541325372,0,0.0965250965250901
43,65,281,NA,NA,0,NA,NA,0,NA,NA,0,NA,3158.22488038277,NA,0,NA,0,NA
44,66,282,NA,NA,1,NA,NA,0.355871886120996,NA,NA,0.355871886120996,NA,3169.46411483254,NA,11.2392344497612,NA,0.355871886121009,NA
45,67,282,NA,NA,0,NA,NA,0,NA,NA,0,NA,3169.46411483254,NA,0,NA,0,NA
46,68,282,NA,NA,0,NA,NA,0,NA,NA,0,NA,3169.46411483254,NA,0,NA,0,NA
47,69,282,NA,NA,0,NA,NA,0,NA,NA,0,NA,3169.46411483254,NA,0,NA,0,NA
48,70,282,NA,NA,0,NA,NA,0,NA,NA,0,NA,3169.46411483254,NA,0,NA,0,NA
49,71,283,NA,NA,1,NA,NA,0.354609929078014,NA,NA,0.354609929078014,NA,3180.7033492823,NA,11.2392344497607,NA,0.354609929078013,NA
50,72,283,NA,NA,0,NA,NA,0,NA,NA,0,NA,3180.7033492823,NA,0,NA,0,NA
51,73,283,NA,NA,0,NA,NA,0,NA,NA,0,NA,3180.7033492823,NA,0,NA,0,NA
52,74,283,NA,NA,0,NA,NA,0,NA,NA,0,NA,3180.7033492823,NA,0,NA,0,NA
53,75,283,NA,NA,0,NA,NA,0,NA,NA,0,NA,3180.7033492823,NA,0,NA,0,NA
54,76,283,NA,NA,0,NA,NA,0,NA,NA,0,NA,3180.7033492823,NA,0,NA,0,NA
55,77,284,NA,NA,1,NA,NA,0.353356890459364,NA,NA,0.353356890459364,NA,3191.94258373206,NA,11.2392344497607,NA,0.353356890459362,NA
56,78,284,NA,NA,0,NA,NA,0,NA,NA,0,NA,3191.94258373206,NA,0,NA,0,NA
57,79,285,NA,NA,1,NA,NA,0.352112676056338,NA,NA,0.352112676056338,NA,3203.18181818182,NA,11.2392344497612,NA,0.352112676056351,NA
58,80,286,NA,NA,1,NA,NA,0.350877192982456,NA,NA,0.350877192982456,NA,3214.42105263158,NA,11.2392344497607,NA,0.350877192982455,NA
59,81,287,NA,NA,1,NA,NA,0.34965034965035,NA,NA,0.34965034965035,NA,3225.66028708134,NA,11.2392344497607,NA,0.349650349650348,NA
60,82,287,NA,NA,0,NA,NA,0,NA,NA,0,NA,3225.66028708134,NA,0,NA,0,NA
61,83,288,NA,NA,1,NA,NA,0.348432055749129,NA,NA,0.348432055749129,NA,3236.8995215311,NA,11.2392344497607,NA,0.348432055749127,NA
62,84,289,NA,NA,1,NA,NA,0.347222222222222,NA,NA,0.347222222222222,NA,3248.13875598086,NA,11.2392344497612,NA,0.347222222222235,NA
63,85,289,NA,NA,0,NA,NA,0,NA,NA,0,NA,3248.13875598086,NA,0,NA,0,NA
64,86,290,NA,NA,1,NA,NA,0.346020761245675,NA,NA,0.346020761245675,NA,3259.37799043062,NA,11.2392344497607,NA,0.346020761245673,NA
65,87,290,NA,NA,0,NA,NA,0,NA,NA,0,NA,3259.37799043062,NA,0,NA,0,NA
66,88,290,NA,NA,0,NA,NA,0,NA,NA,0,NA,3259.37799043062,NA,0,NA,0,NA
67,89,291,NA,NA,1,NA,NA,0.344827586206897,NA,NA,0.344827586206897,NA,3270.61722488038,NA,11.2392344497603,NA,0.344827586206881,NA
68,90,292,NA,NA,1,NA,NA,0.343642611683849,NA,NA,0.343642611683849,NA,3281.85645933014,NA,11.2392344497607,NA,0.343642611683847,NA
69,91,292,NA,NA,0,NA,NA,0,NA,NA,0,NA,3281.85645933014,NA,0,NA,0,NA
70,92,293,NA,NA,1,NA,NA,0.342465753424658,NA,NA,0.342465753424658,NA,3293.0956937799,NA,11.2392344497603,NA,0.342465753424642,NA
71,93,293,NA,NA,0,NA,NA,0,NA,NA,0,NA,3293.0956937799,NA,0,NA,0,NA
72,94,294,NA,NA,1,NA,NA,0.341296928327645,NA,NA,0.341296928327645,NA,3304.33492822966,NA,11.2392344497607,NA,0.341296928327644,NA
73,95,294,NA,NA,0,NA,NA,0,NA,NA,0,NA,3304.33492822966,NA,0,NA,0,NA
74,96,295,NA,NA,1,NA,NA,0.340136054421769,NA,NA,0.340136054421769,NA,3315.57416267942,NA,11.2392344497603,NA,0.340136054421753,NA
75,97,297,NA,NA,2,NA,NA,0.677966101694915,NA,NA,0.677966101694915,NA,3338.05263157895,NA,22.478468899521,NA,0.677966101694899,NA
76,98,299,NA,NA,2,NA,NA,0.673400673400673,NA,NA,0.673400673400673,NA,3360.53110047847,NA,22.4784688995214,NA,0.673400673400671,NA
77,99,300,NA,NA,1,NA,NA,0.334448160535117,NA,NA,0.334448160535117,NA,3371.77033492823,NA,11.2392344497607,NA,0.334448160535116,NA
78,100,301,NA,NA,1,NA,NA,0.333333333333333,NA,NA,0.333333333333333,NA,3383.00956937799,NA,11.2392344497612,NA,0.333333333333345,NA
79,101,302,NA,NA,1,NA,NA,0.332225913621262,NA,NA,0.332225913621262,NA,3394.24880382775,NA,11.2392344497603,NA,0.332225913621248,NA
80,102,303,NA,NA,1,NA,NA,0.33112582781457,NA,NA,0.33112582781457,NA,3405.48803827751,NA,11.2392344497603,NA,0.331125827814555,NA
