"daysFromToday","Day","Korea","Italy","X","dif.Korea","dif.Italy","dif.X","growth.Korea","growth.Italy","growth.X","prj.grKO.X","prj.grIT.X","grKO.prj.tot.X","grIT.prj.tot.X","dif.grKO.prj.tot.X","dif.grIT.prj.tot.X","growth.grKO.prj.tot.X","growth.grIT.prj.tot.X"
-128,0,2,NA,NA,NA,NA,NA,NA,NA,NA,NA,NA,NA,NA,NA,NA,NA,NA
-127,1,4,NA,NA,2,NA,NA,100,NA,NA,NA,NA,NA,NA,NA,NA,NA,NA
-126,2,9,NA,NA,5,NA,NA,125,NA,NA,NA,NA,NA,NA,NA,NA,NA,NA
-125,3,12,NA,NA,3,NA,NA,33.3333333333333,NA,NA,NA,NA,NA,NA,NA,NA,NA,NA
-124,4,17,NA,NA,5,NA,NA,41.6666666666667,NA,NA,NA,NA,NA,NA,NA,NA,NA,NA
-123,5,20,NA,NA,3,NA,NA,17.6470588235294,NA,NA,NA,NA,NA,NA,NA,NA,NA,NA
-122,6,26,NA,NA,6,NA,NA,30,NA,NA,NA,NA,NA,NA,NA,NA,NA,NA
-121,7,36,NA,NA,10,NA,NA,38.4615384615385,NA,NA,NA,NA,NA,NA,NA,NA,NA,NA
-120,8,48,NA,NA,12,NA,NA,33.3333333333333,NA,NA,NA,NA,NA,NA,NA,NA,NA,NA
-119,9,65,NA,NA,17,NA,NA,35.4166666666667,NA,NA,NA,NA,NA,NA,NA,NA,NA,NA
-118,10,77,NA,NA,12,NA,NA,18.4615384615385,NA,NA,NA,NA,NA,NA,NA,NA,NA,NA
-117,11,90,NA,NA,13,NA,NA,16.8831168831169,NA,NA,NA,NA,NA,NA,NA,NA,NA,NA
-116,12,107,NA,NA,17,NA,NA,18.8888888888889,NA,NA,NA,NA,NA,NA,NA,NA,NA,NA
-115,13,116,NA,NA,9,NA,NA,8.41121495327103,NA,NA,NA,NA,NA,NA,NA,NA,NA,NA
-114,14,126,NA,NA,10,NA,NA,8.62068965517241,NA,NA,NA,NA,NA,NA,NA,NA,NA,NA
-113,15,136,NA,NA,10,NA,NA,7.93650793650794,NA,NA,NA,NA,NA,NA,NA,NA,NA,NA
-112,16,145,NA,NA,9,NA,NA,6.61764705882353,NA,NA,NA,NA,NA,NA,NA,NA,NA,NA
-111,17,151,NA,NA,6,NA,NA,4.13793103448276,NA,NA,NA,NA,NA,NA,NA,NA,NA,NA
-110,18,155,NA,NA,4,NA,NA,2.64900662251656,NA,NA,NA,NA,NA,NA,NA,NA,NA,NA
-109,19,155,NA,NA,0,NA,NA,0,NA,NA,NA,NA,NA,NA,NA,NA,NA,NA
-108,20,160,NA,NA,5,NA,NA,3.2258064516129,NA,NA,NA,NA,NA,NA,NA,NA,NA,NA
-107,21,163,NA,NA,3,NA,NA,1.875,NA,NA,NA,NA,NA,NA,NA,NA,NA,NA
-106,22,165,NA,106,2,NA,NA,1.22699386503067,NA,NA,NA,NA,NA,NA,NA,NA,NA,NA
-105,23,167,NA,124,2,NA,18,1.21212121212121,NA,16.9811320754717,NA,NA,NA,NA,NA,NA,NA,NA
-104,24,169,NA,132,2,NA,8,1.19760479041916,NA,6.45161290322581,NA,NA,NA,NA,NA,NA,NA,NA
-103,25,170,NA,165,1,NA,33,0.591715976331361,NA,25,NA,NA,NA,NA,NA,NA,NA,NA
-102,26,172,NA,203,2,NA,38,1.17647058823529,NA,23.030303030303,NA,NA,NA,NA,NA,NA,NA,NA
-101,27,174,NA,239,2,NA,36,1.16279069767442,NA,17.7339901477833,NA,NA,NA,NA,NA,NA,NA,NA
-100,28,177,NA,294,3,NA,55,1.72413793103448,NA,23.0125523012552,NA,NA,NA,NA,NA,NA,NA,NA
-99,29,179,NA,402,2,NA,108,1.12994350282486,NA,36.734693877551,NA,NA,NA,NA,NA,NA,NA,NA
-98,30,182,NA,489,3,NA,87,1.67597765363128,NA,21.6417910447761,NA,NA,NA,NA,NA,NA,NA,NA
-97,31,184,NA,566,2,NA,77,1.0989010989011,NA,15.7464212678937,NA,NA,NA,NA,NA,NA,NA,NA
-96,32,185,NA,657,1,NA,91,0.543478260869565,NA,16.0777385159011,NA,NA,NA,NA,NA,NA,NA,NA
-95,33,187,NA,709,2,NA,52,1.08108108108108,NA,7.91476407914764,NA,NA,NA,NA,NA,NA,NA,NA
-94,34,189,NA,806,2,NA,97,1.06951871657754,NA,13.6812411847673,NA,NA,NA,NA,NA,NA,NA,NA
-93,35,191,NA,922,2,NA,116,1.05820105820106,NA,14.3920595533499,NA,NA,NA,NA,NA,NA,NA,NA
-92,36,193,NA,1082,2,NA,160,1.04712041884817,NA,17.353579175705,NA,NA,NA,NA,NA,NA,NA,NA
-91,37,196,NA,1230,3,NA,148,1.55440414507772,NA,13.6783733826248,NA,NA,NA,NA,NA,NA,NA,NA
-90,38,198,NA,1450,2,NA,220,1.02040816326531,NA,17.8861788617886,NA,NA,NA,NA,NA,NA,NA,NA
-89,39,200,NA,1727,2,NA,277,1.01010101010101,NA,19.1034482758621,NA,NA,NA,NA,NA,NA,NA,NA
-88,40,202,NA,2015,2,NA,288,1,NA,16.67631731326,NA,NA,NA,NA,NA,NA,NA,NA
-87,41,204,NA,2349,2,NA,334,0.99009900990099,NA,16.575682382134,NA,NA,NA,NA,NA,NA,NA,NA
-86,42,206,NA,2665,2,NA,316,0.980392156862745,NA,13.4525329927629,NA,NA,NA,NA,NA,NA,NA,NA
-85,43,208,NA,2976,2,NA,311,0.970873786407767,NA,11.6697936210131,NA,NA,NA,NA,NA,NA,NA,NA
-84,44,210,NA,3251,2,NA,275,0.961538461538462,NA,9.24059139784946,NA,NA,NA,NA,NA,NA,NA,NA
-83,45,212,NA,3529,2,NA,278,0.952380952380952,NA,8.55121501076592,NA,NA,NA,NA,NA,NA,NA,NA
-82,46,212,NA,3838,0,NA,309,0,NA,8.75602153584585,NA,NA,NA,NA,NA,NA,NA,NA
-81,47,213,NA,4177,1,NA,339,0.471698113207547,NA,8.83272537780094,NA,NA,NA,NA,NA,NA,NA,NA
-80,48,215,NA,4479,2,NA,302,0.938967136150235,NA,7.23006942781901,NA,NA,NA,NA,NA,NA,NA,NA
-79,49,215,3,4755,0,NA,276,0,NA,6.16208975217683,NA,NA,NA,NA,NA,NA,NA,NA
-78,50,216,4,5098,1,1,343,0.465116279069767,33.3333333333333,7.21345951629863,NA,NA,NA,NA,NA,NA,NA,NA
-77,51,217,6,5467,1,2,369,0.462962962962963,50,7.23813260102001,NA,NA,NA,NA,NA,NA,NA,NA
-76,52,217,8,5845,0,2,378,0,33.3333333333333,6.91421254801537,NA,NA,NA,NA,NA,NA,NA,NA
-75,53,218,11,6262,1,3,417,0.460829493087558,37.5,7.13430282292558,NA,NA,NA,NA,NA,NA,NA,NA
-74,54,218,16,6699,0,5,437,0,45.4545454545455,6.97860108591504,NA,NA,NA,NA,NA,NA,NA,NA
-73,55,219,20,7129,1,4,430,0.458715596330275,25,6.418868487834,NA,NA,NA,NA,NA,NA,NA,NA
-72,56,219,30,7439,0,10,310,0,50,4.3484359657736,NA,NA,NA,NA,NA,NA,NA,NA
-71,57,220,36,7708,1,6,269,0.45662100456621,20,3.61607742976206,NA,NA,NA,NA,NA,NA,NA,NA
-70,58,220,44,7926,0,8,218,0,22.2222222222222,2.82823040996367,NA,NA,NA,NA,NA,NA,NA,NA
-69,59,220,54,8247,0,10,321,0,22.7272727272727,4.04996214988645,NA,NA,NA,NA,NA,NA,NA,NA
-68,60,221,68,8621,1,14,374,0.454545454545455,25.9259259259259,4.53498241784891,NA,NA,NA,NA,NA,NA,NA,NA
-67,61,221,81,8962,0,13,341,0,19.1176470588235,3.95545760352627,NA,NA,NA,NA,NA,NA,NA,NA
-66,62,221,103,9289,0,22,327,0,27.1604938271605,3.64873912073198,NA,NA,NA,NA,NA,NA,NA,NA
-65,63,221,129,9477,0,26,188,0,25.2427184466019,2.02389923565508,NA,NA,NA,NA,NA,NA,NA,NA
-64,64,221,161,9652,0,32,175,0,24.8062015503876,1.84657592064999,NA,NA,NA,NA,NA,NA,NA,NA
-63,65,222,178,9933,1,17,281,0.452488687782805,10.5590062111801,2.91131371736428,NA,NA,NA,NA,NA,NA,NA,NA
-62,66,222,218,10205,0,40,272,0,22.4719101123595,2.73834692439344,NA,NA,NA,NA,NA,NA,NA,NA
-61,67,222,265,10530,0,47,325,0,21.5596330275229,3.18471337579618,NA,NA,NA,NA,NA,NA,NA,NA
-60,68,222,309,10779,0,44,249,0,16.6037735849057,2.36467236467236,NA,NA,NA,NA,NA,NA,NA,NA
-59,69,222,371,10989,0,62,210,0,20.0647249190939,1.94823267464514,NA,NA,NA,NA,NA,NA,NA,NA
-58,70,223,434,11274,1,63,285,0.45045045045045,16.9811320754717,2.59350259350259,NA,NA,NA,NA,NA,NA,NA,NA
-57,71,223,490,11450,0,56,176,0,12.9032258064516,1.56111406776654,NA,NA,NA,NA,NA,NA,NA,NA
-56,72,223,552,11614,0,62,164,0,12.6530612244898,1.43231441048035,NA,NA,NA,NA,NA,NA,NA,NA
-55,73,223,626,11835,0,74,221,0,13.4057971014493,1.90287583950405,NA,NA,NA,NA,NA,NA,NA,NA
-54,74,223,719,12016,0,93,181,0,14.8562300319489,1.52936206168145,NA,NA,NA,NA,NA,NA,NA,NA
-53,75,223,824,12219,0,105,203,0,14.6036161335188,1.68941411451398,NA,NA,NA,NA,NA,NA,NA,NA
-52,76,223,939,12434,0,115,215,0,13.9563106796117,1.75955479171782,NA,NA,NA,NA,NA,NA,NA,NA
-51,77,224,1036,12674,1,97,240,0.448430493273543,10.3301384451544,1.93019141064822,NA,NA,NA,NA,NA,NA,NA,NA
-50,78,224,1120,12795,0,84,121,0,8.10810810810811,0.954710430803219,NA,NA,NA,NA,NA,NA,NA,NA
-49,79,225,1212,12951,1,92,156,0.446428571428571,8.21428571428571,1.21922626025791,NA,NA,NA,NA,NA,NA,NA,NA
-48,80,225,1303,13356,0,91,405,0,7.50825082508251,3.12717164697707,NA,NA,NA,NA,NA,NA,NA,NA
-47,81,226,1412,13571,1,109,215,0.444444444444444,8.36531082118189,1.60976340221623,NA,NA,NA,NA,NA,NA,NA,NA
-46,82,227,1516,13736,1,104,165,0.442477876106195,7.36543909348442,1.21582786824847,NA,NA,NA,NA,NA,NA,NA,NA
-45,83,227,1620,13952,0,104,216,0,6.86015831134565,1.57251019219569,NA,NA,NA,NA,NA,NA,NA,NA
-44,84,228,1712,14065,1,92,113,0.440528634361234,5.67901234567901,0.809919724770642,NA,NA,NA,NA,NA,NA,NA,NA
-43,85,228,1783,14065,0,71,0,0,4.14719626168224,0,NA,NA,NA,NA,NA,NA,NA,NA
-42,86,228,1854,14210,0,71,145,0,3.9820527201346,1.03092783505155,NA,NA,NA,NA,NA,NA,NA,NA
-41,87,229,1937,14353,1,83,143,0.43859649122807,4.47680690399137,1.00633356790992,NA,NA,NA,NA,NA,NA,NA,NA
-40,88,229,2019,14494,0,82,141,0,4.23335054207537,0.982373023061381,NA,NA,NA,NA,NA,NA,NA,NA
-39,89,230,2100,14635,1,81,141,0.436681222707424,4.01188707280832,0.97281633779495,NA,NA,NA,NA,NA,NA,NA,NA
-38,90,230,2184,14819,0,84,184,0,4,1.25725999316707,NA,NA,NA,NA,NA,NA,NA,NA
-37,91,230,2259,14928,0,75,109,0,3.43406593406593,0.735542209325865,NA,NA,NA,NA,NA,NA,NA,NA
-36,92,231,2322,14991,1,63,63,0.434782608695652,2.78884462151394,0.422025723472669,NA,NA,NA,NA,NA,NA,NA,NA
-35,93,231,2376,15112,0,54,121,0,2.32558139534884,0.807150957241011,NA,NA,NA,NA,NA,NA,NA,NA
-34,94,232,2443,15219,1,67,107,0.432900432900433,2.81986531986532,0.708046585494971,NA,NA,NA,NA,NA,NA,NA,NA
-33,95,232,2516,15325,0,73,106,0,2.98812934916087,0.696497798804126,NA,NA,NA,NA,NA,NA,NA,NA
-32,96,233,2586,15441,1,70,116,0.431034482758621,2.78219395866455,0.756933115823817,NA,NA,NA,NA,NA,NA,NA,NA
-31,97,234,2668,15441,1,82,0,0.429184549356223,3.17092034029389,0,NA,NA,NA,NA,NA,NA,NA,NA
-30,98,236,2740,15441,2,72,0,0.854700854700855,2.69865067466267,0,NA,NA,NA,NA,NA,NA,NA,NA
-29,99,236,2795,15642,0,55,201,0,2.00729927007299,1.301729162619,NA,NA,NA,NA,NA,NA,NA,NA
-28,100,237,2847,15691,1,52,49,0.423728813559322,1.86046511627907,0.313259174018668,NA,NA,NA,NA,NA,NA,NA,NA
-27,101,238,2894,15756,1,47,65,0.421940928270042,1.65086055497014,0.414250207125104,NA,NA,NA,NA,NA,NA,NA,NA
-26,102,238,2960,15862,0,66,106,0,2.2805805114029,0.672759583650673,NA,NA,NA,NA,NA,NA,NA,NA
-25,103,239,3021,15947,1,61,85,0.420168067226891,2.06081081081081,0.535871895095196,NA,NA,NA,NA,NA,NA,NA,NA
-24,104,240,3082,15947,1,61,0,0.418410041841004,2.0191989407481,0,NA,NA,NA,NA,NA,NA,NA,NA
-23,105,241,3136,15947,1,54,0,0.416666666666667,1.75210902011681,0,NA,NA,NA,NA,NA,NA,NA,NA
-22,106,242,3175,16093,1,39,146,0.4149377593361,1.24362244897959,0.915532702075626,NA,NA,NA,NA,NA,NA,NA,NA
-21,107,243,3223,16164,1,48,71,0.413223140495868,1.51181102362205,0.441185608649724,NA,NA,NA,NA,NA,NA,NA,NA
-20,108,244,3282,16213,1,59,49,0.411522633744856,1.83059261557555,0.303142786439,NA,NA,NA,NA,NA,NA,NA,NA
-19,109,245,3329,16269,1,47,56,0.409836065573771,1.4320536258379,0.34540183803121,NA,NA,NA,NA,NA,NA,NA,NA
-18,110,246,3381,16337,1,52,68,0.408163265306122,1.56203063983178,0.417972831765935,NA,NA,NA,NA,NA,NA,NA,NA
-17,111,247,3423,16337,1,42,0,0.40650406504065,1.24223602484472,0,NA,NA,NA,NA,NA,NA,NA,NA
-16,112,248,3463,16337,1,40,0,0.404858299595142,1.1685655857435,0,NA,NA,NA,NA,NA,NA,NA,NA
-15,113,249,3494,16459,1,31,122,0.403225806451613,0.895177591683511,0.746771133010957,NA,NA,NA,NA,NA,NA,NA,NA
-14,114,250,3531,16533,1,37,74,0.401606425702811,1.05895821408128,0.449602041436296,NA,NA,NA,NA,NA,NA,NA,NA
-13,115,250,3567,16606,0,36,73,0,1.01954120645709,0.441541160104034,NA,NA,NA,NA,NA,NA,NA,NA
-12,116,251,3600,16640,1,33,34,0.4,0.925147182506308,0.204745272792966,NA,NA,NA,NA,NA,NA,NA,NA
-11,117,252,3634,16661,1,34,21,0.398406374501992,0.944444444444444,0.126201923076923,NA,NA,NA,NA,NA,NA,NA,NA
-10,118,253,3668,16661,1,34,0,0.396825396825397,0.935608145294441,0,NA,NA,NA,NA,NA,NA,NA,NA
-9,119,254,3692,16661,1,24,0,0.395256916996047,0.654307524536532,0,NA,NA,NA,NA,NA,NA,NA,NA
-8,120,256,3713,16764,2,21,103,0.78740157480315,0.568797399783315,0.618210191465098,NA,NA,NA,NA,NA,NA,NA,NA
-7,121,257,3732,16813,1,19,49,0.390625,0.511715593859413,0.292293008828442,NA,NA,NA,NA,NA,NA,NA,NA
-6,122,257,3758,16853,0,26,40,0,0.696677384780279,0.237911140189139,NA,NA,NA,NA,NA,NA,NA,NA
-5,123,258,3782,16941,1,24,88,0.389105058365759,0.638637573177222,0.522162226309856,NA,NA,NA,NA,NA,NA,NA,NA
-4,124,259,3805,16991,1,23,50,0.387596899224806,0.608143839238498,0.29514196328434,NA,NA,NA,NA,NA,NA,NA,NA
-3,125,260,3824,16991,1,19,0,0.386100386100386,0.49934296977661,0,NA,NA,NA,NA,NA,NA,NA,NA
-2,126,260,3838,16991,0,14,0,0,0.366108786610879,0,NA,NA,NA,NA,NA,NA,NA,NA
-1,127,261,3851,16991,1,13,0,0.384615384615385,0.338718082334549,0,NA,NA,NA,NA,NA,NA,NA,NA
0,128,263,3876,17154,2,25,163,0.766283524904214,0.649182030641392,0.959331410746866,NA,NA,17154,17154,163,163,NA,NA
1,129,264,3892,NA,1,16,NA,0.380228136882129,0.412796697626419,NA,0.380228136882129,0.412796697626419,17219.2243346008,17224.8111455108,65.2243346007599,70.8111455108337,0.380228136882126,0.412796697626406
2,130,264,3909,NA,0,17,NA,0,0.436793422404933,NA,0,0.436793422404933,17219.2243346008,17300.0479876161,0,75.2368421052633,0,0.436793422404934
3,131,266,3923,NA,2,14,NA,0.757575757575758,0.358147863903812,NA,0.757575757575758,0.358147863903812,17349.6730038023,17362.0077399381,130.44866920152,61.9597523219782,0.757575757575751,0.358147863903793
4,132,267,3938,NA,1,15,NA,0.37593984962406,0.382360438439969,NA,0.37593984962406,0.382360438439969,17414.897338403,17428.3931888545,65.2243346007599,66.3854489164114,0.375939849624057,0.382360438439985
5,133,268,3950,NA,1,12,NA,0.374531835205993,0.304723209751143,NA,0.374531835205993,0.304723209751143,17480.1216730038,17481.5015479876,65.2243346007599,53.1083591331262,0.374531835205989,0.304723209751139
6,134,269,3958,NA,1,8,NA,0.373134328358209,0.20253164556962,NA,0.373134328358209,0.20253164556962,17545.3460076046,17516.907120743,65.2243346007599,35.4055727554187,0.373134328358206,0.202531645569624
7,135,270,3972,NA,1,14,NA,0.371747211895911,0.353713996968166,NA,0.371747211895911,0.353713996968166,17610.5703422053,17578.866873065,65.2243346007599,61.9597523219818,0.371747211895908,0.353713996968168
8,136,271,3984,NA,1,12,NA,0.37037037037037,0.302114803625378,NA,0.37037037037037,0.302114803625378,17675.7946768061,17631.9752321981,65.2243346007599,53.1083591331299,0.370370370370367,0.302114803625394
9,137,272,3995,NA,1,11,NA,0.3690036900369,0.276104417670683,NA,0.3690036900369,0.276104417670683,17741.0190114068,17680.6578947368,65.2243346007599,48.6826625386966,0.369003690036897,0.276104417670665
10,138,274,4006,NA,2,11,NA,0.735294117647059,0.275344180225282,NA,0.735294117647059,0.275344180225282,17871.4676806084,17729.3405572755,130.44866920152,48.6826625387002,0.735294117647053,0.275344180225285
11,NA,NA,4018,NA,NA,12,NA,NA,0.299550673989016,NA,NA,0.299550673989016,NA,17782.4489164087,NA,53.1083591331262,NA,0.299550673989012
12,NA,NA,4027,NA,NA,9,NA,NA,0.223992035838726,NA,NA,0.223992035838726,NA,17822.2801857585,NA,39.8312693498447,NA,0.223992035838723
13,NA,NA,4033,NA,NA,6,NA,NA,0.148994288552272,NA,NA,0.148994288552272,NA,17848.8343653251,NA,26.5541795665631,NA,0.14899428855227
14,NA,NA,4040,NA,NA,7,NA,NA,0.17356806347632,NA,NA,0.17356806347632,NA,17879.8142414861,NA,30.9798761609927,NA,0.173568063476332
15,NA,NA,4050,NA,NA,10,NA,NA,0.247524752475248,NA,NA,0.247524752475248,NA,17924.0712074303,NA,44.2569659442743,NA,0.247524752475258
16,NA,NA,4060,NA,NA,10,NA,NA,0.246913580246914,NA,NA,0.246913580246914,NA,17968.3281733746,NA,44.2569659442706,NA,0.246913580246903
17,NA,NA,4069,NA,NA,9,NA,NA,0.221674876847291,NA,NA,0.221674876847291,NA,18008.1594427245,NA,39.8312693498483,NA,0.221674876847308
18,NA,NA,4077,NA,NA,8,NA,NA,0.196608503317768,NA,NA,0.196608503317768,NA,18043.5650154799,NA,35.4055727554187,NA,0.196608503317773
19,NA,NA,4082,NA,NA,5,NA,NA,0.122639195486878,NA,NA,0.122639195486878,NA,18065.693498452,NA,22.1284829721371,NA,0.122639195486883
20,NA,NA,4086,NA,NA,4,NA,NA,0.0979911807937286,NA,NA,0.0979911807937286,NA,18083.3962848297,NA,17.7027863777075,NA,0.0979911807937205
21,NA,NA,4091,NA,NA,5,NA,NA,0.122369065100343,NA,NA,0.122369065100343,NA,18105.5247678019,NA,22.1284829721371,NA,0.122369065100348
22,NA,NA,4097,NA,NA,6,NA,NA,0.146663407479834,NA,NA,0.146663407479834,NA,18132.0789473684,NA,26.5541795665631,NA,0.146663407479832
23,NA,NA,4100,NA,NA,3,NA,NA,0.0732243104710764,NA,NA,0.0732243104710764,NA,18145.3560371517,NA,13.2770897832816,NA,0.0732243104710754
24,NA,NA,4109,NA,NA,9,NA,NA,0.219512195121951,NA,NA,0.219512195121951,NA,18185.1873065015,NA,39.8312693498447,NA,0.219512195121948
25,NA,NA,4114,NA,NA,5,NA,NA,0.121684108055488,NA,NA,0.121684108055488,NA,18207.3157894737,NA,22.1284829721371,NA,0.121684108055493
26,NA,NA,4117,NA,NA,3,NA,NA,0.0729217306757414,NA,NA,0.0729217306757414,NA,18220.592879257,NA,13.2770897832816,NA,0.0729217306757404
27,NA,NA,4122,NA,NA,5,NA,NA,0.121447656060238,NA,NA,0.121447656060238,NA,18242.7213622291,NA,22.1284829721371,NA,0.121447656060243
28,NA,NA,4127,NA,NA,5,NA,NA,0.121300339640951,NA,NA,0.121300339640951,NA,18264.8498452012,NA,22.1284829721371,NA,0.121300339640956
29,NA,NA,4131,NA,NA,4,NA,NA,0.0969227041434456,NA,NA,0.0969227041434456,NA,18282.552631579,NA,17.7027863777112,NA,0.0969227041434575
30,NA,NA,4137,NA,NA,6,NA,NA,0.145243282498184,NA,NA,0.145243282498184,NA,18309.1068111455,NA,26.5541795665631,NA,0.145243282498182
31,NA,NA,4140,NA,NA,3,NA,NA,0.0725163161711385,NA,NA,0.0725163161711385,NA,18322.3839009288,NA,13.2770897832816,NA,0.0725163161711375
32,NA,NA,4146,NA,NA,6,NA,NA,0.144927536231884,NA,NA,0.144927536231884,NA,18348.9380804954,NA,26.5541795665631,NA,0.144927536231882
33,NA,NA,4152,NA,NA,6,NA,NA,0.144717800289436,NA,NA,0.144717800289436,NA,18375.4922600619,NA,26.5541795665631,NA,0.144717800289434
34,NA,NA,4158,NA,NA,6,NA,NA,0.144508670520231,NA,NA,0.144508670520231,NA,18402.0464396285,NA,26.5541795665631,NA,0.144508670520229
