"daysFromToday","Day","Korea","Italy","X","dif.Korea","dif.Italy","dif.X","growth.Korea","growth.Italy","growth.X","prj.grKO.X","prj.grIT.X","grKO.prj.tot.X","grIT.prj.tot.X","dif.grKO.prj.tot.X","dif.grIT.prj.tot.X","growth.grKO.prj.tot.X","growth.grIT.prj.tot.X"
-67,NA,NA,NA,64,NA,NA,NA,NA,NA,NA,NA,NA,NA,NA,NA,NA,NA,NA
-66,NA,NA,NA,66,NA,NA,2,NA,NA,3.125,NA,NA,NA,NA,NA,NA,NA,NA
-65,NA,NA,NA,81,NA,NA,15,NA,NA,22.7272727272727,NA,NA,NA,NA,NA,NA,NA,NA
-64,NA,NA,NA,110,NA,NA,29,NA,NA,35.8024691358025,NA,NA,NA,NA,NA,NA,NA,NA
-63,NA,NA,NA,110,NA,NA,0,NA,NA,0,NA,NA,NA,NA,NA,NA,NA,NA
-62,NA,NA,NA,119,NA,NA,9,NA,NA,8.18181818181818,NA,NA,NA,NA,NA,NA,NA,NA
-61,NA,NA,NA,130,NA,NA,11,NA,NA,9.2436974789916,NA,NA,NA,NA,NA,NA,NA,NA
-60,NA,NA,NA,142,NA,NA,12,NA,NA,9.23076923076923,NA,NA,NA,NA,NA,NA,NA,NA
-59,NA,NA,NA,161,NA,NA,19,NA,NA,13.3802816901408,NA,NA,NA,NA,NA,NA,NA,NA
-58,NA,NA,NA,161,NA,NA,0,NA,NA,0,NA,NA,NA,NA,NA,NA,NA,NA
-57,NA,NA,NA,197,NA,NA,36,NA,NA,22.360248447205,NA,NA,NA,NA,NA,NA,NA,NA
-56,NA,NA,NA,210,NA,NA,13,NA,NA,6.5989847715736,NA,NA,NA,NA,NA,NA,NA,NA
-55,NA,NA,NA,231,NA,NA,21,NA,NA,10,NA,NA,NA,NA,NA,NA,NA,NA
-54,NA,NA,NA,245,NA,NA,14,NA,NA,6.06060606060606,NA,NA,NA,NA,NA,NA,NA,NA
-53,NA,NA,NA,251,NA,NA,6,NA,NA,2.44897959183673,NA,NA,NA,NA,NA,NA,NA,NA
-52,NA,NA,NA,266,NA,NA,15,NA,NA,5.97609561752988,NA,NA,NA,NA,NA,NA,NA,NA
-51,NA,NA,NA,308,NA,NA,42,NA,NA,15.7894736842105,NA,NA,NA,NA,NA,NA,NA,NA
-50,NA,NA,NA,331,NA,NA,23,NA,NA,7.46753246753247,NA,NA,NA,NA,NA,NA,NA,NA
-49,NA,NA,NA,350,NA,NA,19,NA,NA,5.74018126888217,NA,NA,NA,NA,NA,NA,NA,NA
-48,NA,NA,NA,370,NA,NA,20,NA,NA,5.71428571428571,NA,NA,NA,NA,NA,NA,NA,NA
-47,NA,NA,NA,377,NA,NA,7,NA,NA,1.89189189189189,NA,NA,NA,NA,NA,NA,NA,NA
-46,NA,NA,NA,377,NA,NA,0,NA,NA,0,NA,NA,NA,NA,NA,NA,NA,NA
-45,NA,NA,1,393,NA,NA,16,NA,NA,4.24403183023873,NA,NA,NA,NA,NA,NA,NA,NA
-44,NA,NA,2,417,NA,1,24,NA,100,6.10687022900763,NA,NA,NA,NA,NA,NA,NA,NA
-43,NA,NA,2,440,NA,0,23,NA,0,5.51558752997602,NA,NA,NA,NA,NA,NA,NA,NA
-42,NA,NA,3,467,NA,1,27,NA,50,6.13636363636364,NA,NA,NA,NA,NA,NA,NA,NA
-41,NA,NA,4,496,NA,1,29,NA,33.3333333333333,6.20985010706638,NA,NA,NA,NA,NA,NA,NA,NA
-40,NA,NA,6,496,NA,2,0,NA,50,0,NA,NA,NA,NA,NA,NA,NA,NA
-39,NA,NA,9,506,NA,3,10,NA,50,2.01612903225806,NA,NA,NA,NA,NA,NA,NA,NA
-38,NA,NA,11,530,NA,2,24,NA,22.2222222222222,4.74308300395257,NA,NA,NA,NA,NA,NA,NA,NA
-37,NA,NA,17,562,NA,6,32,NA,54.5454545454545,6.0377358490566,NA,NA,NA,NA,NA,NA,NA,NA
-36,NA,NA,20,582,NA,3,20,NA,17.6470588235294,3.55871886120996,NA,NA,NA,NA,NA,NA,NA,NA
-35,NA,NA,24,602,NA,4,20,NA,20,3.43642611683849,NA,NA,NA,NA,NA,NA,NA,NA
-34,NA,NA,30,629,NA,6,27,NA,25,4.48504983388704,NA,NA,NA,NA,NA,NA,NA,NA
-33,NA,NA,38,634,NA,8,5,NA,26.6666666666667,0.794912559618442,NA,NA,NA,NA,NA,NA,NA,NA
-32,NA,NA,45,634,NA,7,0,NA,18.4210526315789,0,NA,NA,NA,NA,NA,NA,NA,NA
-31,NA,NA,57,640,NA,12,6,NA,26.6666666666667,0.946372239747634,NA,NA,NA,NA,NA,NA,NA,NA
-30,NA,NA,72,662,NA,15,22,NA,26.3157894736842,3.4375,NA,NA,NA,NA,NA,NA,NA,NA
-29,NA,NA,90,672,NA,18,10,NA,25,1.51057401812689,NA,NA,NA,NA,NA,NA,NA,NA
-28,NA,NA,99,689,NA,9,17,NA,10,2.5297619047619,NA,NA,NA,NA,NA,NA,NA,NA
-27,NA,NA,122,699,NA,23,10,NA,23.2323232323232,1.45137880986938,NA,NA,NA,NA,NA,NA,NA,NA
-26,NA,NA,148,699,NA,26,0,NA,21.3114754098361,0,NA,NA,NA,NA,NA,NA,NA,NA
-25,NA,NA,173,699,NA,25,0,NA,16.8918918918919,0,NA,NA,NA,NA,NA,NA,NA,NA
-24,NA,NA,207,724,NA,34,25,NA,19.6531791907514,3.57653791130186,NA,NA,NA,NA,NA,NA,NA,NA
-23,NA,NA,242,742,NA,35,18,NA,16.9082125603865,2.48618784530387,NA,NA,NA,NA,NA,NA,NA,NA
-22,NA,NA,273,758,NA,31,16,NA,12.8099173553719,2.15633423180593,NA,NA,NA,NA,NA,NA,NA,NA
-21,NA,NA,308,773,NA,35,15,NA,12.8205128205128,1.97889182058048,NA,NA,NA,NA,NA,NA,NA,NA
-20,NA,NA,349,798,NA,41,25,NA,13.3116883116883,3.23415265200517,NA,NA,NA,NA,NA,NA,NA,NA
-19,0,1,401,798,NA,52,0,NA,14.8997134670487,0,NA,NA,NA,NA,NA,NA,NA,NA
-18,1,2,460,798,1,59,0,100,14.713216957606,0,NA,NA,NA,NA,NA,NA,NA,NA
-17,2,5,524,817,3,64,19,150,13.9130434782609,2.38095238095238,NA,NA,NA,NA,NA,NA,NA,NA
-16,3,7,578,848,2,54,31,40,10.3053435114504,3.79436964504284,NA,NA,NA,NA,NA,NA,NA,NA
-15,4,10,625,861,3,47,13,42.8571428571429,8.13148788927336,1.53301886792453,NA,NA,NA,NA,NA,NA,NA,NA
-14,5,11,676,881,1,51,20,10,8.16,2.32288037166086,NA,NA,NA,NA,NA,NA,NA,NA
-13,6,15,727,888,4,51,7,36.3636363636364,7.54437869822485,0.794551645856981,NA,NA,NA,NA,NA,NA,NA,NA
-12,7,20,788,888,5,61,0,33.3333333333333,8.39064649243466,0,NA,NA,NA,NA,NA,NA,NA,NA
-11,8,27,845,888,7,57,0,35,7.23350253807107,0,NA,NA,NA,NA,NA,NA,NA,NA
-10,9,36,904,888,9,59,0,33.3333333333333,6.98224852071006,0,NA,NA,NA,NA,NA,NA,NA,NA
-9,10,43,955,913,7,51,25,19.4444444444444,5.64159292035398,2.81531531531532,NA,NA,NA,NA,NA,NA,NA,NA
-8,11,50,994,926,7,39,13,16.2790697674419,4.08376963350785,1.42387732749179,NA,NA,NA,NA,NA,NA,NA,NA
-7,12,60,1034,940,10,40,14,20,4.02414486921529,1.51187904967603,NA,NA,NA,NA,NA,NA,NA,NA
-6,13,65,1081,954,5,47,14,8.33333333333333,4.54545454545455,1.48936170212766,NA,NA,NA,NA,NA,NA,NA,NA
-5,14,70,1126,954,5,45,0,7.69230769230769,4.16281221091582,0,NA,NA,NA,NA,NA,NA,NA,NA
-4,15,76,1171,954,6,45,0,8.57142857142857,3.99644760213144,0,NA,NA,NA,NA,NA,NA,NA,NA
-3,16,81,1218,966,5,47,12,6.57894736842105,4.01366353543979,1.25786163522013,NA,NA,NA,NA,NA,NA,NA,NA
-2,17,84,1260,1010,3,42,44,3.7037037037037,3.44827586206897,4.55486542443064,NA,NA,NA,NA,NA,NA,NA,NA
-1,18,86,1295,1033,2,35,23,2.38095238095238,2.77777777777778,2.27722772277228,NA,NA,NA,NA,NA,NA,NA,NA
0,19,87,1325,1053,1,30,20,1.16279069767442,2.31660231660232,1.93610842207164,NA,NA,1053,1053,20,20,NA,NA
1,20,89,1363,NA,2,38,NA,2.29885057471264,2.86792452830189,NA,2.29885057471264,2.86792452830189,1077.20689655172,1083.19924528302,24.2068965517242,30.1992452830189,2.29885057471265,2.86792452830189
2,21,91,1404,NA,2,41,NA,2.24719101123596,3.00807043286867,NA,2.24719101123596,3.00807043286867,1101.41379310345,1115.78264150943,24.2068965517242,32.5833962264153,2.24719101123596,3.00807043286869
3,22,92,1442,NA,1,38,NA,1.0989010989011,2.70655270655271,NA,1.0989010989011,2.70655270655271,1113.51724137931,1145.98188679245,12.1034482758621,30.1992452830189,1.0989010989011,2.7065527065527
4,23,93,1488,NA,1,46,NA,1.08695652173913,3.19001386962552,NA,1.08695652173913,3.19001386962552,1125.62068965517,1182.53886792453,12.1034482758621,36.5569811320754,1.08695652173913,3.19001386962551
5,24,94,1528,NA,1,40,NA,1.0752688172043,2.68817204301075,NA,1.0752688172043,2.68817204301075,1137.72413793103,1214.32754716981,12.1034482758621,31.788679245283,1.0752688172043,2.68817204301075
6,25,95,1559,NA,1,31,NA,1.06382978723404,2.02879581151832,NA,1.06382978723404,2.02879581151832,1149.8275862069,1238.96377358491,12.1034482758621,24.6362264150944,1.06382978723404,2.02879581151833
7,26,96,1588,NA,1,29,NA,1.05263157894737,1.8601667735728,NA,1.05263157894737,1.8601667735728,1161.93103448276,1262.01056603774,12.1034482758621,23.0467924528302,1.05263157894737,1.86016677357281
8,27,97,1614,NA,1,26,NA,1.04166666666667,1.63727959697733,NA,1.04166666666667,1.63727959697733,1174.03448275862,1282.67320754717,12.1034482758621,20.662641509434,1.04166666666667,1.63727959697733
9,28,99,1651,NA,2,37,NA,2.06185567010309,2.29244114002478,NA,2.06185567010309,2.29244114002478,1198.24137931034,1312.07773584906,24.206896551724,29.4045283018868,2.06185567010308,2.29244114002478
10,29,100,1685,NA,1,34,NA,1.01010101010101,2.05935796486978,NA,1.01010101010101,2.05935796486978,1210.34482758621,1339.09811320755,12.1034482758621,27.0203773584906,1.01010101010101,2.05935796486978
11,30,101,1719,NA,1,34,NA,1,2.01780415430267,NA,1,2.01780415430267,1222.44827586207,1366.11849056604,12.1034482758621,27.0203773584904,1,2.01780415430265
12,31,103,1749,NA,2,30,NA,1.98019801980198,1.74520069808028,NA,1.98019801980198,1.74520069808028,1246.65517241379,1389.96,24.2068965517242,23.8415094339623,1.98019801980198,1.74520069808028
13,32,103,1771,NA,0,22,NA,0,1.25786163522013,NA,0,1.25786163522013,1246.65517241379,1407.44377358491,0,17.4837735849057,0,1.25786163522013
14,33,104,1798,NA,1,27,NA,0.970873786407767,1.52456239412761,NA,0.970873786407767,1.52456239412761,1258.75862068966,1428.90113207547,12.1034482758621,21.4573584905661,0.970873786407769,1.52456239412762
15,34,105,1831,NA,1,33,NA,0.961538461538462,1.83537263626251,NA,0.961538461538462,1.83537263626251,1270.86206896552,1455.12679245283,12.1034482758621,26.2256603773585,0.961538461538463,1.83537263626251
16,35,107,1857,NA,2,26,NA,1.9047619047619,1.4199890770071,NA,1.9047619047619,1.4199890770071,1295.06896551724,1475.78943396226,24.206896551724,20.662641509434,1.90476190476189,1.4199890770071
17,36,108,1886,NA,1,29,NA,0.934579439252336,1.56165858912224,NA,0.934579439252336,1.56165858912224,1307.1724137931,1498.83622641509,12.1034482758619,23.0467924528302,0.934579439252321,1.56165858912224
18,37,109,1909,NA,1,23,NA,0.925925925925926,1.21951219512195,NA,0.925925925925926,1.21951219512195,1319.27586206897,1517.11471698113,12.1034482758621,18.2784905660378,0.925925925925928,1.21951219512196
19,38,110,1932,NA,1,23,NA,0.917431192660551,1.20481927710843,NA,0.917431192660551,1.20481927710843,1331.37931034483,1535.39320754717,12.1034482758621,18.2784905660376,0.917431192660552,1.20481927710842
20,39,111,1949,NA,1,17,NA,0.909090909090909,0.87991718426501,NA,0.909090909090909,0.87991718426501,1343.48275862069,1548.90339622642,12.1034482758621,13.5101886792454,0.909090909090911,0.879917184265018
21,40,113,1969,NA,2,20,NA,1.8018018018018,1.02616726526424,NA,1.8018018018018,1.02616726526424,1367.68965517241,1564.79773584906,24.2068965517242,15.8943396226414,1.80180180180181,1.02616726526423
22,41,114,1990,NA,1,21,NA,0.884955752212389,1.066531234129,NA,0.884955752212389,1.066531234129,1379.79310344828,1581.48679245283,12.1034482758621,16.6890566037737,0.884955752212391,1.06653123412901
23,42,115,2008,NA,1,18,NA,0.87719298245614,0.904522613065327,NA,0.87719298245614,0.904522613065327,1391.89655172414,1595.79169811321,12.1034482758621,14.3049056603775,0.877192982456142,0.904522613065334
24,43,116,2027,NA,1,19,NA,0.869565217391304,0.946215139442231,NA,0.869565217391304,0.946215139442231,1404,1610.89132075472,12.1034482758621,15.0996226415095,0.869565217391306,0.946215139442238
25,44,117,2046,NA,1,19,NA,0.862068965517241,0.93734583127775,NA,0.862068965517241,0.93734583127775,1416.10344827586,1625.99094339623,12.1034482758621,15.0996226415095,0.862068965517243,0.937345831277757
26,45,118,2059,NA,1,13,NA,0.854700854700855,0.635386119257087,NA,0.854700854700855,0.635386119257087,1428.20689655172,1636.32226415094,12.1034482758621,10.3313207547169,0.854700854700856,0.635386119257082
27,46,119,2071,NA,1,12,NA,0.847457627118644,0.582807187955318,NA,0.847457627118644,0.582807187955318,1440.31034482759,1645.85886792453,12.1034482758621,9.53660377358483,0.847457627118646,0.582807187955313
28,47,119,2082,NA,0,11,NA,0,0.531144374698213,NA,0,0.531144374698213,1440.31034482759,1654.60075471698,0,8.74188679245276,0,0.531144374698209
29,48,120,2096,NA,1,14,NA,0.840336134453782,0.672430355427474,NA,0.840336134453782,0.672430355427474,1452.41379310345,1665.72679245283,12.1034482758621,11.1260377358492,0.840336134453783,0.672430355427482
30,49,120,2110,NA,0,14,NA,0,0.66793893129771,NA,0,0.66793893129771,1452.41379310345,1676.85283018868,0,11.126037735849,0,0.667938931297704
31,50,120,2123,NA,0,13,NA,0,0.616113744075829,NA,0,0.616113744075829,1452.41379310345,1687.1841509434,0,10.3313207547169,0,0.616113744075824
32,51,121,2133,NA,1,10,NA,0.833333333333333,0.471031559114461,NA,0.833333333333333,0.471031559114461,1464.51724137931,1695.13132075472,12.1034482758621,7.94716981132069,0.833333333333335,0.471031559114457
33,52,121,2141,NA,0,8,NA,0,0.375058602906704,NA,0,0.375058602906704,1464.51724137931,1701.48905660377,0,6.35773584905655,0,0.375058602906701
34,53,121,2148,NA,0,7,NA,0,0.326950023353573,NA,0,0.326950023353573,1464.51724137931,1707.0520754717,0,5.56301886792448,0,0.32695002335357
35,54,122,2162,NA,1,14,NA,0.826446280991736,0.651769087523277,NA,0.826446280991736,0.651769087523277,1476.62068965517,1718.17811320755,12.1034482758621,11.126037735849,0.826446280991737,0.651769087523272
36,55,122,2171,NA,0,9,NA,0,0.416281221091582,NA,0,0.416281221091582,1476.62068965517,1725.33056603774,0,7.15245283018885,0,0.416281221091592
37,56,122,2180,NA,0,9,NA,0,0.414555504375864,NA,0,0.414555504375864,1476.62068965517,1732.48301886792,0,7.15245283018862,0,0.41455550437586
38,57,123,2188,NA,1,8,NA,0.819672131147541,0.36697247706422,NA,0.819672131147541,0.36697247706422,1488.72413793103,1738.84075471698,12.1034482758619,6.35773584905633,0.819672131147527,0.366972477064204
39,58,123,2197,NA,0,9,NA,0,0.411334552102377,NA,0,0.411334552102377,1488.72413793103,1745.99320754717,0,7.15245283018885,0,0.411334552102386
40,59,123,2203,NA,0,6,NA,0,0.273099681383705,NA,0,0.273099681383705,1488.72413793103,1750.76150943396,0,4.76830188679264,0,0.273099681383716
41,60,123,2208,NA,0,5,NA,0,0.226963231956423,NA,0,0.226963231956423,1488.72413793103,1754.73509433962,0,3.97358490566057,0,0.226963231956434
42,61,123,2216,NA,0,8,NA,0,0.36231884057971,NA,0,0.36231884057971,1488.72413793103,1761.09283018868,0,6.35773584905655,0,0.362318840579707
43,62,123,2222,NA,0,6,NA,0,0.270758122743682,NA,0,0.270758122743682,1488.72413793103,1765.86113207547,0,4.76830188679241,0,0.27075812274368
44,63,123,2228,NA,0,6,NA,0,0.27002700270027,NA,0,0.27002700270027,1488.72413793103,1770.62943396226,0,4.76830188679241,0,0.270027002700268
45,64,124,2235,NA,1,7,NA,0.813008130081301,0.314183123877917,NA,0.813008130081301,0.314183123877917,1500.8275862069,1776.19245283019,12.1034482758619,5.56301886792448,0.813008130081287,0.314183123877915
46,65,124,2241,NA,0,6,NA,0,0.268456375838926,NA,0,0.268456375838926,1500.8275862069,1780.96075471698,0,4.76830188679241,0,0.268456375838924
47,66,124,2247,NA,0,6,NA,0,0.267737617135207,NA,0,0.267737617135207,1500.8275862069,1785.72905660377,0,4.76830188679241,0,0.267737617135205
48,67,124,2249,NA,0,2,NA,0,0.0890075656430797,NA,0,0.0890075656430797,1500.8275862069,1787.31849056604,0,1.58943396226414,0,0.0890075656430789
49,68,124,2253,NA,0,4,NA,0,0.177856825255669,NA,0,0.177856825255669,1500.8275862069,1790.49735849057,0,3.17886792452828,0,0.177856825255668
50,69,124,2259,NA,0,6,NA,0,0.266311584553928,NA,0,0.266311584553928,1500.8275862069,1795.26566037736,0,4.76830188679241,0,0.266311584553926
51,70,124,2265,NA,0,6,NA,0,0.265604249667995,NA,0,0.265604249667995,1500.8275862069,1800.03396226415,0,4.76830188679241,0,0.265604249667993
52,71,124,2270,NA,0,5,NA,0,0.22075055187638,NA,0,0.22075055187638,1500.8275862069,1804.00754716981,0,3.97358490566035,0,0.220750551876378
53,72,124,2274,NA,0,4,NA,0,0.176211453744493,NA,0,0.176211453744493,1500.8275862069,1807.18641509434,0,3.17886792452828,0,0.176211453744492
54,73,124,2277,NA,0,3,NA,0,0.131926121372032,NA,0,0.131926121372032,1500.8275862069,1809.57056603774,0,2.38415094339621,0,0.131926121372031
55,74,125,2279,NA,1,2,NA,0.806451612903226,0.0878348704435661,NA,0.806451612903226,0.0878348704435661,1512.93103448276,1811.16,12.1034482758621,1.58943396226414,0.806451612903228,0.0878348704435654
56,75,125,2282,NA,0,3,NA,0,0.131636682755595,NA,0,0.131636682755595,1512.93103448276,1813.5441509434,0,2.38415094339621,0,0.131636682755594
57,76,125,2285,NA,0,3,NA,0,0.131463628396144,NA,0,0.131463628396144,1512.93103448276,1815.92830188679,0,2.38415094339598,0,0.13146362839613
58,77,125,2287,NA,0,2,NA,0,0.087527352297593,NA,0,0.087527352297593,1512.93103448276,1817.51773584906,0,1.58943396226437,0,0.0875273522976048
59,78,125,NA,NA,0,NA,NA,0,NA,NA,0,NA,1512.93103448276,NA,0,NA,0,NA
60,79,125,NA,NA,0,NA,NA,0,NA,NA,0,NA,1512.93103448276,NA,0,NA,0,NA
61,80,126,NA,NA,1,NA,NA,0.8,NA,NA,0.8,NA,1525.03448275862,NA,12.1034482758621,NA,0.800000000000002,NA
62,81,126,NA,NA,0,NA,NA,0,NA,NA,0,NA,1525.03448275862,NA,0,NA,0,NA
63,82,126,NA,NA,0,NA,NA,0,NA,NA,0,NA,1525.03448275862,NA,0,NA,0,NA
64,83,127,NA,NA,1,NA,NA,0.793650793650794,NA,NA,0.793650793650794,NA,1537.13793103448,NA,12.1034482758621,NA,0.793650793650795,NA
65,84,127,NA,NA,0,NA,NA,0,NA,NA,0,NA,1537.13793103448,NA,0,NA,0,NA
66,85,127,NA,NA,0,NA,NA,0,NA,NA,0,NA,1537.13793103448,NA,0,NA,0,NA
67,86,127,NA,NA,0,NA,NA,0,NA,NA,0,NA,1537.13793103448,NA,0,NA,0,NA
68,87,128,NA,NA,1,NA,NA,0.78740157480315,NA,NA,0.78740157480315,NA,1549.24137931034,NA,12.1034482758621,NA,0.787401574803151,NA
69,88,128,NA,NA,0,NA,NA,0,NA,NA,0,NA,1549.24137931034,NA,0,NA,0,NA
70,89,128,NA,NA,0,NA,NA,0,NA,NA,0,NA,1549.24137931034,NA,0,NA,0,NA
71,90,128,NA,NA,0,NA,NA,0,NA,NA,0,NA,1549.24137931034,NA,0,NA,0,NA
72,91,128,NA,NA,0,NA,NA,0,NA,NA,0,NA,1549.24137931034,NA,0,NA,0,NA
73,92,129,NA,NA,1,NA,NA,0.78125,NA,NA,0.78125,NA,1561.34482758621,NA,12.1034482758621,NA,0.781250000000002,NA
74,93,129,NA,NA,0,NA,NA,0,NA,NA,0,NA,1561.34482758621,NA,0,NA,0,NA
75,94,129,NA,NA,0,NA,NA,0,NA,NA,0,NA,1561.34482758621,NA,0,NA,0,NA
76,95,129,NA,NA,0,NA,NA,0,NA,NA,0,NA,1561.34482758621,NA,0,NA,0,NA
77,96,130,NA,NA,1,NA,NA,0.775193798449612,NA,NA,0.775193798449612,NA,1573.44827586207,NA,12.1034482758621,NA,0.775193798449614,NA
78,97,131,NA,NA,1,NA,NA,0.769230769230769,NA,NA,0.769230769230769,NA,1585.55172413793,NA,12.1034482758621,NA,0.769230769230771,NA
79,98,131,NA,NA,0,NA,NA,0,NA,NA,0,NA,1585.55172413793,NA,0,NA,0,NA
80,99,132,NA,NA,1,NA,NA,0.763358778625954,NA,NA,0.763358778625954,NA,1597.65517241379,NA,12.1034482758619,NA,0.763358778625941,NA
81,100,132,NA,NA,0,NA,NA,0,NA,NA,0,NA,1597.65517241379,NA,0,NA,0,NA
82,101,133,NA,NA,1,NA,NA,0.757575757575758,NA,NA,0.757575757575758,NA,1609.75862068965,NA,12.1034482758621,NA,0.757575757575759,NA
83,102,133,NA,NA,0,NA,NA,0,NA,NA,0,NA,1609.75862068965,NA,0,NA,0,NA
84,103,134,NA,NA,1,NA,NA,0.75187969924812,NA,NA,0.75187969924812,NA,1621.86206896552,NA,12.1034482758621,NA,0.751879699248122,NA
85,104,134,NA,NA,0,NA,NA,0,NA,NA,0,NA,1621.86206896552,NA,0,NA,0,NA
86,105,134,NA,NA,0,NA,NA,0,NA,NA,0,NA,1621.86206896552,NA,0,NA,0,NA
