"daysFromToday","Day","Korea","Italy","X","dif.Korea","dif.Italy","dif.X","growth.Korea","growth.Italy","growth.X","prj.grKO.X","prj.grIT.X","grKO.prj.tot.X","grIT.prj.tot.X","dif.grKO.prj.tot.X","dif.grIT.prj.tot.X","growth.grKO.prj.tot.X","growth.grIT.prj.tot.X"
-73,NA,NA,0,NA,NA,NA,NA,NA,NA,NA,NA,NA,NA,NA,NA,NA,NA,NA
-72,NA,NA,0,NA,NA,0,NA,NA,NA,NA,NA,NA,NA,NA,NA,NA,NA,NA
-71,NA,NA,0,NA,NA,0,NA,NA,NA,NA,NA,NA,NA,NA,NA,NA,NA,NA
-70,NA,NA,0,NA,NA,0,NA,NA,NA,NA,NA,NA,NA,NA,NA,NA,NA,NA
-69,NA,NA,1,NA,NA,1,NA,NA,Inf,NA,NA,NA,NA,NA,NA,NA,NA,NA
-68,NA,NA,1,NA,NA,0,NA,NA,0,NA,NA,NA,NA,NA,NA,NA,NA,NA
-67,NA,NA,1,NA,NA,0,NA,NA,0,NA,NA,NA,NA,NA,NA,NA,NA,NA
-66,NA,NA,1,NA,NA,0,NA,NA,0,NA,NA,NA,NA,NA,NA,NA,NA,NA
-65,NA,NA,2,NA,NA,1,NA,NA,100,NA,NA,NA,NA,NA,NA,NA,NA,NA
-64,NA,NA,2,NA,NA,0,NA,NA,0,NA,NA,NA,NA,NA,NA,NA,NA,NA
-63,NA,NA,3,NA,NA,1,NA,NA,50,NA,NA,NA,NA,NA,NA,NA,NA,NA
-62,NA,NA,4,NA,NA,1,NA,NA,33.3333333333333,NA,NA,NA,NA,NA,NA,NA,NA,NA
-61,NA,NA,5,NA,NA,1,NA,NA,25,NA,NA,NA,NA,NA,NA,NA,NA,NA
-60,NA,NA,6,NA,NA,1,NA,NA,20,NA,NA,NA,NA,NA,NA,NA,NA,NA
-59,NA,NA,7,NA,NA,1,NA,NA,16.6666666666667,NA,NA,NA,NA,NA,NA,NA,NA,NA
-58,NA,NA,9,58,NA,2,NA,NA,28.5714285714286,NA,NA,NA,NA,NA,NA,NA,NA,NA
-57,NA,NA,11,67,NA,2,9,NA,22.2222222222222,15.5172413793103,NA,NA,NA,NA,NA,NA,NA,NA
-56,NA,NA,12,68,NA,1,1,NA,9.09090909090909,1.49253731343284,NA,NA,NA,NA,NA,NA,NA,NA
-55,NA,NA,15,77,NA,3,9,NA,25,13.2352941176471,NA,NA,NA,NA,NA,NA,NA,NA
-54,NA,NA,18,73,NA,3,-4,NA,20,-5.19480519480519,NA,NA,NA,NA,NA,NA,NA,NA
-53,NA,NA,21,95,NA,3,22,NA,16.6666666666667,30.1369863013699,NA,NA,NA,NA,NA,NA,NA,NA
-52,NA,NA,25,95,NA,4,0,NA,19.047619047619,0,NA,NA,NA,NA,NA,NA,NA,NA
-51,NA,NA,30,136,NA,5,41,NA,20,43.1578947368421,NA,NA,NA,NA,NA,NA,NA,NA
-50,NA,NA,34,151,NA,4,15,NA,13.3333333333333,11.0294117647059,NA,NA,NA,NA,NA,NA,NA,NA
-49,NA,NA,38,164,NA,4,13,NA,11.7647058823529,8.60927152317881,NA,NA,NA,NA,NA,NA,NA,NA
-48,NA,NA,43,164,NA,5,0,NA,13.1578947368421,0,NA,NA,NA,NA,NA,NA,NA,NA
-47,NA,NA,49,192,NA,6,28,NA,13.953488372093,17.0731707317073,NA,NA,NA,NA,NA,NA,NA,NA
-46,NA,NA,56,200,NA,7,8,NA,14.2857142857143,4.16666666666667,NA,NA,NA,NA,NA,NA,NA,NA
-45,NA,NA,64,212,NA,8,12,NA,14.2857142857143,6,NA,NA,NA,NA,NA,NA,NA,NA
-44,NA,NA,71,245,NA,7,33,NA,10.9375,15.5660377358491,NA,NA,NA,NA,NA,NA,NA,NA
-43,NA,NA,77,269,NA,6,24,NA,8.45070422535211,9.79591836734694,NA,NA,NA,NA,NA,NA,NA,NA
-42,NA,NA,83,269,NA,6,0,NA,7.79220779220779,0,NA,NA,NA,NA,NA,NA,NA,NA
-41,NA,NA,89,298,NA,6,29,NA,7.2289156626506,10.7806691449814,NA,NA,NA,NA,NA,NA,NA,NA
-40,NA,NA,97,298,NA,8,0,NA,8.98876404494382,0,NA,NA,NA,NA,NA,NA,NA,NA
-39,NA,NA,104,293,NA,7,-5,NA,7.21649484536082,-1.67785234899329,NA,NA,NA,NA,NA,NA,NA,NA
-38,NA,NA,111,303,NA,7,10,NA,6.73076923076923,3.41296928327645,NA,NA,NA,NA,NA,NA,NA,NA
-37,NA,NA,117,315,NA,6,12,NA,5.40540540540541,3.96039603960396,NA,NA,NA,NA,NA,NA,NA,NA
-36,NA,NA,122,332,NA,5,17,NA,4.27350427350427,5.3968253968254,NA,NA,NA,NA,NA,NA,NA,NA
-35,NA,NA,127,337,NA,5,5,NA,4.0983606557377,1.50602409638554,NA,NA,NA,NA,NA,NA,NA,NA
-34,NA,NA,133,340,NA,6,3,NA,4.7244094488189,0.890207715133531,NA,NA,NA,NA,NA,NA,NA,NA
-33,NA,NA,138,342,NA,5,2,NA,3.7593984962406,0.588235294117647,NA,NA,NA,NA,NA,NA,NA,NA
-32,NA,NA,144,342,NA,6,0,NA,4.34782608695652,0,NA,NA,NA,NA,NA,NA,NA,NA
-31,NA,NA,149,393,NA,5,51,NA,3.47222222222222,14.9122807017544,NA,NA,NA,NA,NA,NA,NA,NA
-30,NA,NA,155,363,NA,6,-30,NA,4.02684563758389,-7.63358778625954,NA,NA,NA,NA,NA,NA,NA,NA
-29,NA,NA,159,373,NA,4,10,NA,2.58064516129032,2.75482093663912,NA,NA,NA,NA,NA,NA,NA,NA
-28,NA,NA,163,405,NA,4,32,NA,2.51572327044025,8.57908847184987,NA,NA,NA,NA,NA,NA,NA,NA
-27,NA,NA,167,421,NA,4,16,NA,2.45398773006135,3.95061728395062,NA,NA,NA,NA,NA,NA,NA,NA
-26,NA,NA,172,423,NA,5,2,NA,2.9940119760479,0.475059382422803,NA,NA,NA,NA,NA,NA,NA,NA
-25,NA,NA,177,442,NA,5,19,NA,2.90697674418605,4.49172576832151,NA,NA,NA,NA,NA,NA,NA,NA
-24,NA,NA,183,552,NA,6,110,NA,3.38983050847458,24.8868778280543,NA,NA,NA,NA,NA,NA,NA,NA
-23,NA,NA,187,430,NA,4,-122,NA,2.18579234972678,-22.1014492753623,NA,NA,NA,NA,NA,NA,NA,NA
-22,NA,NA,191,430,NA,4,0,NA,2.13903743315508,0,NA,NA,NA,NA,NA,NA,NA,NA
-21,NA,NA,195,462,NA,4,32,NA,2.09424083769634,7.44186046511628,NA,NA,NA,NA,NA,NA,NA,NA
-20,NA,NA,198,474,NA,3,12,NA,1.53846153846154,2.5974025974026,NA,NA,NA,NA,NA,NA,NA,NA
-19,NA,NA,203,475,NA,5,1,NA,2.52525252525253,0.210970464135021,NA,NA,NA,NA,NA,NA,NA,NA
-18,NA,NA,207,475,NA,4,0,NA,1.97044334975369,0,NA,NA,NA,NA,NA,NA,NA,NA
-17,NA,NA,211,716,NA,4,241,NA,1.93236714975845,50.7368421052632,NA,NA,NA,NA,NA,NA,NA,NA
-16,NA,NA,215,869,NA,4,153,NA,1.8957345971564,21.3687150837989,NA,NA,NA,NA,NA,NA,NA,NA
-15,NA,NA,217,869,NA,2,0,NA,0.930232558139535,0,NA,NA,NA,NA,NA,NA,NA,NA
-14,NA,NA,221,945,NA,4,76,NA,1.84331797235023,8.74568469505178,NA,NA,NA,NA,NA,NA,NA,NA
-13,NA,NA,225,1455,NA,4,510,NA,1.80995475113122,53.968253968254,NA,NA,NA,NA,NA,NA,NA,NA
-12,NA,NA,228,1456,NA,3,1,NA,1.33333333333333,0.0687285223367698,NA,NA,NA,NA,NA,NA,NA,NA
-11,NA,NA,231,1574,NA,3,118,NA,1.31578947368421,8.1043956043956,NA,NA,NA,NA,NA,NA,NA,NA
-10,NA,NA,234,1730,NA,3,156,NA,1.2987012987013,9.91105463786531,NA,NA,NA,NA,NA,NA,NA,NA
-9,NA,NA,237,1801,NA,3,71,NA,1.28205128205128,4.10404624277457,NA,NA,NA,NA,NA,NA,NA,NA
-8,NA,NA,239,1843,NA,2,42,NA,0.843881856540084,2.33203775680178,NA,NA,NA,NA,NA,NA,NA,NA
-7,NA,NA,242,1850,NA,3,7,NA,1.25523012552301,0.379815518176886,NA,NA,NA,NA,NA,NA,NA,NA
-6,NA,NA,244,1851,NA,2,1,NA,0.826446280991736,0.0540540540540541,NA,NA,NA,NA,NA,NA,NA,NA
-5,0,0,246,1851,NA,2,0,NA,0.819672131147541,0,NA,NA,NA,NA,NA,NA,NA,NA
-4,1,0,249,1868,0,3,17,NA,1.21951219512195,0.918422474338196,NA,NA,NA,NA,NA,NA,NA,NA
-3,2,1,251,1842,1,2,-26,Inf,0.803212851405622,-1.39186295503212,NA,NA,NA,NA,NA,NA,NA,NA
-2,3,1,253,1866,0,2,24,0,0.796812749003984,1.30293159609121,NA,NA,NA,NA,NA,NA,NA,NA
-1,4,1,254,1868,0,1,2,0,0.395256916996047,0.107181136120043,NA,NA,NA,NA,NA,NA,NA,NA
0,5,1,255,1870,0,1,2,0,0.393700787401575,0.107066381156317,NA,NA,1870,1870,2,2,NA,NA
1,6,2,257,NA,1,2,NA,100,0.784313725490196,NA,100,0.784313725490196,3740,1884.66666666667,1870,14.6666666666665,100,0.784313725490188
2,7,2,259,NA,0,2,NA,0,0.778210116731518,NA,0,0.778210116731518,3740,1899.33333333333,0,14.6666666666665,0,0.77821011673151
3,8,3,260,NA,1,1,NA,50,0.386100386100386,NA,50,0.386100386100386,5610,1906.66666666667,1870,7.33333333333326,50,0.386100386100382
4,9,4,262,NA,1,2,NA,33.3333333333333,0.769230769230769,NA,33.3333333333333,0.769230769230769,7480,1921.33333333333,1870,14.6666666666665,33.3333333333333,0.769230769230762
5,10,5,263,NA,1,1,NA,25,0.381679389312977,NA,25,0.381679389312977,9350,1928.66666666667,1870,7.33333333333326,25,0.381679389312973
6,11,6,264,NA,1,1,NA,20,0.380228136882129,NA,20,0.380228136882129,11220,1936,1870,7.33333333333326,20,0.380228136882125
7,12,7,265,NA,1,1,NA,16.6666666666667,0.378787878787879,NA,16.6666666666667,0.378787878787879,13090,1943.33333333333,1870,7.33333333333348,16.6666666666667,0.378787878787887
8,13,8,266,NA,1,1,NA,14.2857142857143,0.377358490566038,NA,14.2857142857143,0.377358490566038,14960,1950.66666666667,1870,7.33333333333326,14.2857142857143,0.377358490566034
9,14,9,267,NA,1,1,NA,12.5,0.37593984962406,NA,12.5,0.37593984962406,16830,1958,1870,7.33333333333326,12.5,0.375939849624056
10,15,9,268,NA,0,1,NA,0,0.374531835205993,NA,0,0.374531835205993,16830,1965.33333333333,0,7.33333333333326,0,0.374531835205989
11,16,10,269,NA,1,1,NA,11.1111111111111,0.373134328358209,NA,11.1111111111111,0.373134328358209,18700,1972.66666666667,1870,7.33333333333348,11.1111111111111,0.373134328358217
12,17,10,270,NA,0,1,NA,0,0.371747211895911,NA,0,0.371747211895911,18700,1980,0,7.33333333333303,0,0.371747211895896
13,18,11,271,NA,1,1,NA,10,0.37037037037037,NA,10,0.37037037037037,20570,1987.33333333333,1870,7.33333333333348,10,0.370370370370378
14,19,11,272,NA,0,1,NA,0,0.3690036900369,NA,0,0.3690036900369,20570,1994.66666666667,0,7.33333333333326,0,0.369003690036897
15,20,11,273,NA,0,1,NA,0,0.367647058823529,NA,0,0.367647058823529,20570,2002,0,7.33333333333326,0,0.367647058823526
16,21,11,273,NA,0,0,NA,0,0,NA,0,0,20570,2002,0,0,0,0
17,22,11,274,NA,0,1,NA,0,0.366300366300366,NA,0,0.366300366300366,20570,2009.33333333333,0,7.33333333333326,0,0.366300366300363
18,23,11,275,NA,0,1,NA,0,0.364963503649635,NA,0,0.364963503649635,20570,2016.66666666667,0,7.33333333333326,0,0.364963503649631
19,24,12,276,NA,1,1,NA,9.09090909090909,0.363636363636364,NA,9.09090909090909,0.363636363636364,22440,2024,1870,7.33333333333348,9.09090909090907,0.363636363636371
20,25,12,276,NA,0,0,NA,0,0,NA,0,0,22440,2024,0,0,0,0
21,26,12,276,NA,0,0,NA,0,0,NA,0,0,22440,2024,0,0,0,0
22,27,12,277,NA,0,1,NA,0,0.36231884057971,NA,0,0.36231884057971,22440,2031.33333333333,0,7.33333333333326,0,0.362318840579707
23,28,12,278,NA,0,1,NA,0,0.36101083032491,NA,0,0.36101083032491,22440,2038.66666666667,0,7.33333333333348,0,0.361010830324917
24,29,12,278,NA,0,0,NA,0,0,NA,0,0,22440,2038.66666666667,0,0,0,0
25,30,12,279,NA,0,1,NA,0,0.359712230215827,NA,0,0.359712230215827,22440,2046,0,7.33333333333326,0,0.359712230215824
26,31,13,279,NA,1,0,NA,8.33333333333333,0,NA,8.33333333333333,0,24310,2046,1870,0,8.33333333333332,0
27,32,13,280,NA,0,1,NA,0,0.3584229390681,NA,0,0.3584229390681,24310,2053.33333333333,0,7.33333333333303,0,0.358422939068086
28,33,13,280,NA,0,0,NA,0,0,NA,0,0,24310,2053.33333333333,0,0,0,0
29,34,13,280,NA,0,0,NA,0,0,NA,0,0,24310,2053.33333333333,0,0,0,0
30,35,13,281,NA,0,1,NA,0,0.357142857142857,NA,0,0.357142857142857,24310,2060.66666666667,0,7.33333333333348,0,0.357142857142865
31,36,13,281,NA,0,0,NA,0,0,NA,0,0,24310,2060.66666666667,0,0,0,0
32,37,13,281,NA,0,0,NA,0,0,NA,0,0,24310,2060.66666666667,0,0,0,0
33,38,14,282,NA,1,1,NA,7.69230769230769,0.355871886120996,NA,7.69230769230769,0.355871886120996,26180,2068,1870,7.33333333333348,7.69230769230768,0.355871886121004
34,39,14,282,NA,0,0,NA,0,0,NA,0,0,26180,2068,0,0,0,0
35,40,14,282,NA,0,0,NA,0,0,NA,0,0,26180,2068,0,0,0,0
36,41,14,283,NA,0,1,NA,0,0.354609929078014,NA,0,0.354609929078014,26180,2075.33333333333,0,7.33333333333303,0,0.354609929078
37,42,14,283,NA,0,0,NA,0,0,NA,0,0,26180,2075.33333333333,0,0,0,0
38,43,14,283,NA,0,0,NA,0,0,NA,0,0,26180,2075.33333333333,0,0,0,0
39,44,14,284,NA,0,1,NA,0,0.353356890459364,NA,0,0.353356890459364,26180,2082.66666666667,0,7.33333333333348,0,0.353356890459371
40,45,14,NA,NA,0,NA,NA,0,NA,NA,0,NA,26180,NA,0,NA,0,NA
41,46,15,NA,NA,1,NA,NA,7.14285714285714,NA,NA,7.14285714285714,NA,28050,NA,1870,NA,7.14285714285713,NA
42,47,15,NA,NA,0,NA,NA,0,NA,NA,0,NA,28050,NA,0,NA,0,NA
43,48,15,NA,NA,0,NA,NA,0,NA,NA,0,NA,28050,NA,0,NA,0,NA
44,49,15,NA,NA,0,NA,NA,0,NA,NA,0,NA,28050,NA,0,NA,0,NA
45,50,15,NA,NA,0,NA,NA,0,NA,NA,0,NA,28050,NA,0,NA,0,NA
46,51,15,NA,NA,0,NA,NA,0,NA,NA,0,NA,28050,NA,0,NA,0,NA
47,52,15,NA,NA,0,NA,NA,0,NA,NA,0,NA,28050,NA,0,NA,0,NA
48,53,15,NA,NA,0,NA,NA,0,NA,NA,0,NA,28050,NA,0,NA,0,NA
49,54,15,NA,NA,0,NA,NA,0,NA,NA,0,NA,28050,NA,0,NA,0,NA
50,55,15,NA,NA,0,NA,NA,0,NA,NA,0,NA,28050,NA,0,NA,0,NA
51,56,15,NA,NA,0,NA,NA,0,NA,NA,0,NA,28050,NA,0,NA,0,NA
52,57,15,NA,NA,0,NA,NA,0,NA,NA,0,NA,28050,NA,0,NA,0,NA
53,58,15,NA,NA,0,NA,NA,0,NA,NA,0,NA,28050,NA,0,NA,0,NA
54,59,15,NA,NA,0,NA,NA,0,NA,NA,0,NA,28050,NA,0,NA,0,NA
55,60,15,NA,NA,0,NA,NA,0,NA,NA,0,NA,28050,NA,0,NA,0,NA
56,61,15,NA,NA,0,NA,NA,0,NA,NA,0,NA,28050,NA,0,NA,0,NA
57,62,15,NA,NA,0,NA,NA,0,NA,NA,0,NA,28050,NA,0,NA,0,NA
58,63,15,NA,NA,0,NA,NA,0,NA,NA,0,NA,28050,NA,0,NA,0,NA
59,64,15,NA,NA,0,NA,NA,0,NA,NA,0,NA,28050,NA,0,NA,0,NA
60,65,15,NA,NA,0,NA,NA,0,NA,NA,0,NA,28050,NA,0,NA,0,NA
61,66,15,NA,NA,0,NA,NA,0,NA,NA,0,NA,28050,NA,0,NA,0,NA
62,67,15,NA,NA,0,NA,NA,0,NA,NA,0,NA,28050,NA,0,NA,0,NA
63,68,15,NA,NA,0,NA,NA,0,NA,NA,0,NA,28050,NA,0,NA,0,NA
64,69,15,NA,NA,0,NA,NA,0,NA,NA,0,NA,28050,NA,0,NA,0,NA
65,70,15,NA,NA,0,NA,NA,0,NA,NA,0,NA,28050,NA,0,NA,0,NA
66,71,15,NA,NA,0,NA,NA,0,NA,NA,0,NA,28050,NA,0,NA,0,NA
67,72,15,NA,NA,0,NA,NA,0,NA,NA,0,NA,28050,NA,0,NA,0,NA
68,73,15,NA,NA,0,NA,NA,0,NA,NA,0,NA,28050,NA,0,NA,0,NA
69,74,15,NA,NA,0,NA,NA,0,NA,NA,0,NA,28050,NA,0,NA,0,NA
70,75,15,NA,NA,0,NA,NA,0,NA,NA,0,NA,28050,NA,0,NA,0,NA
71,76,15,NA,NA,0,NA,NA,0,NA,NA,0,NA,28050,NA,0,NA,0,NA
72,77,15,NA,NA,0,NA,NA,0,NA,NA,0,NA,28050,NA,0,NA,0,NA
73,78,15,NA,NA,0,NA,NA,0,NA,NA,0,NA,28050,NA,0,NA,0,NA
74,79,15,NA,NA,0,NA,NA,0,NA,NA,0,NA,28050,NA,0,NA,0,NA
75,80,15,NA,NA,0,NA,NA,0,NA,NA,0,NA,28050,NA,0,NA,0,NA
76,81,15,NA,NA,0,NA,NA,0,NA,NA,0,NA,28050,NA,0,NA,0,NA
77,82,15,NA,NA,0,NA,NA,0,NA,NA,0,NA,28050,NA,0,NA,0,NA
78,83,16,NA,NA,1,NA,NA,6.66666666666667,NA,NA,6.66666666666667,NA,29920,NA,1870,NA,6.66666666666667,NA
79,84,16,NA,NA,0,NA,NA,0,NA,NA,0,NA,29920,NA,0,NA,0,NA
80,85,16,NA,NA,0,NA,NA,0,NA,NA,0,NA,29920,NA,0,NA,0,NA
81,86,16,NA,NA,0,NA,NA,0,NA,NA,0,NA,29920,NA,0,NA,0,NA
82,87,16,NA,NA,0,NA,NA,0,NA,NA,0,NA,29920,NA,0,NA,0,NA
83,88,16,NA,NA,0,NA,NA,0,NA,NA,0,NA,29920,NA,0,NA,0,NA
84,89,16,NA,NA,0,NA,NA,0,NA,NA,0,NA,29920,NA,0,NA,0,NA
85,90,16,NA,NA,0,NA,NA,0,NA,NA,0,NA,29920,NA,0,NA,0,NA
86,91,16,NA,NA,0,NA,NA,0,NA,NA,0,NA,29920,NA,0,NA,0,NA
87,92,16,NA,NA,0,NA,NA,0,NA,NA,0,NA,29920,NA,0,NA,0,NA
88,93,16,NA,NA,0,NA,NA,0,NA,NA,0,NA,29920,NA,0,NA,0,NA
89,94,16,NA,NA,0,NA,NA,0,NA,NA,0,NA,29920,NA,0,NA,0,NA
90,95,16,NA,NA,0,NA,NA,0,NA,NA,0,NA,29920,NA,0,NA,0,NA
91,96,16,NA,NA,0,NA,NA,0,NA,NA,0,NA,29920,NA,0,NA,0,NA
92,97,16,NA,NA,0,NA,NA,0,NA,NA,0,NA,29920,NA,0,NA,0,NA
93,98,16,NA,NA,0,NA,NA,0,NA,NA,0,NA,29920,NA,0,NA,0,NA
94,99,16,NA,NA,0,NA,NA,0,NA,NA,0,NA,29920,NA,0,NA,0,NA
95,100,16,NA,NA,0,NA,NA,0,NA,NA,0,NA,29920,NA,0,NA,0,NA
96,101,16,NA,NA,0,NA,NA,0,NA,NA,0,NA,29920,NA,0,NA,0,NA
97,102,16,NA,NA,0,NA,NA,0,NA,NA,0,NA,29920,NA,0,NA,0,NA
98,103,16,NA,NA,0,NA,NA,0,NA,NA,0,NA,29920,NA,0,NA,0,NA
99,104,16,NA,NA,0,NA,NA,0,NA,NA,0,NA,29920,NA,0,NA,0,NA
100,105,16,NA,NA,0,NA,NA,0,NA,NA,0,NA,29920,NA,0,NA,0,NA
101,106,17,NA,NA,1,NA,NA,6.25,NA,NA,6.25,NA,31790,NA,1870,NA,6.25,NA
102,107,17,NA,NA,0,NA,NA,0,NA,NA,0,NA,31790,NA,0,NA,0,NA
103,108,17,NA,NA,0,NA,NA,0,NA,NA,0,NA,31790,NA,0,NA,0,NA
104,109,17,NA,NA,0,NA,NA,0,NA,NA,0,NA,31790,NA,0,NA,0,NA
105,110,17,NA,NA,0,NA,NA,0,NA,NA,0,NA,31790,NA,0,NA,0,NA
106,111,17,NA,NA,0,NA,NA,0,NA,NA,0,NA,31790,NA,0,NA,0,NA
107,112,17,NA,NA,0,NA,NA,0,NA,NA,0,NA,31790,NA,0,NA,0,NA
108,113,17,NA,NA,0,NA,NA,0,NA,NA,0,NA,31790,NA,0,NA,0,NA
109,114,17,NA,NA,0,NA,NA,0,NA,NA,0,NA,31790,NA,0,NA,0,NA
