"daysFromToday","Day","Korea","Italy","X","dif.Korea","dif.Italy","dif.X","growth.Korea","growth.Italy","growth.X","prj.grKO.X","prj.grIT.X","grKO.prj.tot.X","grIT.prj.tot.X","dif.grKO.prj.tot.X","dif.grIT.prj.tot.X","growth.grKO.prj.tot.X","growth.grIT.prj.tot.X"
-64,NA,NA,NA,115,NA,NA,NA,NA,NA,NA,NA,NA,NA,NA,NA,NA,NA,NA
-63,NA,NA,NA,138,NA,NA,23,NA,NA,20,NA,NA,NA,NA,NA,NA,NA,NA
-62,NA,NA,NA,169,NA,NA,31,NA,NA,22.463768115942,NA,NA,NA,NA,NA,NA,NA,NA
-61,NA,NA,NA,235,NA,NA,66,NA,NA,39.0532544378698,NA,NA,NA,NA,NA,NA,NA,NA
-60,NA,NA,NA,262,NA,NA,27,NA,NA,11.4893617021277,NA,NA,NA,NA,NA,NA,NA,NA
-59,NA,NA,NA,287,NA,NA,25,NA,NA,9.54198473282443,NA,NA,NA,NA,NA,NA,NA,NA
-58,NA,NA,NA,346,NA,NA,59,NA,NA,20.5574912891986,NA,NA,NA,NA,NA,NA,NA,NA
-57,NA,NA,NA,398,NA,NA,52,NA,NA,15.028901734104,NA,NA,NA,NA,NA,NA,NA,NA
-56,NA,NA,NA,441,NA,NA,43,NA,NA,10.8040201005025,NA,NA,NA,NA,NA,NA,NA,NA
-55,NA,NA,NA,503,NA,NA,62,NA,NA,14.0589569160998,NA,NA,NA,NA,NA,NA,NA,NA
-54,NA,NA,NA,576,NA,NA,73,NA,NA,14.5129224652087,NA,NA,NA,NA,NA,NA,NA,NA
-53,NA,NA,NA,629,NA,NA,53,NA,NA,9.20138888888889,NA,NA,NA,NA,NA,NA,NA,NA
-52,NA,NA,NA,689,NA,NA,60,NA,NA,9.5389507154213,NA,NA,NA,NA,NA,NA,NA,NA
-51,NA,NA,NA,742,NA,NA,53,NA,NA,7.69230769230769,NA,NA,NA,NA,NA,NA,NA,NA
-50,NA,NA,NA,789,NA,NA,47,NA,NA,6.33423180592992,NA,NA,NA,NA,NA,NA,NA,NA
-49,NA,NA,NA,865,NA,NA,76,NA,NA,9.63244613434727,NA,NA,NA,NA,NA,NA,NA,NA
-48,NA,NA,NA,935,NA,NA,70,NA,NA,8.09248554913295,NA,NA,NA,NA,NA,NA,NA,NA
-47,NA,NA,NA,986,NA,NA,51,NA,NA,5.45454545454545,NA,NA,NA,NA,NA,NA,NA,NA
-46,NA,NA,NA,1069,NA,NA,83,NA,NA,8.41784989858012,NA,NA,NA,NA,NA,NA,NA,NA
-45,NA,NA,NA,1154,NA,NA,85,NA,NA,7.95135640785781,NA,NA,NA,NA,NA,NA,NA,NA
-44,NA,NA,NA,1242,NA,NA,88,NA,NA,7.62564991334489,NA,NA,NA,NA,NA,NA,NA,NA
-43,NA,NA,NA,1336,NA,NA,94,NA,NA,7.56843800322061,NA,NA,NA,NA,NA,NA,NA,NA
-42,NA,NA,NA,1427,NA,NA,91,NA,NA,6.81137724550898,NA,NA,NA,NA,NA,NA,NA,NA
-41,NA,NA,NA,1621,NA,NA,194,NA,NA,13.5949544498949,NA,NA,NA,NA,NA,NA,NA,NA
-40,NA,NA,NA,1650,NA,NA,29,NA,NA,1.78901912399753,NA,NA,NA,NA,NA,NA,NA,NA
-39,NA,NA,14,1695,NA,NA,45,NA,NA,2.72727272727273,NA,NA,NA,NA,NA,NA,NA,NA
-38,NA,NA,21,1809,NA,7,114,NA,50,6.72566371681416,NA,NA,NA,NA,NA,NA,NA,NA
-37,NA,NA,30,1912,NA,9,103,NA,42.8571428571429,5.69375345494748,NA,NA,NA,NA,NA,NA,NA,NA
-36,NA,NA,42,2071,NA,12,159,NA,40,8.31589958158996,NA,NA,NA,NA,NA,NA,NA,NA
-35,NA,NA,61,2213,NA,19,142,NA,45.2380952380952,6.85659101883148,NA,NA,NA,NA,NA,NA,NA,NA
-34,NA,NA,83,2356,NA,22,143,NA,36.0655737704918,6.46181653863534,NA,NA,NA,NA,NA,NA,NA,NA
-33,NA,NA,105,2470,NA,22,114,NA,26.5060240963855,4.83870967741935,NA,NA,NA,NA,NA,NA,NA,NA
-32,NA,NA,158,2567,NA,53,97,NA,50.4761904761905,3.92712550607287,NA,NA,NA,NA,NA,NA,NA,NA
-31,NA,NA,190,2721,NA,32,154,NA,20.253164556962,5.99922088040514,NA,NA,NA,NA,NA,NA,NA,NA
-30,NA,NA,233,2942,NA,43,221,NA,22.6315789473684,8.12201396545388,NA,NA,NA,NA,NA,NA,NA,NA
-29,NA,NA,288,3185,NA,55,243,NA,23.6051502145923,8.25968728755948,NA,NA,NA,NA,NA,NA,NA,NA
-28,NA,NA,360,3446,NA,72,261,NA,25,8.19466248037677,NA,NA,NA,NA,NA,NA,NA,NA
-27,NA,NA,432,3602,NA,72,156,NA,20,4.52698781195589,NA,NA,NA,NA,NA,NA,NA,NA
-26,NA,NA,549,3816,NA,117,214,NA,27.0833333333333,5.941143808995,NA,NA,NA,NA,NA,NA,NA,NA
-25,NA,NA,688,4181,NA,139,365,NA,25.3187613843352,9.56498951781971,NA,NA,NA,NA,NA,NA,NA,NA
-24,NA,NA,856,4644,NA,168,463,NA,24.4186046511628,11.0739057641713,NA,NA,NA,NA,NA,NA,NA,NA
-23,NA,NA,947,5136,NA,91,492,NA,10.6308411214953,10.594315245478,NA,NA,NA,NA,NA,NA,NA,NA
-22,NA,NA,1162,5730,NA,215,594,NA,22.7032734952482,11.5654205607477,NA,NA,NA,NA,NA,NA,NA,NA
-21,0,11,1410,6228,NA,248,498,NA,21.342512908778,8.69109947643979,NA,NA,NA,NA,NA,NA,NA,NA
-20,1,22,1647,6663,11,237,435,100,16.8085106382979,6.98458574181118,NA,NA,NA,NA,NA,NA,NA,NA
-19,2,48,1973,7234,26,326,571,118.181818181818,19.7935640558591,8.56971334233829,NA,NA,NA,NA,NA,NA,NA,NA
-18,3,66,2308,7851,18,335,617,37.5,16.9792194627471,8.52916781863423,NA,NA,NA,NA,NA,NA,NA,NA
-17,4,92,2610,8579,26,302,728,39.3939393939394,13.0849220103986,9.27270411412559,NA,NA,NA,NA,NA,NA,NA,NA
-16,5,107,2939,9365,15,329,786,16.304347826087,12.6053639846743,9.16190698216575,NA,NA,NA,NA,NA,NA,NA,NA
-15,6,139,3331,10088,32,392,723,29.9065420560748,13.3378700238176,7.72023491724506,NA,NA,NA,NA,NA,NA,NA,NA
-14,7,194,3828,10790,55,497,702,39.568345323741,14.9204443110177,6.95876288659794,NA,NA,NA,NA,NA,NA,NA,NA
-13,8,257,4386,11271,63,558,481,32.4742268041237,14.576802507837,4.45783132530121,NA,NA,NA,NA,NA,NA,NA,NA
-12,9,347,4998,11799,90,612,528,35.0194552529183,13.953488372093,4.68458876763375,NA,NA,NA,NA,NA,NA,NA,NA
-11,10,411,5516,12494,64,518,695,18.4438040345821,10.3641456582633,5.89032968895669,NA,NA,NA,NA,NA,NA,NA,NA
-10,11,477,5963,12917,66,447,423,16.0583941605839,8.10369833212473,3.38562510004802,NA,NA,NA,NA,NA,NA,NA,NA
-9,12,570,6452,13435,93,489,518,19.4968553459119,8.20057018279389,4.01021909112023,NA,NA,NA,NA,NA,NA,NA,NA
-8,13,618,6938,14240,48,486,805,8.42105263157895,7.53254804711717,5.99181243021958,NA,NA,NA,NA,NA,NA,NA,NA
-7,14,670,7517,14969,52,579,729,8.41423948220065,8.34534447967714,5.11938202247191,NA,NA,NA,NA,NA,NA,NA,NA
-6,15,725,8068,15668,55,551,699,8.2089552238806,7.33005188239989,4.66965061126328,NA,NA,NA,NA,NA,NA,NA,NA
-5,16,775,8625,16372,50,557,704,6.89655172413793,6.90381755081805,4.49323461833036,NA,NA,NA,NA,NA,NA,NA,NA
-4,17,805,9112,17029,30,487,657,3.87096774193548,5.6463768115942,4.01294893720987,NA,NA,NA,NA,NA,NA,NA,NA
-3,18,823,9490,17670,18,378,641,2.2360248447205,4.14837576821773,3.76416700921957,NA,NA,NA,NA,NA,NA,NA,NA
-2,19,826,9868,18200,3,378,530,0.364520048602673,3.98314014752371,2.99943406904358,NA,NA,NA,NA,NA,NA,NA,NA
-1,20,853,10314,19005,27,446,805,3.26876513317191,4.51965950547223,4.42307692307692,NA,NA,NA,NA,NA,NA,NA,NA
0,21,866,10749,19845,13,435,840,1.52403282532239,4.21756835369401,4.41988950276243,NA,NA,19845,19845,840,840,NA,NA
1,22,878,11177,NA,12,428,NA,1.38568129330254,3.98176574565076,NA,1.38568129330254,3.98176574565076,20119.9884526559,20635.1814122244,274.988452655889,790.181412224396,1.38568129330254,3.98176574565077
2,23,889,11625,NA,11,448,NA,1.25284738041002,4.00823118904894,NA,1.25284738041002,4.00823118904894,20372.0612009238,21462.287189506,252.072748267899,827.105777281606,1.25284738041003,4.00823118904893
3,24,898,12028,NA,9,403,NA,1.01237345331834,3.46666666666667,NA,1.01237345331834,3.46666666666667,20578.3025404157,22206.3131454089,206.241339491917,744.025955902875,1.01237345331833,3.46666666666667
4,25,906,12363,NA,8,335,NA,0.89086859688196,2.7851679414699,NA,0.89086859688196,2.7851679414699,20761.6281755196,22824.7962601172,183.325635103927,618.483114708346,0.890868596881965,2.78516794146991
5,26,915,12647,NA,9,284,NA,0.993377483443709,2.297177060584,NA,0.993377483443709,2.297177060584,20967.8695150115,23349.1222439297,206.241339491917,524.32598381245,0.993377483443708,2.29717706058401
6,27,925,13005,NA,10,358,NA,1.09289617486339,2.83071084051554,NA,1.09289617486339,2.83071084051554,21197.0265588915,24010.0683784538,229.157043879906,660.946134524143,1.09289617486338,2.83071084051554
7,28,942,13397,NA,17,392,NA,1.83783783783784,3.01422529796232,NA,1.83783783783784,3.01422529796232,21586.5935334873,24733.7859335752,389.566974595844,723.717555121406,1.83783783783784,3.01422529796232
8,29,952,13765,NA,10,368,NA,1.06157112526539,2.74688363066358,NA,1.06157112526539,2.74688363066358,21815.7505773672,25413.194250628,229.157043879906,679.408317052748,1.06157112526539,2.74688363066358
9,30,968,14203,NA,16,438,NA,1.68067226890756,3.18198329095532,NA,1.68067226890756,3.18198329095532,22182.4018475751,26221.837845381,366.651270207851,808.643594752997,1.68067226890756,3.18198329095531
10,31,979,14585,NA,11,382,NA,1.13636363636364,2.68957262550165,NA,1.13636363636364,2.68957262550165,22434.474595843,26927.0932179738,252.072748267899,705.255372592797,1.13636363636364,2.68957262550165
11,32,986,14879,NA,7,294,NA,0.715015321756895,2.01576962632842,NA,0.715015321756895,2.01576962632842,22594.8845265589,27469.8813843148,160.409930715934,542.788166341052,0.715015321756889,2.01576962632841
12,33,994,15156,NA,8,277,NA,0.811359026369168,1.86168425297399,NA,0.811359026369168,1.86168425297399,22778.2101616628,27981.2838403572,183.325635103927,511.402456042422,0.811359026369173,1.86168425297399
13,34,1005,15405,NA,11,249,NA,1.10663983903421,1.64291369754553,NA,1.10663983903421,1.64291369754553,23030.2829099307,28440.9921853196,252.072748267899,459.708344962321,1.10663983903421,1.64291369754552
14,35,1017,15758,NA,12,353,NA,1.19402985074627,2.29146381045115,NA,1.19402985074627,2.29146381045115,23305.2713625866,29092.7072285794,274.988452655885,651.715043259839,1.19402985074625,2.29146381045116
15,36,1027,16084,NA,10,326,NA,0.983284169124877,2.06879045564158,NA,0.983284169124877,2.06879045564158,23534.4284064665,29694.574379012,229.157043879906,601.867150432601,0.983284169124871,2.06879045564159
16,37,1043,16410,NA,16,326,NA,1.55793573515093,2.02685899030092,NA,1.55793573515093,2.02685899030092,23901.0796766744,30296.4415294446,366.651270207854,601.867150432601,1.55793573515093,2.02685899030093
17,38,1054,16694,NA,11,284,NA,1.05465004793864,1.73065204143815,NA,1.05465004793864,1.73065204143815,24153.1524249423,30820.767513257,252.072748267896,524.325983812447,1.05465004793863,1.73065204143814
18,39,1063,16904,NA,9,210,NA,0.853889943074004,1.25793698334731,NA,0.853889943074004,1.25793698334731,24359.3937644342,31208.4733463578,206.241339491917,387.705833100754,0.853889943074003,1.25793698334731
19,40,1076,17159,NA,13,255,NA,1.22295390404516,1.50851869380028,NA,1.22295390404516,1.50851869380028,24657.2979214781,31679.2590008373,297.904157043882,470.785654479489,1.22295390404516,1.50851869380029
20,41,1088,17473,NA,12,314,NA,1.11524163568773,1.82994346989918,NA,1.11524163568773,1.82994346989918,24932.2863741339,32258.9715322356,274.988452655889,579.712531398269,1.11524163568773,1.82994346989918
21,42,1097,17720,NA,9,247,NA,0.827205882352941,1.41360956904939,NA,0.827205882352941,1.41360956904939,25138.5277136259,32714.9874406922,206.241339491917,456.0159084566,0.827205882352941,1.41360956904939
22,43,1107,18002,NA,10,282,NA,0.911577028258888,1.59142212189616,NA,0.911577028258888,1.59142212189616,25367.6847575058,33235.6209879989,229.157043879906,520.633547306723,0.911577028258883,1.59142212189615
23,44,1117,18222,NA,10,220,NA,0.903342366757001,1.22208643484057,NA,0.903342366757001,1.22208643484057,25596.8418013857,33641.7890036282,229.157043879906,406.168015629359,0.903342366756996,1.22208643484057
24,45,1126,18438,NA,9,216,NA,0.805729632945389,1.18538030951597,NA,0.805729632945389,1.18538030951597,25803.0831408776,34040.5721462462,206.241339491917,398.783142617918,0.805729632945389,1.18538030951597
25,46,1131,18601,NA,5,163,NA,0.44404973357016,0.884043822540406,NA,0.44404973357016,0.884043822540406,25917.6616628175,34341.5057214625,114.578521939951,300.933575216302,0.44404973357015,0.884043822540415
26,47,1136,18796,NA,5,195,NA,0.442086648983201,1.04833073490673,NA,0.442086648983201,1.04833073490673,26032.2401847575,34701.5182807703,114.578521939951,360.012559307848,0.442086648983191,1.04833073490674
27,48,1142,18990,NA,6,194,NA,0.528169014084507,1.03213449670143,NA,0.528169014084507,1.03213449670143,26169.7344110854,35059.6846218253,137.494226327944,358.166341054981,0.528169014084507,1.03213449670142
28,49,1147,19165,NA,5,175,NA,0.437828371278459,0.921537651395471,NA,0.437828371278459,0.921537651395471,26284.3129330254,35382.7728160759,114.578521939955,323.088194250624,0.437828371278463,0.92153765139546
29,50,1150,19348,NA,3,183,NA,0.2615518744551,0.954865640490477,NA,0.2615518744551,0.954865640490477,26353.0600461894,35720.6307563494,68.7471131639686,337.857940273512,0.261551874455086,0.954865640490473
30,51,1153,19525,NA,3,177,NA,0.260869565217391,0.914823237543932,NA,0.260869565217391,0.914823237543932,26421.8071593533,36047.4113871058,68.7471131639686,326.780630756344,0.260869565217377,0.914823237543918
31,52,1156,19655,NA,3,130,NA,0.2601908065915,0.665813060179257,NA,0.2601908065915,0.665813060179257,26490.5542725173,36287.4197599777,68.7471131639722,240.008372871896,0.2601908065915,0.665813060179261
32,53,1159,19769,NA,3,114,NA,0.259515570934256,0.580005087763928,NA,0.259515570934256,0.580005087763928,26559.3013856813,36497.8886408038,68.7471131639759,210.46888082612,0.25951557093427,0.580005087763918
33,54,1162,19869,NA,3,100,NA,0.258843830888697,0.505842480651525,NA,0.258843830888697,0.505842480651525,26628.0484988453,36682.5104660899,68.7471131639722,184.621825286078,0.258843830888697,0.505842480651539
34,55,1165,20004,NA,3,135,NA,0.258175559380379,0.679450400120791,NA,0.258175559380379,0.679450400120791,26696.7956120092,36931.7499302261,68.7471131639686,249.239464136197,0.258175559380365,0.679450400120787
35,56,1167,20134,NA,2,130,NA,0.171673819742489,0.649870025994801,NA,0.171673819742489,0.649870025994801,26742.6270207852,37171.758303098,45.8314087759791,240.008372871889,0.17167381974248,0.649870025994785
36,57,1170,20258,NA,3,124,NA,0.25706940874036,0.615873646567994,NA,0.25706940874036,0.615873646567994,26811.3741339492,37400.6893664527,68.7471131639686,228.931063354728,0.257069408740346,0.615873646567988
37,58,1172,20359,NA,2,101,NA,0.170940170940171,0.498568466778557,NA,0.170940170940171,0.498568466778557,26857.2055427252,37587.1574099916,45.8314087759827,186.468043538938,0.170940170940176,0.498568466778568
38,59,1173,20434,NA,1,75,NA,0.0853242320819113,0.368387445355862,NA,0.0853242320819113,0.368387445355862,26880.1212471131,37725.6237789562,22.9157043879932,138.466368964553,0.0853242320819203,0.368387445355858
39,60,1174,20503,NA,1,69,NA,0.0852514919011083,0.337672506606636,NA,0.0852514919011083,0.337672506606636,26903.0369515011,37853.0128384036,22.9157043879895,127.389059447392,0.0852514919011038,0.337672506606641
40,61,1175,20634,NA,1,131,NA,0.0851788756388416,0.638930888162708,NA,0.0851788756388416,0.638930888162708,26925.9526558891,38094.8674295283,22.9157043879895,241.854591124757,0.0851788756388371,0.63893088816271
41,62,1176,20717,NA,1,83,NA,0.0851063829787234,0.402248715711932,NA,0.0851063829787234,0.402248715711932,26948.8683602771,38248.1035445158,22.9157043879895,153.236114987441,0.0851063829787189,0.402248715711934
42,63,1178,20809,NA,2,92,NA,0.170068027210884,0.444079741275281,NA,0.170068027210884,0.444079741275281,26994.6997690531,38417.9556237789,45.8314087759827,169.852079263183,0.170068027210889,0.444079741275269
43,64,1179,20883,NA,1,74,NA,0.0848896434634974,0.355615358739007,NA,0.0848896434634974,0.355615358739007,27017.6154734411,38554.5757744906,22.9157043879895,136.620150711693,0.084889643463493,0.355615358739004
44,65,1180,20965,NA,1,82,NA,0.0848176420695505,0.392663889287938,NA,0.0848176420695505,0.392663889287938,27040.5311778291,38705.9656712252,22.9157043879932,151.389896734581,0.0848176420695595,0.392663889287941
45,66,1181,21028,NA,1,63,NA,0.0847457627118644,0.300500834724541,NA,0.0847457627118644,0.300500834724541,27063.4468822171,38822.2774211554,22.9157043879932,116.311749930232,0.0847457627118734,0.300500834724555
46,67,1183,21070,NA,2,42,NA,0.169348010160881,0.199733688415446,NA,0.169348010160881,0.199733688415446,27109.2782909931,38899.8185877756,45.8314087759827,77.5411666201471,0.169348010160885,0.199733688415437
47,68,1184,21146,NA,1,76,NA,0.084530853761623,0.360702420503085,NA,0.084530853761623,0.360702420503085,27132.193995381,39040.131174993,22.9157043879932,140.312587217413,0.0845308537616319,0.360702420503079
48,69,1184,21208,NA,0,62,NA,0,0.293199659510073,NA,0,0.293199659510073,27132.193995381,39154.5967066704,0,114.465531677364,0,0.29319965951007
49,70,1185,21267,NA,1,59,NA,0.0844594594594595,0.278196906827612,NA,0.0844594594594595,0.278196906827612,27155.109699769,39263.5235835892,22.9157043879895,108.926876918784,0.084459459459455,0.278196906827614
50,71,1186,21328,NA,1,61,NA,0.0843881856540084,0.286829360041379,NA,0.0843881856540084,0.286829360041379,27178.025404157,39376.1428970137,22.9157043879932,112.619313424504,0.0843881856540174,0.286829360041377
51,72,1187,21391,NA,1,63,NA,0.0843170320404722,0.295386346586647,NA,0.0843170320404722,0.295386346586647,27200.941108545,39492.4546469439,22.9157043879932,116.311749930232,0.0843170320404811,0.295386346586661
52,73,1188,NA,NA,1,NA,NA,0.08424599831508,NA,NA,0.08424599831508,NA,27223.856812933,NA,22.9157043879895,NA,0.0842459983150756,NA
53,74,1188,NA,NA,0,NA,NA,0,NA,NA,0,NA,27223.856812933,NA,0,NA,0,NA
54,75,1189,NA,NA,1,NA,NA,0.0841750841750842,NA,NA,0.0841750841750842,NA,27246.772517321,NA,22.9157043879932,NA,0.0841750841750931,NA
55,76,1189,NA,NA,0,NA,NA,0,NA,NA,0,NA,27246.772517321,NA,0,NA,0,NA
56,77,1190,NA,NA,1,NA,NA,0.0841042893187553,NA,NA,0.0841042893187553,NA,27269.688221709,NA,22.9157043879895,NA,0.0841042893187508,NA
57,78,1192,NA,NA,2,NA,NA,0.168067226890756,NA,NA,0.168067226890756,NA,27315.519630485,NA,45.8314087759827,NA,0.168067226890761,NA
58,79,1196,NA,NA,4,NA,NA,0.335570469798658,NA,NA,0.335570469798658,NA,27407.1824480369,NA,91.6628175519654,NA,0.335570469798667,NA
59,80,1200,NA,NA,4,NA,NA,0.334448160535117,NA,NA,0.334448160535117,NA,27498.8452655889,NA,91.6628175519618,NA,0.334448160535113,NA
60,81,1203,NA,NA,3,NA,NA,0.25,NA,NA,0.25,NA,27567.5923787529,NA,68.7471131639722,NA,0.25,NA
61,82,1206,NA,NA,3,NA,NA,0.249376558603491,NA,NA,0.249376558603491,NA,27636.3394919168,NA,68.7471131639722,NA,0.249376558603491,NA
62,83,1209,NA,NA,3,NA,NA,0.248756218905473,NA,NA,0.248756218905473,NA,27705.0866050808,NA,68.7471131639722,NA,0.248756218905473,NA
63,84,1212,NA,NA,3,NA,NA,0.248138957816377,NA,NA,0.248138957816377,NA,27773.8337182448,NA,68.7471131639686,NA,0.248138957816364,NA
64,85,1214,NA,NA,2,NA,NA,0.165016501650165,NA,NA,0.165016501650165,NA,27819.6651270208,NA,45.8314087759827,NA,0.165016501650169,NA
65,86,1216,NA,NA,2,NA,NA,0.164744645799012,NA,NA,0.164744645799012,NA,27865.4965357968,NA,45.8314087759791,NA,0.164744645799003,NA
66,87,1217,NA,NA,1,NA,NA,0.0822368421052631,NA,NA,0.0822368421052631,NA,27888.4122401847,NA,22.9157043879932,NA,0.0822368421052719,NA
67,88,1219,NA,NA,2,NA,NA,0.164338537387017,NA,NA,0.164338537387017,NA,27934.2436489607,NA,45.8314087759827,NA,0.164338537387022,NA
68,89,1222,NA,NA,3,NA,NA,0.246103363412633,NA,NA,0.246103363412633,NA,28002.9907621247,NA,68.7471131639759,NA,0.246103363412646,NA
69,90,1223,NA,NA,1,NA,NA,0.0818330605564648,NA,NA,0.0818330605564648,NA,28025.9064665127,NA,22.9157043879932,NA,0.0818330605564734,NA
70,91,1226,NA,NA,3,NA,NA,0.245298446443173,NA,NA,0.245298446443173,NA,28094.6535796767,NA,68.7471131639686,NA,0.245298446443159,NA
71,92,1228,NA,NA,2,NA,NA,0.163132137030995,NA,NA,0.163132137030995,NA,28140.4849884526,NA,45.8314087759791,NA,0.163132137030986,NA
72,93,1231,NA,NA,3,NA,NA,0.244299674267101,NA,NA,0.244299674267101,NA,28209.2321016166,NA,68.7471131639686,NA,0.244299674267088,NA
