"daysFromToday","Day","Korea","Italy","X","dif.Korea","dif.Italy","dif.X","growth.Korea","growth.Italy","growth.X","prj.grKO.X","prj.grIT.X","grKO.prj.tot.X","grIT.prj.tot.X","dif.grKO.prj.tot.X","dif.grIT.prj.tot.X","growth.grKO.prj.tot.X","growth.grIT.prj.tot.X"
-51,NA,NA,11,NA,NA,NA,NA,NA,NA,NA,NA,NA,NA,NA,NA,NA,NA,NA
-50,NA,NA,16,NA,NA,5,NA,NA,45.4545454545455,NA,NA,NA,NA,NA,NA,NA,NA,NA
-49,NA,NA,22,NA,NA,6,NA,NA,37.5,NA,NA,NA,NA,NA,NA,NA,NA,NA
-48,NA,NA,32,NA,NA,10,NA,NA,45.4545454545455,NA,NA,NA,NA,NA,NA,NA,NA,NA
-47,NA,NA,46,NA,NA,14,NA,NA,43.75,NA,NA,NA,NA,NA,NA,NA,NA,NA
-46,NA,NA,62,NA,NA,16,NA,NA,34.7826086956522,NA,NA,NA,NA,NA,NA,NA,NA,NA
-45,NA,NA,79,NA,NA,17,NA,NA,27.4193548387097,NA,NA,NA,NA,NA,NA,NA,NA,NA
-44,NA,NA,118,114,NA,39,NA,NA,49.3670886075949,NA,NA,NA,NA,NA,NA,NA,NA,NA
-43,NA,NA,142,114,NA,24,0,NA,20.3389830508475,0,NA,NA,NA,NA,NA,NA,NA,NA
-42,NA,NA,175,161,NA,33,47,NA,23.2394366197183,41.2280701754386,NA,NA,NA,NA,NA,NA,NA,NA
-41,NA,NA,215,191,NA,40,30,NA,22.8571428571429,18.6335403726708,NA,NA,NA,NA,NA,NA,NA,NA
-40,NA,NA,269,209,NA,54,18,NA,25.1162790697674,9.42408376963351,NA,NA,NA,NA,NA,NA,NA,NA
-39,NA,NA,323,209,NA,54,0,NA,20.0743494423792,0,NA,NA,NA,NA,NA,NA,NA,NA
-38,NA,NA,410,327,NA,87,118,NA,26.9349845201238,56.4593301435407,NA,NA,NA,NA,NA,NA,NA,NA
-37,NA,NA,514,414,NA,104,87,NA,25.3658536585366,26.605504587156,NA,NA,NA,NA,NA,NA,NA,NA
-36,NA,NA,640,479,NA,126,65,NA,24.5136186770428,15.7004830917874,NA,NA,NA,NA,NA,NA,NA,NA
-35,NA,NA,708,548,NA,68,69,NA,10.625,14.4050104384134,NA,NA,NA,NA,NA,NA,NA,NA
-34,NA,NA,869,606,NA,161,58,NA,22.7401129943503,10.5839416058394,NA,NA,NA,NA,NA,NA,NA,NA
-33,NA,NA,1054,690,NA,185,84,NA,21.2888377445339,13.8613861386139,NA,NA,NA,NA,NA,NA,NA,NA
-32,NA,NA,1232,736,NA,178,46,NA,16.888045540797,6.66666666666667,NA,NA,NA,NA,NA,NA,NA,NA
-31,NA,NA,1476,826,NA,244,90,NA,19.8051948051948,12.2282608695652,NA,NA,NA,NA,NA,NA,NA,NA
-30,NA,NA,1726,899,NA,250,73,NA,16.9376693766938,8.83777239709443,NA,NA,NA,NA,NA,NA,NA,NA
-29,NA,NA,1952,999,NA,226,100,NA,13.0938586326767,11.1234705228031,NA,NA,NA,NA,NA,NA,NA,NA
-28,NA,NA,2198,1068,NA,246,69,NA,12.6024590163934,6.90690690690691,NA,NA,NA,NA,NA,NA,NA,NA
-27,NA,NA,2491,1132,NA,293,64,NA,13.3303002729754,5.99250936329588,NA,NA,NA,NA,NA,NA,NA,NA
-26,NA,NA,2863,1181,NA,372,49,NA,14.9337615415496,4.32862190812721,NA,NA,NA,NA,NA,NA,NA,NA
-25,NA,NA,3280,1239,NA,417,58,NA,14.565141460007,4.91109229466554,NA,NA,NA,NA,NA,NA,NA,NA
-24,NA,NA,3738,1321,NA,458,82,NA,13.9634146341463,6.6182405165456,NA,NA,NA,NA,NA,NA,NA,NA
-23,NA,NA,4125,1321,NA,387,0,NA,10.3531300160514,0,NA,NA,NA,NA,NA,NA,NA,NA
-22,0,9,4459,1371,NA,334,50,NA,8.0969696969697,3.78501135503407,NA,NA,NA,NA,NA,NA,NA,NA
-21,1,17,4826,1527,8,367,156,88.8888888888889,8.23054496523884,11.3785557986871,NA,NA,NA,NA,NA,NA,NA,NA
-20,2,36,5189,1584,19,363,57,111.764705882353,7.52175714877746,3.7328094302554,NA,NA,NA,NA,NA,NA,NA,NA
-19,3,50,5622,1633,14,433,49,38.8888888888889,8.34457506263249,3.09343434343434,NA,NA,NA,NA,NA,NA,NA,NA
-18,4,69,6034,1663,19,412,30,38,7.32835289932408,1.83710961420698,NA,NA,NA,NA,NA,NA,NA,NA
-17,5,80,6451,1736,11,417,73,15.9420289855072,6.91083858137222,4.38965724594107,NA,NA,NA,NA,NA,NA,NA,NA
-16,6,104,6815,1785,24,364,49,30,5.64253604092389,2.82258064516129,NA,NA,NA,NA,NA,NA,NA,NA
-15,7,145,7097,1844,41,282,59,39.4230769230769,4.13793103448276,3.30532212885154,NA,NA,NA,NA,NA,NA,NA,NA
-14,8,192,7380,1910,47,283,66,32.4137931034483,3.9876003945329,3.57917570498915,NA,NA,NA,NA,NA,NA,NA,NA
-13,9,259,7713,1956,67,333,46,34.8958333333333,4.51219512195122,2.40837696335078,NA,NA,NA,NA,NA,NA,NA,NA
-12,10,307,8039,2002,48,326,46,18.5328185328185,4.22663036431998,2.35173824130879,NA,NA,NA,NA,NA,NA,NA,NA
-11,11,357,8359,2059,50,320,57,16.2866449511401,3.98059460131857,2.84715284715285,NA,NA,NA,NA,NA,NA,NA,NA
-10,12,427,8694,2127,70,335,68,19.6078431372549,4.00765641823185,3.30257406508014,NA,NA,NA,NA,NA,NA,NA,NA
-9,13,462,8995,2177,35,301,50,8.19672131147541,3.4621578099839,2.35072872590503,NA,NA,NA,NA,NA,NA,NA,NA
-8,14,501,9246,2253,39,251,76,8.44155844155844,2.79043913285158,3.49104271933854,NA,NA,NA,NA,NA,NA,NA,NA
-7,15,542,9458,2311,41,212,58,8.18363273453094,2.29288340904175,2.57434531735464,NA,NA,NA,NA,NA,NA,NA,NA
-6,16,579,9726,2354,37,268,43,6.82656826568266,2.83358003806302,1.86066637819126,NA,NA,NA,NA,NA,NA,NA,NA
-5,17,602,10019,2354,23,293,0,3.97236614853195,3.01254369730619,0,NA,NA,NA,NA,NA,NA,NA,NA
-4,18,615,10295,2446,13,276,92,2.15946843853821,2.75476594470506,3.90824129141886,NA,NA,NA,NA,NA,NA,NA,NA
-3,19,618,10622,2510,3,327,64,0.48780487804878,3.17629917435648,2.61651676206051,NA,NA,NA,NA,NA,NA,NA,NA
-2,20,638,10908,2579,20,286,69,3.23624595469256,2.69252494822067,2.74900398406374,NA,NA,NA,NA,NA,NA,NA,NA
-1,21,647,11128,2635,9,220,56,1.41065830721003,2.01686835350202,2.17138425746413,NA,NA,NA,NA,NA,NA,NA,NA
0,22,656,11335,2680,9,207,45,1.39103554868624,1.86017253774263,1.70777988614801,NA,NA,2680,2680,45,45,NA,NA
1,23,665,11521,NA,9,186,NA,1.3719512195122,1.64093515659462,NA,1.3719512195122,1.64093515659462,2716.76829268293,2723.97706219674,36.7682926829266,43.9770621967359,1.37195121951219,1.64093515659462
2,24,671,11785,NA,6,264,NA,0.902255639097744,2.2914677545352,NA,0.902255639097744,2.2914677545352,2741.28048780488,2786.39611821791,24.5121951219512,62.4190560211732,0.902255639097744,2.29146775453519
3,25,678,12029,NA,7,244,NA,1.04321907600596,2.07042851081884,NA,1.04321907600596,2.07042851081884,2769.87804878049,2844.08645787384,28.5975609756097,57.6903396559333,1.04321907600596,2.07042851081885
4,26,684,12272,NA,6,243,NA,0.884955752212389,2.02011804805054,NA,0.884955752212389,2.02011804805054,2794.39024390244,2901.54036171151,24.5121951219512,57.4539038376706,0.884955752212389,2.02011804805053
5,27,692,12485,NA,8,213,NA,1.16959064327485,1.73565840938722,NA,1.16959064327485,1.73565840938722,2827.07317073171,2951.90119100132,32.6829268292681,50.3608292898107,1.16959064327485,1.73565840938724
6,28,705,12642,NA,13,157,NA,1.87861271676301,1.25750901081298,NA,1.87861271676301,1.25750901081298,2880.18292682927,2989.02161446846,53.1097560975609,37.1204234671372,1.878612716763,1.25750901081298
7,29,712,12833,NA,7,191,NA,0.99290780141844,1.51083689289669,NA,0.99290780141844,1.51083689289669,2908.78048780488,3034.18085575651,28.5975609756097,45.1592412880455,0.992907801418437,1.51083689289668
8,30,724,13068,NA,12,235,NA,1.68539325842697,1.83121639523104,NA,1.68539325842697,1.83121639523104,2957.80487804878,3089.74327304808,49.0243902439024,55.562417291575,1.68539325842697,1.83121639523105
9,31,732,13252,NA,8,184,NA,1.10497237569061,1.40801958983777,NA,1.10497237569061,1.40801958983777,2990.48780487805,3133.24746360829,32.6829268292681,43.5041905602116,1.1049723756906,1.40801958983777
10,32,737,13463,NA,5,211,NA,0.683060109289617,1.59221249622698,NA,0.683060109289617,1.59221249622698,3010.91463414634,3183.13542126158,20.4268292682927,49.8879576532863,0.68306010928962,1.59221249622699
11,33,743,13627,NA,6,164,NA,0.814111261872456,1.2181534576246,NA,0.814111261872456,1.2181534576246,3035.42682926829,3221.91089545655,24.5121951219512,38.7754741949711,0.814111261872456,1.21815345762459
12,34,752,13790,NA,9,163,NA,1.21130551816958,1.19615469288912,NA,1.21130551816958,1.19615469288912,3072.19512195122,3260.44993383326,36.768292682927,38.5390383767094,1.21130551816959,1.19615469288912
13,35,760,13911,NA,8,121,NA,1.06382978723404,0.877447425670776,NA,1.06382978723404,0.877447425670776,3104.87804878049,3289.05866784296,32.6829268292686,28.6087340097042,1.06382978723405,0.877447425670769
14,36,768,14057,NA,8,146,NA,1.05263157894737,1.04952914959385,NA,1.05263157894737,1.04952914959385,3137.56097560976,3323.57829730922,32.6829268292686,34.5196294662546,1.05263157894738,1.04952914959384
15,37,780,14202,NA,12,145,NA,1.5625,1.03151454791207,NA,1.5625,1.03151454791207,3186.58536585366,3357.86149095721,49.0243902439024,34.2831936479934,1.5625,1.03151454791209
16,38,788,14333,NA,8,131,NA,1.02564102564103,0.922405295028869,NA,1.02564102564103,0.922405295028869,3219.26829268293,3388.83458314954,32.6829268292681,30.9730921923247,1.02564102564102,0.922405295028869
17,39,795,14470,NA,7,137,NA,0.888324873096447,0.955836182236796,NA,0.888324873096447,0.955836182236796,3247.86585365854,3421.22629025143,28.5975609756097,32.3917071018968,0.888324873096444,0.955836182236798
18,40,805,14602,NA,10,132,NA,1.25786163522013,0.912232204561161,NA,1.25786163522013,0.912232204561161,3288.71951219512,3452.43581826202,40.8536585365855,31.2095280105864,1.25786163522013,0.912232204561152
19,41,813,14699,NA,8,97,NA,0.993788819875776,0.664292562662649,NA,0.993788819875776,0.664292562662649,3321.40243902439,3475.37009263344,32.6829268292681,22.934274371416,0.993788819875771,0.66429256266265
20,42,821,NA,NA,8,NA,NA,0.984009840098401,NA,NA,0.984009840098401,NA,3354.08536585366,NA,32.6829268292686,NA,0.98400984009841,NA
21,43,828,NA,NA,7,NA,NA,0.852618757612667,NA,NA,0.852618757612667,NA,3382.68292682927,NA,28.5975609756097,NA,0.852618757612665,NA
22,44,835,NA,NA,7,NA,NA,0.845410628019324,NA,NA,0.845410628019324,NA,3411.28048780488,NA,28.5975609756097,NA,0.845410628019321,NA
23,45,842,NA,NA,7,NA,NA,0.838323353293413,NA,NA,0.838323353293413,NA,3439.87804878049,NA,28.5975609756097,NA,0.838323353293411,NA
24,46,846,NA,NA,4,NA,NA,0.475059382422803,NA,NA,0.475059382422803,NA,3456.21951219512,NA,16.3414634146343,NA,0.475059382422807,NA
25,47,850,NA,NA,4,NA,NA,0.472813238770686,NA,NA,0.472813238770686,NA,3472.56097560976,NA,16.3414634146343,NA,0.47281323877069,NA
26,48,854,NA,NA,4,NA,NA,0.470588235294118,NA,NA,0.470588235294118,NA,3488.90243902439,NA,16.3414634146338,NA,0.470588235294109,NA
27,49,857,NA,NA,3,NA,NA,0.351288056206089,NA,NA,0.351288056206089,NA,3501.15853658537,NA,12.2560975609754,NA,0.351288056206082,NA
28,50,860,NA,NA,3,NA,NA,0.350058343057176,NA,NA,0.350058343057176,NA,3513.41463414634,NA,12.2560975609754,NA,0.35005834305717,NA
29,51,862,NA,NA,2,NA,NA,0.232558139534884,NA,NA,0.232558139534884,NA,3521.58536585366,NA,8.17073170731737,NA,0.232558139534892,NA
30,52,865,NA,NA,3,NA,NA,0.348027842227378,NA,NA,0.348027842227378,NA,3533.84146341463,NA,12.2560975609758,NA,0.348027842227385,NA
31,53,867,NA,NA,2,NA,NA,0.23121387283237,NA,NA,0.23121387283237,NA,3542.01219512195,NA,8.17073170731737,NA,0.231213872832378,NA
32,54,869,NA,NA,2,NA,NA,0.230680507497116,NA,NA,0.230680507497116,NA,3550.18292682927,NA,8.17073170731737,NA,0.230680507497125,NA
33,55,871,NA,NA,2,NA,NA,0.230149597238205,NA,NA,0.230149597238205,NA,3558.35365853659,NA,8.17073170731646,NA,0.230149597238188,NA
34,56,873,NA,NA,2,NA,NA,0.229621125143513,NA,NA,0.229621125143513,NA,3566.5243902439,NA,8.17073170731692,NA,0.229621125143509,NA
35,57,875,NA,NA,2,NA,NA,0.229095074455899,NA,NA,0.229095074455899,NA,3574.69512195122,NA,8.17073170731692,NA,0.229095074455895,NA
36,58,876,NA,NA,1,NA,NA,0.114285714285714,NA,NA,0.114285714285714,NA,3578.78048780488,NA,4.08536585365846,NA,0.114285714285712,NA
37,59,877,NA,NA,1,NA,NA,0.114155251141553,NA,NA,0.114155251141553,NA,3582.86585365854,NA,4.08536585365846,NA,0.11415525114155,NA
38,60,878,NA,NA,1,NA,NA,0.114025085518814,NA,NA,0.114025085518814,NA,3586.95121951219,NA,4.08536585365846,NA,0.114025085518812,NA
39,61,879,NA,NA,1,NA,NA,0.113895216400911,NA,NA,0.113895216400911,NA,3591.03658536585,NA,4.08536585365846,NA,0.113895216400909,NA
40,62,880,NA,NA,1,NA,NA,0.113765642775882,NA,NA,0.113765642775882,NA,3595.12195121951,NA,4.08536585365846,NA,0.11376564277588,NA
41,63,881,NA,NA,1,NA,NA,0.113636363636364,NA,NA,0.113636363636364,NA,3599.20731707317,NA,4.08536585365891,NA,0.113636363636374,NA
42,64,882,NA,NA,1,NA,NA,0.113507377979569,NA,NA,0.113507377979569,NA,3603.29268292683,NA,4.08536585365846,NA,0.113507377979567,NA
43,65,883,NA,NA,1,NA,NA,0.113378684807256,NA,NA,0.113378684807256,NA,3607.37804878049,NA,4.08536585365846,NA,0.113378684807254,NA
44,66,883,NA,NA,0,NA,NA,0,NA,NA,0,NA,3607.37804878049,NA,0,NA,0,NA
45,67,885,NA,NA,2,NA,NA,0.226500566251416,NA,NA,0.226500566251416,NA,3615.5487804878,NA,8.17073170731737,NA,0.226500566251424,NA
46,68,885,NA,NA,0,NA,NA,0,NA,NA,0,NA,3615.5487804878,NA,0,NA,0,NA
47,69,886,NA,NA,1,NA,NA,0.112994350282486,NA,NA,0.112994350282486,NA,3619.63414634146,NA,4.08536585365891,NA,0.112994350282496,NA
48,70,886,NA,NA,0,NA,NA,0,NA,NA,0,NA,3619.63414634146,NA,0,NA,0,NA
49,71,887,NA,NA,1,NA,NA,0.112866817155756,NA,NA,0.112866817155756,NA,3623.71951219512,NA,4.08536585365891,NA,0.112866817155767,NA
50,72,888,NA,NA,1,NA,NA,0.112739571589628,NA,NA,0.112739571589628,NA,3627.80487804878,NA,4.08536585365891,NA,0.112739571589638,NA
51,73,889,NA,NA,1,NA,NA,0.112612612612613,NA,NA,0.112612612612613,NA,3631.89024390244,NA,4.08536585365891,NA,0.112612612612623,NA
