"daysFromToday","Day","Korea","Italy","X","dif.Korea","dif.Italy","dif.X","growth.Korea","growth.Italy","growth.X","prj.grKO.X","prj.grIT.X","grKO.prj.tot.X","grIT.prj.tot.X","dif.grKO.prj.tot.X","dif.grIT.prj.tot.X","growth.grKO.prj.tot.X","growth.grIT.prj.tot.X"
-95,NA,NA,0,NA,NA,NA,NA,NA,NA,NA,NA,NA,NA,NA,NA,NA,NA,NA
-94,NA,NA,0,NA,NA,0,NA,NA,NA,NA,NA,NA,NA,NA,NA,NA,NA,NA
-93,NA,NA,0,NA,NA,0,NA,NA,NA,NA,NA,NA,NA,NA,NA,NA,NA,NA
-92,NA,NA,1,NA,NA,1,NA,NA,Inf,NA,NA,NA,NA,NA,NA,NA,NA,NA
-91,NA,NA,1,NA,NA,0,NA,NA,0,NA,NA,NA,NA,NA,NA,NA,NA,NA
-90,NA,NA,1,NA,NA,0,NA,NA,0,NA,NA,NA,NA,NA,NA,NA,NA,NA
-89,NA,NA,2,NA,NA,1,NA,NA,100,NA,NA,NA,NA,NA,NA,NA,NA,NA
-88,NA,NA,2,NA,NA,0,NA,NA,0,NA,NA,NA,NA,NA,NA,NA,NA,NA
-87,NA,NA,3,NA,NA,1,NA,NA,50,NA,NA,NA,NA,NA,NA,NA,NA,NA
-86,NA,NA,4,NA,NA,1,NA,NA,33.3333333333333,NA,NA,NA,NA,NA,NA,NA,NA,NA
-85,NA,NA,5,NA,NA,1,NA,NA,25,NA,NA,NA,NA,NA,NA,NA,NA,NA
-84,NA,NA,6,NA,NA,1,NA,NA,20,NA,NA,NA,NA,NA,NA,NA,NA,NA
-83,NA,NA,8,NA,NA,2,NA,NA,33.3333333333333,NA,NA,NA,NA,NA,NA,NA,NA,NA
-82,NA,NA,9,NA,NA,1,NA,NA,12.5,NA,NA,NA,NA,NA,NA,NA,NA,NA
-81,NA,NA,12,NA,NA,3,NA,NA,33.3333333333333,NA,NA,NA,NA,NA,NA,NA,NA,NA
-80,NA,NA,15,NA,NA,3,NA,NA,25,NA,NA,NA,NA,NA,NA,NA,NA,NA
-79,NA,NA,18,NA,NA,3,NA,NA,20,NA,NA,NA,NA,NA,NA,NA,NA,NA
-78,NA,NA,20,NA,NA,2,NA,NA,11.1111111111111,NA,NA,NA,NA,NA,NA,NA,NA,NA
-77,NA,NA,25,NA,NA,5,NA,NA,25,NA,NA,NA,NA,NA,NA,NA,NA,NA
-76,NA,NA,30,NA,NA,5,NA,NA,20,NA,NA,NA,NA,NA,NA,NA,NA,NA
-75,NA,NA,35,58,NA,5,NA,NA,16.6666666666667,NA,NA,NA,NA,NA,NA,NA,NA,NA
-74,NA,NA,42,66,NA,7,8,NA,20,13.7931034482759,NA,NA,NA,NA,NA,NA,NA,NA
-73,NA,NA,49,66,NA,7,0,NA,16.6666666666667,0,NA,NA,NA,NA,NA,NA,NA,NA
-72,NA,NA,55,70,NA,6,4,NA,12.2448979591837,6.06060606060606,NA,NA,NA,NA,NA,NA,NA,NA
-71,NA,NA,62,70,NA,7,0,NA,12.7272727272727,0,NA,NA,NA,NA,NA,NA,NA,NA
-70,NA,NA,71,79,NA,9,9,NA,14.5161290322581,12.8571428571429,NA,NA,NA,NA,NA,NA,NA,NA
-69,NA,NA,81,79,NA,10,0,NA,14.0845070422535,0,NA,NA,NA,NA,NA,NA,NA,NA
-68,NA,NA,93,92,NA,12,13,NA,14.8148148148148,16.4556962025316,NA,NA,NA,NA,NA,NA,NA,NA
-67,NA,NA,106,101,NA,13,9,NA,13.9784946236559,9.78260869565217,NA,NA,NA,NA,NA,NA,NA,NA
-66,NA,NA,117,110,NA,11,9,NA,10.377358490566,8.91089108910891,NA,NA,NA,NA,NA,NA,NA,NA
-65,NA,NA,127,130,NA,10,20,NA,8.54700854700855,18.1818181818182,NA,NA,NA,NA,NA,NA,NA,NA
-64,NA,NA,137,142,NA,10,12,NA,7.8740157480315,9.23076923076923,NA,NA,NA,NA,NA,NA,NA,NA
-63,NA,NA,147,160,NA,10,18,NA,7.2992700729927,12.6760563380282,NA,NA,NA,NA,NA,NA,NA,NA
-62,NA,NA,159,204,NA,12,44,NA,8.16326530612245,27.5,NA,NA,NA,NA,NA,NA,NA,NA
-61,NA,NA,171,221,NA,12,17,NA,7.54716981132075,8.33333333333333,NA,NA,NA,NA,NA,NA,NA,NA
-60,NA,NA,183,280,NA,12,59,NA,7.01754385964912,26.6968325791855,NA,NA,NA,NA,NA,NA,NA,NA
-59,NA,NA,193,326,NA,10,46,NA,5.46448087431694,16.4285714285714,NA,NA,NA,NA,NA,NA,NA,NA
-58,NA,NA,201,333,NA,8,7,NA,4.14507772020725,2.14723926380368,NA,NA,NA,NA,NA,NA,NA,NA
-57,NA,NA,209,396,NA,8,63,NA,3.98009950248756,18.9189189189189,NA,NA,NA,NA,NA,NA,NA,NA
-56,NA,NA,219,396,NA,10,0,NA,4.78468899521531,0,NA,NA,NA,NA,NA,NA,NA,NA
-55,NA,NA,228,499,NA,9,103,NA,4.10958904109589,26.010101010101,NA,NA,NA,NA,NA,NA,NA,NA
-54,NA,NA,237,572,NA,9,73,NA,3.94736842105263,14.6292585170341,NA,NA,NA,NA,NA,NA,NA,NA
-53,NA,NA,247,684,NA,10,112,NA,4.21940928270042,19.5804195804196,NA,NA,NA,NA,NA,NA,NA,NA
-52,NA,NA,255,766,NA,8,82,NA,3.23886639676113,11.9883040935673,NA,NA,NA,NA,NA,NA,NA,NA
-51,NA,NA,262,818,NA,7,52,NA,2.74509803921569,6.78851174934726,NA,NA,NA,NA,NA,NA,NA,NA
-50,NA,NA,268,876,NA,6,58,NA,2.29007633587786,7.09046454767726,NA,NA,NA,NA,NA,NA,NA,NA
-49,NA,NA,276,907,NA,8,31,NA,2.98507462686567,3.53881278538813,NA,NA,NA,NA,NA,NA,NA,NA
-48,NA,NA,284,971,NA,8,64,NA,2.89855072463768,7.05622932745314,NA,NA,NA,NA,NA,NA,NA,NA
-47,NA,NA,292,1027,NA,8,56,NA,2.8169014084507,5.76725025746653,NA,NA,NA,NA,NA,NA,NA,NA
-46,NA,NA,301,1101,NA,9,74,NA,3.08219178082192,7.20545277507303,NA,NA,NA,NA,NA,NA,NA,NA
-45,NA,NA,309,1101,NA,8,0,NA,2.6578073089701,0,NA,NA,NA,NA,NA,NA,NA,NA
-44,NA,NA,316,1124,NA,7,23,NA,2.26537216828479,2.08900999091735,NA,NA,NA,NA,NA,NA,NA,NA
-43,NA,NA,322,1179,NA,6,55,NA,1.89873417721519,4.8932384341637,NA,NA,NA,NA,NA,NA,NA,NA
-42,NA,NA,327,1327,NA,5,148,NA,1.5527950310559,12.5530110262935,NA,NA,NA,NA,NA,NA,NA,NA
-41,NA,NA,334,1421,NA,7,94,NA,2.14067278287462,7.08364732479277,NA,NA,NA,NA,NA,NA,NA,NA
-40,NA,NA,341,1462,NA,7,41,NA,2.09580838323353,2.88529204785362,NA,NA,NA,NA,NA,NA,NA,NA
-39,NA,NA,348,2080,NA,7,618,NA,2.05278592375367,42.2708618331053,NA,NA,NA,NA,NA,NA,NA,NA
-38,NA,NA,354,2129,NA,6,49,NA,1.72413793103448,2.35576923076923,NA,NA,NA,NA,NA,NA,NA,NA
-37,NA,NA,359,2129,NA,5,0,NA,1.41242937853107,0,NA,NA,NA,NA,NA,NA,NA,NA
-36,NA,NA,364,2145,NA,5,16,NA,1.39275766016713,0.751526538280883,NA,NA,NA,NA,NA,NA,NA,NA
-35,NA,NA,371,2193,NA,7,48,NA,1.92307692307692,2.23776223776224,NA,NA,NA,NA,NA,NA,NA,NA
-34,NA,NA,376,2196,NA,5,3,NA,1.34770889487871,0.136798905608755,NA,NA,NA,NA,NA,NA,NA,NA
-33,NA,NA,382,2202,NA,6,6,NA,1.59574468085106,0.273224043715847,NA,NA,NA,NA,NA,NA,NA,NA
-32,NA,NA,387,2229,NA,5,27,NA,1.30890052356021,1.22615803814714,NA,NA,NA,NA,NA,NA,NA,NA
-31,NA,NA,391,2238,NA,4,9,NA,1.03359173126615,0.403768506056528,NA,NA,NA,NA,NA,NA,NA,NA
-30,NA,NA,395,2238,NA,4,0,NA,1.0230179028133,0,NA,NA,NA,NA,NA,NA,NA,NA
-29,NA,NA,399,2238,NA,4,0,NA,1.0126582278481,0,NA,NA,NA,NA,NA,NA,NA,NA
-28,NA,NA,403,2251,NA,4,13,NA,1.00250626566416,0.580875781948168,NA,NA,NA,NA,NA,NA,NA,NA
-27,NA,NA,407,2266,NA,4,15,NA,0.992555831265509,0.666370501999112,NA,NA,NA,NA,NA,NA,NA,NA
-26,NA,NA,410,2276,NA,3,10,NA,0.737100737100737,0.441306266548985,NA,NA,NA,NA,NA,NA,NA,NA
-25,0,0,414,2317,NA,4,41,NA,0.975609756097561,1.80140597539543,NA,NA,NA,NA,NA,NA,NA,NA
-24,1,0,417,2321,0,3,4,NA,0.72463768115942,0.172637030643073,NA,NA,NA,NA,NA,NA,NA,NA
-23,2,1,419,2321,1,2,0,Inf,0.479616306954436,0,NA,NA,NA,NA,NA,NA,NA,NA
-22,3,1,422,2354,0,3,33,0,0.715990453460621,1.4218009478673,NA,NA,NA,NA,NA,NA,NA,NA
-21,4,2,424,2432,1,2,78,100,0.4739336492891,3.31350892098556,NA,NA,NA,NA,NA,NA,NA,NA
-20,5,2,427,2488,0,3,56,0,0.707547169811321,2.30263157894737,NA,NA,NA,NA,NA,NA,NA,NA
-19,6,3,430,2488,1,3,0,50,0.702576112412178,0,NA,NA,NA,NA,NA,NA,NA,NA
-18,7,4,432,2754,1,2,266,33.3333333333333,0.465116279069767,10.6913183279743,NA,NA,NA,NA,NA,NA,NA,NA
-17,8,5,434,2756,1,2,2,25,0.462962962962963,0.0726216412490922,NA,NA,NA,NA,NA,NA,NA,NA
-16,9,7,435,2756,2,1,0,40,0.230414746543779,0,NA,NA,NA,NA,NA,NA,NA,NA
-15,10,9,438,2763,2,3,7,28.5714285714286,0.689655172413793,0.253991291727141,NA,NA,NA,NA,NA,NA,NA,NA
-14,11,10,440,2766,1,2,3,11.1111111111111,0.45662100456621,0.1085776330076,NA,NA,NA,NA,NA,NA,NA,NA
-13,12,12,441,2778,2,1,12,20,0.227272727272727,0.433839479392625,NA,NA,NA,NA,NA,NA,NA,NA
-12,13,13,443,2783,1,2,5,8.33333333333333,0.453514739229025,0.179985601151908,NA,NA,NA,NA,NA,NA,NA,NA
-11,14,14,445,2785,1,2,2,7.69230769230769,0.451467268623025,0.0718648939992814,NA,NA,NA,NA,NA,NA,NA,NA
-10,15,15,446,2785,1,1,0,7.14285714285714,0.224719101123596,0,NA,NA,NA,NA,NA,NA,NA,NA
-9,16,16,447,2785,1,1,0,6.66666666666667,0.224215246636771,0,NA,NA,NA,NA,NA,NA,NA,NA
-8,17,17,449,2789,1,2,4,6.25,0.447427293064877,0.143626570915619,NA,NA,NA,NA,NA,NA,NA,NA
-7,18,17,450,2798,0,1,9,0,0.22271714922049,0.322696306920043,NA,NA,NA,NA,NA,NA,NA,NA
-6,19,18,451,2811,1,1,13,5.88235294117647,0.222222222222222,0.464617583988563,NA,NA,NA,NA,NA,NA,NA,NA
-5,20,18,452,2819,0,1,8,0,0.221729490022173,0.284596229099964,NA,NA,NA,NA,NA,NA,NA,NA
-4,21,18,454,2822,0,2,3,0,0.442477876106195,0.106420716566158,NA,NA,NA,NA,NA,NA,NA,NA
-3,22,19,455,2822,1,1,0,5.55555555555556,0.220264317180617,0,NA,NA,NA,NA,NA,NA,NA,NA
-2,23,19,455,2822,0,0,0,0,0,0,NA,NA,NA,NA,NA,NA,NA,NA
-1,24,19,456,2831,0,1,9,0,0.21978021978022,0.318922749822821,NA,NA,NA,NA,NA,NA,NA,NA
0,25,19,457,2838,0,1,7,0,0.219298245614035,0.24726245143059,NA,NA,2838,2838,7,7,NA,NA
1,26,19,459,NA,0,2,NA,0,0.437636761487965,NA,0,0.437636761487965,2838,2850.42013129103,0,12.4201312910282,0,0.437636761487955
2,27,20,460,NA,1,1,NA,5.26315789473684,0.217864923747277,NA,5.26315789473684,0.217864923747277,2987.36842105263,2856.63019693654,149.368421052631,6.21006564551408,5.26315789473683,0.217864923747272
3,28,20,460,NA,0,0,NA,0,0,NA,0,0,2987.36842105263,2856.63019693654,0,0,0,0
4,29,20,461,NA,0,1,NA,0,0.217391304347826,NA,0,0.217391304347826,2987.36842105263,2862.84026258206,0,6.21006564551453,0,0.217391304347837
5,30,21,461,NA,1,0,NA,5,0,NA,5,0,3136.73684210526,2862.84026258206,149.368421052632,0,5,0
6,31,21,462,NA,0,1,NA,0,0.216919739696312,NA,0,0.216919739696312,3136.73684210526,2869.05032822757,0,6.21006564551408,0,0.216919739696307
7,32,21,463,NA,0,1,NA,0,0.216450216450216,NA,0,0.216450216450216,3136.73684210526,2875.26039387309,0,6.21006564551453,0,0.216450216450227
8,33,21,463,NA,0,0,NA,0,0,NA,0,0,3136.73684210526,2875.26039387309,0,0,0,0
9,34,21,464,NA,0,1,NA,0,0.215982721382289,NA,0,0.215982721382289,3136.73684210526,2881.4704595186,0,6.21006564551408,0,0.215982721382284
10,35,22,465,NA,1,1,NA,4.76190476190476,0.21551724137931,NA,4.76190476190476,0.21551724137931,3286.10526315789,2887.68052516411,149.368421052632,6.21006564551453,4.76190476190477,0.215517241379321
11,36,22,465,NA,0,0,NA,0,0,NA,0,0,3286.10526315789,2887.68052516411,0,0,0,0
12,37,22,466,NA,0,1,NA,0,0.21505376344086,NA,0,0.21505376344086,3286.10526315789,2893.89059080963,0,6.21006564551453,0,0.215053763440871
13,38,22,466,NA,0,0,NA,0,0,NA,0,0,3286.10526315789,2893.89059080963,0,0,0,0
14,39,23,467,NA,1,1,NA,4.54545454545455,0.214592274678112,NA,4.54545454545455,0.214592274678112,3435.47368421053,2900.10065645514,149.368421052631,6.21006564551408,4.54545454545453,0.214592274678107
15,40,23,467,NA,0,0,NA,0,0,NA,0,0,3435.47368421053,2900.10065645514,0,0,0,0
16,41,23,468,NA,0,1,NA,0,0.214132762312634,NA,0,0.214132762312634,3435.47368421053,2906.31072210066,0,6.21006564551408,0,0.214132762312629
17,42,23,468,NA,0,0,NA,0,0,NA,0,0,3435.47368421053,2906.31072210066,0,0,0,0
18,43,23,469,NA,0,1,NA,0,0.213675213675214,NA,0,0.213675213675214,3435.47368421053,2912.52078774617,0,6.21006564551408,0,0.213675213675209
19,44,24,470,NA,1,1,NA,4.34782608695652,0.213219616204691,NA,4.34782608695652,0.213219616204691,3584.84210526316,2918.73085339168,149.368421052632,6.21006564551408,4.34782608695653,0.213219616204686
20,45,24,470,NA,0,0,NA,0,0,NA,0,0,3584.84210526316,2918.73085339168,0,0,0,0
21,46,24,471,NA,0,1,NA,0,0.212765957446809,NA,0,0.212765957446809,3584.84210526316,2924.9409190372,0,6.21006564551453,0,0.212765957446819
22,47,24,471,NA,0,0,NA,0,0,NA,0,0,3584.84210526316,2924.9409190372,0,0,0,0
23,48,24,471,NA,0,0,NA,0,0,NA,0,0,3584.84210526316,2924.9409190372,0,0,0,0
24,49,24,472,NA,0,1,NA,0,0.212314225053079,NA,0,0.212314225053079,3584.84210526316,2931.15098468271,0,6.21006564551408,0,0.212314225053074
25,50,24,472,NA,0,0,NA,0,0,NA,0,0,3584.84210526316,2931.15098468271,0,0,0,0
26,51,24,472,NA,0,0,NA,0,0,NA,0,0,3584.84210526316,2931.15098468271,0,0,0,0
27,52,25,473,NA,1,1,NA,4.16666666666667,0.211864406779661,NA,4.16666666666667,0.211864406779661,3734.21052631579,2937.36105032823,149.368421052632,6.21006564551453,4.16666666666667,0.211864406779672
28,53,25,NA,NA,0,NA,NA,0,NA,NA,0,NA,3734.21052631579,NA,0,NA,0,NA
29,54,25,NA,NA,0,NA,NA,0,NA,NA,0,NA,3734.21052631579,NA,0,NA,0,NA
30,55,25,NA,NA,0,NA,NA,0,NA,NA,0,NA,3734.21052631579,NA,0,NA,0,NA
31,56,25,NA,NA,0,NA,NA,0,NA,NA,0,NA,3734.21052631579,NA,0,NA,0,NA
32,57,25,NA,NA,0,NA,NA,0,NA,NA,0,NA,3734.21052631579,NA,0,NA,0,NA
33,58,25,NA,NA,0,NA,NA,0,NA,NA,0,NA,3734.21052631579,NA,0,NA,0,NA
34,59,25,NA,NA,0,NA,NA,0,NA,NA,0,NA,3734.21052631579,NA,0,NA,0,NA
35,60,25,NA,NA,0,NA,NA,0,NA,NA,0,NA,3734.21052631579,NA,0,NA,0,NA
36,61,25,NA,NA,0,NA,NA,0,NA,NA,0,NA,3734.21052631579,NA,0,NA,0,NA
37,62,25,NA,NA,0,NA,NA,0,NA,NA,0,NA,3734.21052631579,NA,0,NA,0,NA
38,63,25,NA,NA,0,NA,NA,0,NA,NA,0,NA,3734.21052631579,NA,0,NA,0,NA
39,64,25,NA,NA,0,NA,NA,0,NA,NA,0,NA,3734.21052631579,NA,0,NA,0,NA
40,65,25,NA,NA,0,NA,NA,0,NA,NA,0,NA,3734.21052631579,NA,0,NA,0,NA
41,66,25,NA,NA,0,NA,NA,0,NA,NA,0,NA,3734.21052631579,NA,0,NA,0,NA
42,67,25,NA,NA,0,NA,NA,0,NA,NA,0,NA,3734.21052631579,NA,0,NA,0,NA
43,68,25,NA,NA,0,NA,NA,0,NA,NA,0,NA,3734.21052631579,NA,0,NA,0,NA
44,69,25,NA,NA,0,NA,NA,0,NA,NA,0,NA,3734.21052631579,NA,0,NA,0,NA
45,70,25,NA,NA,0,NA,NA,0,NA,NA,0,NA,3734.21052631579,NA,0,NA,0,NA
46,71,25,NA,NA,0,NA,NA,0,NA,NA,0,NA,3734.21052631579,NA,0,NA,0,NA
47,72,25,NA,NA,0,NA,NA,0,NA,NA,0,NA,3734.21052631579,NA,0,NA,0,NA
48,73,25,NA,NA,0,NA,NA,0,NA,NA,0,NA,3734.21052631579,NA,0,NA,0,NA
49,74,25,NA,NA,0,NA,NA,0,NA,NA,0,NA,3734.21052631579,NA,0,NA,0,NA
50,75,25,NA,NA,0,NA,NA,0,NA,NA,0,NA,3734.21052631579,NA,0,NA,0,NA
51,76,25,NA,NA,0,NA,NA,0,NA,NA,0,NA,3734.21052631579,NA,0,NA,0,NA
52,77,25,NA,NA,0,NA,NA,0,NA,NA,0,NA,3734.21052631579,NA,0,NA,0,NA
53,78,25,NA,NA,0,NA,NA,0,NA,NA,0,NA,3734.21052631579,NA,0,NA,0,NA
54,79,25,NA,NA,0,NA,NA,0,NA,NA,0,NA,3734.21052631579,NA,0,NA,0,NA
55,80,25,NA,NA,0,NA,NA,0,NA,NA,0,NA,3734.21052631579,NA,0,NA,0,NA
56,81,26,NA,NA,1,NA,NA,4,NA,NA,4,NA,3883.57894736842,NA,149.368421052632,NA,4,NA
57,82,26,NA,NA,0,NA,NA,0,NA,NA,0,NA,3883.57894736842,NA,0,NA,0,NA
58,83,26,NA,NA,0,NA,NA,0,NA,NA,0,NA,3883.57894736842,NA,0,NA,0,NA
59,84,26,NA,NA,0,NA,NA,0,NA,NA,0,NA,3883.57894736842,NA,0,NA,0,NA
60,85,26,NA,NA,0,NA,NA,0,NA,NA,0,NA,3883.57894736842,NA,0,NA,0,NA
61,86,26,NA,NA,0,NA,NA,0,NA,NA,0,NA,3883.57894736842,NA,0,NA,0,NA
62,87,26,NA,NA,0,NA,NA,0,NA,NA,0,NA,3883.57894736842,NA,0,NA,0,NA
63,88,26,NA,NA,0,NA,NA,0,NA,NA,0,NA,3883.57894736842,NA,0,NA,0,NA
64,89,26,NA,NA,0,NA,NA,0,NA,NA,0,NA,3883.57894736842,NA,0,NA,0,NA
65,90,26,NA,NA,0,NA,NA,0,NA,NA,0,NA,3883.57894736842,NA,0,NA,0,NA
66,91,26,NA,NA,0,NA,NA,0,NA,NA,0,NA,3883.57894736842,NA,0,NA,0,NA
67,92,26,NA,NA,0,NA,NA,0,NA,NA,0,NA,3883.57894736842,NA,0,NA,0,NA
68,93,26,NA,NA,0,NA,NA,0,NA,NA,0,NA,3883.57894736842,NA,0,NA,0,NA
69,94,26,NA,NA,0,NA,NA,0,NA,NA,0,NA,3883.57894736842,NA,0,NA,0,NA
70,95,26,NA,NA,0,NA,NA,0,NA,NA,0,NA,3883.57894736842,NA,0,NA,0,NA
71,96,26,NA,NA,0,NA,NA,0,NA,NA,0,NA,3883.57894736842,NA,0,NA,0,NA
72,97,26,NA,NA,0,NA,NA,0,NA,NA,0,NA,3883.57894736842,NA,0,NA,0,NA
73,98,27,NA,NA,1,NA,NA,3.84615384615385,NA,NA,3.84615384615385,NA,4032.94736842105,NA,149.368421052632,NA,3.84615384615385,NA
74,99,27,NA,NA,0,NA,NA,0,NA,NA,0,NA,4032.94736842105,NA,0,NA,0,NA
75,100,27,NA,NA,0,NA,NA,0,NA,NA,0,NA,4032.94736842105,NA,0,NA,0,NA
76,101,27,NA,NA,0,NA,NA,0,NA,NA,0,NA,4032.94736842105,NA,0,NA,0,NA
77,102,27,NA,NA,0,NA,NA,0,NA,NA,0,NA,4032.94736842105,NA,0,NA,0,NA
78,103,27,NA,NA,0,NA,NA,0,NA,NA,0,NA,4032.94736842105,NA,0,NA,0,NA
79,104,27,NA,NA,0,NA,NA,0,NA,NA,0,NA,4032.94736842105,NA,0,NA,0,NA
80,105,27,NA,NA,0,NA,NA,0,NA,NA,0,NA,4032.94736842105,NA,0,NA,0,NA
81,106,27,NA,NA,0,NA,NA,0,NA,NA,0,NA,4032.94736842105,NA,0,NA,0,NA
82,107,27,NA,NA,0,NA,NA,0,NA,NA,0,NA,4032.94736842105,NA,0,NA,0,NA
83,108,28,NA,NA,1,NA,NA,3.7037037037037,NA,NA,3.7037037037037,NA,4182.31578947368,NA,149.368421052632,NA,3.70370370370371,NA
84,109,28,NA,NA,0,NA,NA,0,NA,NA,0,NA,4182.31578947368,NA,0,NA,0,NA
85,110,28,NA,NA,0,NA,NA,0,NA,NA,0,NA,4182.31578947368,NA,0,NA,0,NA
86,111,28,NA,NA,0,NA,NA,0,NA,NA,0,NA,4182.31578947368,NA,0,NA,0,NA
87,112,28,NA,NA,0,NA,NA,0,NA,NA,0,NA,4182.31578947368,NA,0,NA,0,NA
88,113,28,NA,NA,0,NA,NA,0,NA,NA,0,NA,4182.31578947368,NA,0,NA,0,NA
89,114,28,NA,NA,0,NA,NA,0,NA,NA,0,NA,4182.31578947368,NA,0,NA,0,NA
90,115,28,NA,NA,0,NA,NA,0,NA,NA,0,NA,4182.31578947368,NA,0,NA,0,NA
91,116,28,NA,NA,0,NA,NA,0,NA,NA,0,NA,4182.31578947368,NA,0,NA,0,NA
92,117,28,NA,NA,0,NA,NA,0,NA,NA,0,NA,4182.31578947368,NA,0,NA,0,NA
93,118,29,NA,NA,1,NA,NA,3.57142857142857,NA,NA,3.57142857142857,NA,4331.68421052632,NA,149.368421052632,NA,3.57142857142857,NA
94,119,29,NA,NA,0,NA,NA,0,NA,NA,0,NA,4331.68421052632,NA,0,NA,0,NA
95,120,29,NA,NA,0,NA,NA,0,NA,NA,0,NA,4331.68421052632,NA,0,NA,0,NA
96,121,29,NA,NA,0,NA,NA,0,NA,NA,0,NA,4331.68421052632,NA,0,NA,0,NA
97,122,29,NA,NA,0,NA,NA,0,NA,NA,0,NA,4331.68421052632,NA,0,NA,0,NA
98,123,29,NA,NA,0,NA,NA,0,NA,NA,0,NA,4331.68421052632,NA,0,NA,0,NA
99,124,29,NA,NA,0,NA,NA,0,NA,NA,0,NA,4331.68421052632,NA,0,NA,0,NA
