"daysFromToday","Day","Korea","Italy","X","dif.Korea","dif.Italy","dif.X","growth.Korea","growth.Italy","growth.X","prj.grKO.X","prj.grIT.X","grKO.prj.tot.X","grIT.prj.tot.X","dif.grKO.prj.tot.X","dif.grIT.prj.tot.X","growth.grKO.prj.tot.X","growth.grIT.prj.tot.X"
-106,NA,NA,14,NA,NA,NA,NA,NA,NA,NA,NA,NA,NA,NA,NA,NA,NA,NA
-105,NA,NA,21,NA,NA,7,NA,NA,50,NA,NA,NA,NA,NA,NA,NA,NA,NA
-104,NA,NA,30,NA,NA,9,NA,NA,42.8571428571429,NA,NA,NA,NA,NA,NA,NA,NA,NA
-103,NA,NA,42,NA,NA,12,NA,NA,40,NA,NA,NA,NA,NA,NA,NA,NA,NA
-102,NA,NA,61,NA,NA,19,NA,NA,45.2380952380952,NA,NA,NA,NA,NA,NA,NA,NA,NA
-101,NA,NA,83,NA,NA,22,NA,NA,36.0655737704918,NA,NA,NA,NA,NA,NA,NA,NA,NA
-100,NA,NA,105,NA,NA,22,NA,NA,26.5060240963855,NA,NA,NA,NA,NA,NA,NA,NA,NA
-99,NA,NA,158,NA,NA,53,NA,NA,50.4761904761905,NA,NA,NA,NA,NA,NA,NA,NA,NA
-98,NA,NA,190,NA,NA,32,NA,NA,20.253164556962,NA,NA,NA,NA,NA,NA,NA,NA,NA
-97,NA,NA,233,NA,NA,43,NA,NA,22.6315789473684,NA,NA,NA,NA,NA,NA,NA,NA,NA
-96,NA,NA,288,NA,NA,55,NA,NA,23.6051502145923,NA,NA,NA,NA,NA,NA,NA,NA,NA
-95,NA,NA,360,NA,NA,72,NA,NA,25,NA,NA,NA,NA,NA,NA,NA,NA,NA
-94,NA,NA,432,NA,NA,72,NA,NA,20,NA,NA,NA,NA,NA,NA,NA,NA,NA
-93,NA,NA,549,NA,NA,117,NA,NA,27.0833333333333,NA,NA,NA,NA,NA,NA,NA,NA,NA
-92,NA,NA,688,NA,NA,139,NA,NA,25.3187613843352,NA,NA,NA,NA,NA,NA,NA,NA,NA
-91,NA,NA,856,128,NA,168,NA,NA,24.4186046511628,NA,NA,NA,NA,NA,NA,NA,NA,NA
-90,NA,NA,947,179,NA,91,51,NA,10.6308411214953,39.84375,NA,NA,NA,NA,NA,NA,NA,NA
-89,NA,NA,1162,246,NA,215,67,NA,22.7032734952482,37.4301675977654,NA,NA,NA,NA,NA,NA,NA,NA
-88,NA,NA,1410,269,NA,248,23,NA,21.342512908778,9.34959349593496,NA,NA,NA,NA,NA,NA,NA,NA
-87,NA,NA,1647,287,NA,237,18,NA,16.8085106382979,6.69144981412639,NA,NA,NA,NA,NA,NA,NA,NA
-86,NA,NA,1973,303,NA,326,16,NA,19.7935640558591,5.57491289198606,NA,NA,NA,NA,NA,NA,NA,NA
-85,NA,NA,2308,327,NA,335,24,NA,16.9792194627471,7.92079207920792,NA,NA,NA,NA,NA,NA,NA,NA
-84,NA,NA,2610,349,NA,302,22,NA,13.0849220103986,6.72782874617737,NA,NA,NA,NA,NA,NA,NA,NA
-83,NA,NA,2939,393,NA,329,44,NA,12.6053639846743,12.6074498567335,NA,NA,NA,NA,NA,NA,NA,NA
-82,NA,NA,3331,444,NA,392,51,NA,13.3378700238176,12.9770992366412,NA,NA,NA,NA,NA,NA,NA,NA
-81,NA,NA,3828,502,NA,497,58,NA,14.9204443110177,13.0630630630631,NA,NA,NA,NA,NA,NA,NA,NA
-80,NA,NA,4386,565,NA,558,63,NA,14.576802507837,12.5498007968127,NA,NA,NA,NA,NA,NA,NA,NA
-79,NA,NA,4998,640,NA,612,75,NA,13.953488372093,13.2743362831858,NA,NA,NA,NA,NA,NA,NA,NA
-78,NA,NA,5516,687,NA,518,47,NA,10.3641456582633,7.34375,NA,NA,NA,NA,NA,NA,NA,NA
-77,NA,NA,5963,725,NA,447,38,NA,8.10369833212473,5.53129548762737,NA,NA,NA,NA,NA,NA,NA,NA
-76,NA,NA,6452,823,NA,489,98,NA,8.20057018279389,13.5172413793103,NA,NA,NA,NA,NA,NA,NA,NA
-75,NA,NA,6938,916,NA,486,93,NA,7.53254804711717,11.3001215066829,NA,NA,NA,NA,NA,NA,NA,NA
-74,NA,NA,7517,973,NA,579,57,NA,8.34534447967714,6.22270742358079,NA,NA,NA,NA,NA,NA,NA,NA
-73,NA,NA,8068,1056,NA,551,83,NA,7.33005188239989,8.53031860226105,NA,NA,NA,NA,NA,NA,NA,NA
-72,NA,NA,8625,1119,NA,557,63,NA,6.90381755081805,5.96590909090909,NA,NA,NA,NA,NA,NA,NA,NA
-71,NA,NA,9112,1158,NA,487,39,NA,5.6463768115942,3.48525469168901,NA,NA,NA,NA,NA,NA,NA,NA
-70,NA,NA,9490,1217,NA,378,59,NA,4.14837576821773,5.09499136442142,NA,NA,NA,NA,NA,NA,NA,NA
-69,0,11,9868,1330,NA,378,113,NA,3.98314014752371,9.28512736236647,NA,NA,NA,NA,NA,NA,NA,NA
-68,1,22,10314,1432,11,446,102,100,4.51965950547223,7.66917293233083,NA,NA,NA,NA,NA,NA,NA,NA
-67,2,48,10749,1534,26,435,102,118.181818181818,4.21756835369401,7.12290502793296,NA,NA,NA,NA,NA,NA,NA,NA
-66,3,66,11177,1637,18,428,103,37.5,3.98176574565076,6.71447196870926,NA,NA,NA,NA,NA,NA,NA,NA
-65,4,92,11625,1732,26,448,95,39.3939393939394,4.00823118904894,5.80329871716555,NA,NA,NA,NA,NA,NA,NA,NA
-64,5,107,12028,1806,15,403,74,16.304347826087,3.46666666666667,4.27251732101617,NA,NA,NA,NA,NA,NA,NA,NA
-63,6,139,12363,1864,32,335,58,29.9065420560748,2.7851679414699,3.21151716500554,NA,NA,NA,NA,NA,NA,NA,NA
-62,7,194,12647,2012,55,284,148,39.568345323741,2.297177060584,7.93991416309013,NA,NA,NA,NA,NA,NA,NA,NA
-61,8,257,13005,2165,63,358,153,32.4742268041237,2.83071084051554,7.60437375745527,NA,NA,NA,NA,NA,NA,NA,NA
-60,9,347,13397,2321,90,392,156,35.0194552529183,3.01422529796232,7.20554272517321,NA,NA,NA,NA,NA,NA,NA,NA
-59,10,411,13765,2486,64,368,165,18.4438040345821,2.74688363066358,7.10900473933649,NA,NA,NA,NA,NA,NA,NA,NA
-58,11,477,14203,2668,66,438,182,16.0583941605839,3.18198329095532,7.32099758648431,NA,NA,NA,NA,NA,NA,NA,NA
-57,12,570,14585,2788,93,382,120,19.4968553459119,2.68957262550165,4.49775112443778,NA,NA,NA,NA,NA,NA,NA,NA
-56,13,618,14879,2914,48,294,126,8.42105263157895,2.01576962632842,4.519368723099,NA,NA,NA,NA,NA,NA,NA,NA
-55,14,670,15156,3190,52,277,276,8.41423948220065,1.86168425297399,9.47151681537406,NA,NA,NA,NA,NA,NA,NA,NA
-54,15,725,15405,3452,55,249,262,8.2089552238806,1.64291369754553,8.21316614420063,NA,NA,NA,NA,NA,NA,NA,NA
-53,16,775,15758,3758,50,353,306,6.89655172413793,2.29146381045115,8.86442641946697,NA,NA,NA,NA,NA,NA,NA,NA
-52,17,805,16084,4270,30,326,512,3.87096774193548,2.06879045564158,13.6242682277807,NA,NA,NA,NA,NA,NA,NA,NA
-51,18,823,16410,4788,18,326,518,2.2360248447205,2.02685899030092,12.1311475409836,NA,NA,NA,NA,NA,NA,NA,NA
-50,19,826,16694,5127,3,284,339,0.364520048602673,1.73065204143815,7.08020050125313,NA,NA,NA,NA,NA,NA,NA,NA
-49,20,853,16904,5512,27,210,385,3.26876513317191,1.25793698334731,7.50926467719914,NA,NA,NA,NA,NA,NA,NA,NA
-48,21,866,17159,6187,13,255,675,1.52403282532239,1.50851869380028,12.2460087082729,NA,NA,NA,NA,NA,NA,NA,NA
-47,22,878,17473,6788,12,314,601,1.38568129330254,1.82994346989918,9.71391627606271,NA,NA,NA,NA,NA,NA,NA,NA
-46,23,889,17720,7468,11,247,680,1.25284738041002,1.41360956904939,10.0176782557454,NA,NA,NA,NA,NA,NA,NA,NA
-45,24,898,18002,8116,9,282,648,1.01237345331834,1.59142212189616,8.67702196036422,NA,NA,NA,NA,NA,NA,NA,NA
-44,25,906,18222,8736,8,220,620,0.89086859688196,1.22208643484057,7.63923114834894,NA,NA,NA,NA,NA,NA,NA,NA
-43,26,915,18438,9071,9,216,335,0.993377483443709,1.18538030951597,3.83470695970696,NA,NA,NA,NA,NA,NA,NA,NA
-42,27,925,18601,9411,10,163,340,1.09289617486339,0.884043822540406,3.74820857678316,NA,NA,NA,NA,NA,NA,NA,NA
-41,28,942,18796,10235,17,195,824,1.83783783783784,1.04833073490673,8.75571140155138,NA,NA,NA,NA,NA,NA,NA,NA
-40,29,952,18990,10876,10,194,641,1.06157112526539,1.03213449670143,6.2628236443576,NA,NA,NA,NA,NA,NA,NA,NA
-39,30,968,19165,11510,16,175,634,1.68067226890756,0.921537651395471,5.82934902537698,NA,NA,NA,NA,NA,NA,NA,NA
-38,31,979,19348,12328,11,183,818,1.13636363636364,0.954865640490477,7.10686359687228,NA,NA,NA,NA,NA,NA,NA,NA
-37,32,986,19525,13040,7,177,712,0.715015321756895,0.914823237543932,5.77547047371836,NA,NA,NA,NA,NA,NA,NA,NA
-36,33,994,19655,13321,8,130,281,0.811359026369168,0.665813060179257,2.15490797546012,NA,NA,NA,NA,NA,NA,NA,NA
-35,34,1005,19769,13552,11,114,231,1.10663983903421,0.580005087763928,1.73410404624277,NA,NA,NA,NA,NA,NA,NA,NA
-34,35,1017,19869,14379,12,100,827,1.19402985074627,0.505842480651525,6.10242030696576,NA,NA,NA,NA,NA,NA,NA,NA
-33,36,1027,20004,15043,10,135,664,0.983284169124877,0.679450400120791,4.61784546908686,NA,NA,NA,NA,NA,NA,NA,NA
-32,37,1043,20134,15772,16,130,729,1.55793573515093,0.649870025994801,4.84610782423719,NA,NA,NA,NA,NA,NA,NA,NA
-31,38,1054,20258,16565,11,124,793,1.05465004793864,0.615873646567994,5.02789753994421,NA,NA,NA,NA,NA,NA,NA,NA
-30,39,1063,20359,17363,9,101,798,0.853889943074004,0.498568466778557,4.8173860549351,NA,NA,NA,NA,NA,NA,NA,NA
-29,40,1076,20434,17705,13,75,342,1.22295390404516,0.368387445355862,1.96970569602027,NA,NA,NA,NA,NA,NA,NA,NA
-28,41,1088,20503,18016,12,69,311,1.11524163568773,0.337672506606636,1.75656594182434,NA,NA,NA,NA,NA,NA,NA,NA
-27,42,1097,20634,18987,9,131,971,0.827205882352941,0.638930888162708,5.38965364120781,NA,NA,NA,NA,NA,NA,NA,NA
-26,43,1107,20717,19842,10,83,855,0.911577028258888,0.402248715711932,4.503081055459,NA,NA,NA,NA,NA,NA,NA,NA
-25,44,1117,20809,20609,10,92,767,0.903342366757001,0.444079741275281,3.86553774821087,NA,NA,NA,NA,NA,NA,NA,NA
-24,45,1126,20883,21582,9,74,973,0.805729632945389,0.355615358739007,4.72123829394924,NA,NA,NA,NA,NA,NA,NA,NA
-23,46,1131,20965,22374,5,82,792,0.44404973357016,0.392663889287938,3.6697247706422,NA,NA,NA,NA,NA,NA,NA,NA
-22,47,1136,21028,22765,5,63,391,0.442086648983201,0.300500834724541,1.74756413694467,NA,NA,NA,NA,NA,NA,NA,NA
-21,48,1142,21070,23121,6,42,356,0.528169014084507,0.199733688415446,1.56380408521854,NA,NA,NA,NA,NA,NA,NA,NA
-20,49,1147,21146,23524,5,76,403,0.437828371278459,0.360702420503085,1.74300419532027,NA,NA,NA,NA,NA,NA,NA,NA
-19,50,1150,21208,24308,3,62,784,0.2615518744551,0.293199659510073,3.33276653630335,NA,NA,NA,NA,NA,NA,NA,NA
-18,51,1153,21267,24988,3,59,680,0.260869565217391,0.278196906827612,2.79743294388679,NA,NA,NA,NA,NA,NA,NA,NA
-17,52,1156,21328,25559,3,61,571,0.2601908065915,0.286829360041379,2.28509684648631,NA,NA,NA,NA,NA,NA,NA,NA
-16,53,1159,21391,26013,3,63,454,0.259515570934256,0.295386346586647,1.7762823271646,NA,NA,NA,NA,NA,NA,NA,NA
-15,54,1162,21440,26181,3,49,168,0.258843830888697,0.229068299752232,0.645830930688502,NA,NA,NA,NA,NA,NA,NA,NA
-14,55,1165,21468,26322,3,28,141,0.258175559380379,0.130597014925373,0.538558496619686,NA,NA,NA,NA,NA,NA,NA,NA
-13,56,1167,21505,26897,2,37,575,0.171673819742489,0.172349543506614,2.18448446166705,NA,NA,NA,NA,NA,NA,NA,NA
-12,57,1170,21560,27376,3,55,479,0.25706940874036,0.255754475703325,1.78086775476819,NA,NA,NA,NA,NA,NA,NA,NA
-11,58,1172,21615,27889,2,55,513,0.170940170940171,0.255102040816327,1.8739041496201,NA,NA,NA,NA,NA,NA,NA,NA
-10,59,1173,21663,28290,1,48,401,0.0853242320819113,0.22206800832755,1.43784287712001,NA,NA,NA,NA,NA,NA,NA,NA
-9,60,1174,21702,28688,1,39,398,0.0852514919011083,0.180030466694364,1.40685754683634,NA,NA,NA,NA,NA,NA,NA,NA
-8,61,1175,21733,28853,1,31,165,0.0851788756388416,0.142843977513593,0.575153374233129,NA,NA,NA,NA,NA,NA,NA,NA
-7,62,1176,21752,28988,1,19,135,0.0851063829787234,0.0874246537523582,0.467888954354833,NA,NA,NA,NA,NA,NA,NA,NA
-6,63,1178,21781,29436,2,29,448,0.170068027210884,0.133321073924237,1.54546708983027,NA,NA,NA,NA,NA,NA,NA,NA
-5,64,1179,21811,29866,1,30,430,0.0848896434634974,0.137734722923649,1.46079630384563,NA,NA,NA,NA,NA,NA,NA,NA
-4,65,1180,21828,30199,1,17,333,0.0848176420695505,0.0779423226812159,1.11498024509476,NA,NA,NA,NA,NA,NA,NA,NA
-3,66,1181,21876,30418,1,48,219,0.0847457627118644,0.219901044529962,0.725189575813769,NA,NA,NA,NA,NA,NA,NA,NA
-2,67,1183,21901,30463,2,25,45,0.169348010160881,0.114280490034741,0.147938720494444,NA,NA,NA,NA,NA,NA,NA,NA
-1,68,1184,21920,30465,1,19,2,0.084530853761623,0.08675402949637,0.00656534156189476,NA,NA,NA,NA,NA,NA,NA,NA
0,69,1184,21946,30471,0,26,6,0,0.118613138686131,0.0196947316592811,NA,NA,30471,30471,6,6,NA,NA
1,70,1185,21972,NA,1,26,NA,0.0844594594594595,0.118472614599471,NA,0.0844594594594595,0.118472614599471,30496.7356418919,30507.0997903946,25.7356418918898,36.0997903946045,0.0844594594594527,0.11847261459947
2,71,1186,21991,NA,1,19,NA,0.0843881856540084,0.086473693792099,NA,0.0843881856540084,0.086473693792099,30522.4712837838,30533.4804064522,25.7356418918935,26.3806160575914,0.0843881856540136,0.0864736937920842
3,72,1187,22026,NA,1,35,NA,0.0843170320404722,0.159156018371152,NA,0.0843170320404722,0.159156018371152,30548.2069256757,30582.0762781372,25.7356418918935,48.5958716850473,0.0843170320404773,0.159156018371159
4,73,1188,22042,NA,1,16,NA,0.08424599831508,0.0726414237719059,NA,0.08424599831508,0.0726414237719059,30573.9425675676,30604.2915337647,25.7356418918898,22.2152556274486,0.0842459983150733,0.0726414237719041
5,74,1188,22074,NA,0,32,NA,0,0.145177388621722,NA,0,0.145177388621722,30573.9425675676,30648.7220450196,0,44.4305112548973,0,0.145177388621719
6,75,1189,22105,NA,1,31,NA,0.0841750841750842,0.140436712874875,NA,0.0841750841750842,0.140436712874875,30599.6782094595,30691.7641027978,25.7356418918935,43.0420577781806,0.0841750841750893,0.140436712874868
7,76,1189,NA,NA,0,NA,NA,0,NA,NA,0,NA,30599.6782094595,NA,0,NA,0,NA
8,77,1190,NA,NA,1,NA,NA,0.0841042893187553,NA,NA,0.0841042893187553,NA,30625.4138513513,NA,25.7356418918898,NA,0.0841042893187485,NA
9,78,1192,NA,NA,2,NA,NA,0.168067226890756,NA,NA,0.168067226890756,NA,30676.8851351351,NA,51.4712837837833,NA,0.168067226890755,NA
10,79,1196,NA,NA,4,NA,NA,0.335570469798658,NA,NA,0.335570469798658,NA,30779.8277027027,NA,102.94256756757,NA,0.335570469798666,NA
11,80,1200,NA,NA,4,NA,NA,0.334448160535117,NA,NA,0.334448160535117,NA,30882.7702702703,NA,102.942567567567,NA,0.334448160535114,NA
12,81,1203,NA,NA,3,NA,NA,0.25,NA,NA,0.25,NA,30959.9771959459,NA,77.2069256756731,NA,0.249999999999992,NA
13,82,1206,NA,NA,3,NA,NA,0.249376558603491,NA,NA,0.249376558603491,NA,31037.1841216216,NA,77.2069256756731,NA,0.249376558603483,NA
14,83,1209,NA,NA,3,NA,NA,0.248756218905473,NA,NA,0.248756218905473,NA,31114.3910472973,NA,77.2069256756768,NA,0.248756218905476,NA
15,84,1212,NA,NA,3,NA,NA,0.248138957816377,NA,NA,0.248138957816377,NA,31191.597972973,NA,77.2069256756731,NA,0.248138957816369,NA
16,85,1214,NA,NA,2,NA,NA,0.165016501650165,NA,NA,0.165016501650165,NA,31243.0692567568,NA,51.4712837837869,NA,0.165016501650175,NA
17,86,1216,NA,NA,2,NA,NA,0.164744645799012,NA,NA,0.164744645799012,NA,31294.5405405405,NA,51.4712837837833,NA,0.16474464579901,NA
18,87,1217,NA,NA,1,NA,NA,0.0822368421052631,NA,NA,0.0822368421052631,NA,31320.2761824324,NA,25.7356418918935,NA,0.0822368421052682,NA
19,88,1219,NA,NA,2,NA,NA,0.164338537387017,NA,NA,0.164338537387017,NA,31371.7474662162,NA,51.4712837837833,NA,0.164338537387016,NA
20,89,1222,NA,NA,3,NA,NA,0.246103363412633,NA,NA,0.246103363412633,NA,31448.9543918919,NA,77.2069256756768,NA,0.246103363412637,NA
21,90,1223,NA,NA,1,NA,NA,0.0818330605564648,NA,NA,0.0818330605564648,NA,31474.6900337838,NA,25.7356418918935,NA,0.0818330605564698,NA
22,91,1226,NA,NA,3,NA,NA,0.245298446443173,NA,NA,0.245298446443173,NA,31551.8969594595,NA,77.2069256756731,NA,0.245298446443164,NA
23,92,1228,NA,NA,2,NA,NA,0.163132137030995,NA,NA,0.163132137030995,NA,31603.3682432432,NA,51.4712837837797,NA,0.163132137030982,NA
24,93,1231,NA,NA,3,NA,NA,0.244299674267101,NA,NA,0.244299674267101,NA,31680.5751689189,NA,77.2069256756731,NA,0.244299674267093,NA
25,94,1233,NA,NA,2,NA,NA,0.16246953696182,NA,NA,0.16246953696182,NA,31732.0464527027,NA,51.4712837837833,NA,0.162469536961818,NA
26,95,1235,NA,NA,2,NA,NA,0.16220600162206,NA,NA,0.16220600162206,NA,31783.5177364865,NA,51.4712837837869,NA,0.16220600162207,NA
27,96,1239,NA,NA,4,NA,NA,0.323886639676113,NA,NA,0.323886639676113,NA,31886.460304054,NA,102.942567567567,NA,0.32388663967611,NA
28,97,1248,NA,NA,9,NA,NA,0.726392251815981,NA,NA,0.726392251815981,NA,32118.0810810811,NA,231.62077702703,NA,0.726392251815991,NA
29,98,1254,NA,NA,6,NA,NA,0.480769230769231,NA,NA,0.480769230769231,NA,32272.4949324324,NA,154.41385135135,NA,0.480769230769226,NA
30,99,1259,NA,NA,5,NA,NA,0.398724082934609,NA,NA,0.398724082934609,NA,32401.1731418919,NA,128.678209459456,NA,0.3987240829346,NA
31,100,1261,NA,NA,2,NA,NA,0.158856235107228,NA,NA,0.158856235107228,NA,32452.6444256757,NA,51.4712837837833,NA,0.158856235107226,NA
32,101,1265,NA,NA,4,NA,NA,0.317208564631245,NA,NA,0.317208564631245,NA,32555.5869932432,NA,102.942567567567,NA,0.317208564631242,NA
33,102,1270,NA,NA,5,NA,NA,0.395256916996047,NA,NA,0.395256916996047,NA,32684.2652027027,NA,128.67820945946,NA,0.395256916996049,NA
34,103,1275,NA,NA,5,NA,NA,0.393700787401575,NA,NA,0.393700787401575,NA,32812.9434121622,NA,128.67820945946,NA,0.393700787401577,NA
35,104,1279,NA,NA,4,NA,NA,0.313725490196078,NA,NA,0.313725490196078,NA,32915.8859797297,NA,102.942567567567,NA,0.313725490196076,NA
36,105,1283,NA,NA,4,NA,NA,0.312744331508991,NA,NA,0.312744331508991,NA,33018.8285472973,NA,102.942567567567,NA,0.312744331508989,NA
37,106,1289,NA,NA,6,NA,NA,0.467653936087295,NA,NA,0.467653936087295,NA,33173.2423986486,NA,154.413851351354,NA,0.467653936087302,NA
38,107,1295,NA,NA,6,NA,NA,0.465477114041893,NA,NA,0.465477114041893,NA,33327.65625,NA,154.413851351354,NA,0.4654771140419,NA
39,108,1300,NA,NA,5,NA,NA,0.386100386100386,NA,NA,0.386100386100386,NA,33456.3344594595,NA,128.67820945946,NA,0.386100386100388,NA
40,109,1304,NA,NA,4,NA,NA,0.307692307692308,NA,NA,0.307692307692308,NA,33559.277027027,NA,102.942567567567,NA,0.307692307692305,NA
41,110,1309,NA,NA,5,NA,NA,0.383435582822086,NA,NA,0.383435582822086,NA,33687.9552364865,NA,128.67820945946,NA,0.383435582822088,NA
42,111,1314,NA,NA,5,NA,NA,0.381970970206264,NA,NA,0.381970970206264,NA,33816.6334459459,NA,128.67820945946,NA,0.381970970206266,NA
43,112,1320,NA,NA,6,NA,NA,0.45662100456621,NA,NA,0.45662100456621,NA,33971.0472972973,NA,154.413851351346,NA,0.456621004566195,NA
44,113,1326,NA,NA,6,NA,NA,0.454545454545455,NA,NA,0.454545454545455,NA,34125.4611486486,NA,154.413851351354,NA,0.454545454545461,NA
45,114,1329,NA,NA,3,NA,NA,0.226244343891403,NA,NA,0.226244343891403,NA,34202.6680743243,NA,77.2069256756731,NA,0.226244343891395,NA
46,115,1333,NA,NA,4,NA,NA,0.300978179082017,NA,NA,0.300978179082017,NA,34305.6106418919,NA,102.942567567567,NA,0.300978179082014,NA
