"daysFromToday","Day","Korea","Italy","X","dif.Korea","dif.Italy","dif.X","growth.Korea","growth.Italy","growth.X","prj.grKO.X","prj.grIT.X","grKO.prj.tot.X","grIT.prj.tot.X","dif.grKO.prj.tot.X","dif.grIT.prj.tot.X","growth.grKO.prj.tot.X","growth.grIT.prj.tot.X"
-122,NA,NA,167,NA,NA,NA,NA,NA,NA,NA,NA,NA,NA,NA,NA,NA,NA,NA
-121,NA,NA,246,NA,NA,79,NA,NA,47.3053892215569,NA,NA,NA,NA,NA,NA,NA,NA,NA
-120,NA,NA,346,130,NA,100,NA,NA,40.650406504065,NA,NA,NA,NA,NA,NA,NA,NA,NA
-119,NA,NA,487,191,NA,141,61,NA,40.7514450867052,46.9230769230769,NA,NA,NA,NA,NA,NA,NA,NA
-118,NA,NA,705,204,NA,218,13,NA,44.7638603696099,6.80628272251309,NA,NA,NA,NA,NA,NA,NA,NA
-117,NA,NA,955,285,NA,250,81,NA,35.4609929078014,39.7058823529412,NA,NA,NA,NA,NA,NA,NA,NA
-116,NA,NA,1213,377,NA,258,92,NA,27.0157068062827,32.280701754386,NA,NA,NA,NA,NA,NA,NA,NA
-115,NA,NA,1822,653,NA,609,276,NA,50.2061005770816,73.209549071618,NA,NA,NA,NA,NA,NA,NA,NA
-114,NA,NA,2190,949,NA,368,296,NA,20.1975850713502,45.3292496171516,NA,NA,NA,NA,NA,NA,NA,NA
-113,NA,NA,2691,1126,NA,501,177,NA,22.8767123287671,18.6512118018967,NA,NA,NA,NA,NA,NA,NA,NA
-112,NA,NA,3323,1209,NA,632,83,NA,23.4856930509104,7.37122557726465,NA,NA,NA,NA,NA,NA,NA,NA
-111,NA,NA,4150,1784,NA,827,575,NA,24.8871501655131,47.5599669148056,NA,NA,NA,NA,NA,NA,NA,NA
-110,NA,NA,4987,2281,NA,837,497,NA,20.1686746987952,27.8587443946188,NA,NA,NA,NA,NA,NA,NA,NA
-109,NA,NA,6328,2281,NA,1341,0,NA,26.8899137758171,0,NA,NA,NA,NA,NA,NA,NA,NA
-108,NA,NA,7933,3661,NA,1605,1380,NA,25.3634639696587,60.4997807978957,NA,NA,NA,NA,NA,NA,NA,NA
-107,NA,NA,9866,4469,NA,1933,808,NA,24.3665700239506,22.070472548484,NA,NA,NA,NA,NA,NA,NA,NA
-106,NA,NA,10917,4499,NA,1051,30,NA,10.6527468072167,0.671291116580891,NA,NA,NA,NA,NA,NA,NA,NA
-105,NA,NA,13405,6633,NA,2488,2134,NA,22.7901438124027,47.4327628361858,NA,NA,NA,NA,NA,NA,NA,NA
-104,NA,NA,16256,7652,NA,2851,1019,NA,21.2681835136143,15.3625810342228,NA,NA,NA,NA,NA,NA,NA,NA
-103,NA,NA,18996,9043,NA,2740,1391,NA,16.8553149606299,18.1782540512284,NA,NA,NA,NA,NA,NA,NA,NA
-102,NA,NA,22757,10871,NA,3761,1828,NA,19.7989050326385,20.2145305761362,NA,NA,NA,NA,NA,NA,NA,NA
-101,NA,NA,26619,12612,NA,3862,1741,NA,16.9706024519928,16.0150860086469,NA,NA,NA,NA,NA,NA,NA,NA
-100,NA,NA,30096,14282,NA,3477,1670,NA,13.0620985010707,13.2413574373612,NA,NA,NA,NA,NA,NA,NA,NA
-99,NA,NA,33889,16018,NA,3793,1736,NA,12.6030037214248,12.1551603416888,NA,NA,NA,NA,NA,NA,NA,NA
-98,NA,NA,38414,19856,NA,4525,3838,NA,13.3524152379828,23.960544387564,NA,NA,NA,NA,NA,NA,NA,NA
-97,NA,NA,44139,22304,NA,5725,2448,NA,14.9034206278961,12.3287671232877,NA,NA,NA,NA,NA,NA,NA,NA
-96,0,132,50577,25233,NA,6438,2929,NA,14.5857405015972,13.1321736011478,NA,NA,NA,NA,NA,NA,NA,NA
-95,1,259,57630,29155,127,7053,3922,96.2121212121212,13.9450738477964,15.5431379542662,NA,NA,NA,NA,NA,NA,NA,NA
-94,2,551,63611,32964,292,5981,3809,112.741312741313,10.3782752038869,13.0646544332019,NA,NA,NA,NA,NA,NA,NA,NA
-93,3,765,68762,37575,214,5151,4611,38.8384754990926,8.09765606577479,13.9879868947943,NA,NA,NA,NA,NA,NA,NA,NA
-92,4,1059,74408,40174,294,5646,2599,38.4313725490196,8.21093045577499,6.91683300066534,NA,NA,NA,NA,NA,NA,NA,NA
-91,5,1242,80012,44550,183,5604,4376,17.2804532577904,7.53144823137297,10.8926171155474,NA,NA,NA,NA,NA,NA,NA,NA
-90,6,1603,86684,52128,361,6672,7578,29.0660225442834,8.33874918762186,17.010101010101,NA,NA,NA,NA,NA,NA,NA,NA
-89,7,2245,93040,56989,642,6356,4861,40.0499064254523,7.33237967791057,9.32512277470841,NA,NA,NA,NA,NA,NA,NA,NA
-88,8,2971,99466,59105,726,6426,2116,32.3385300668151,6.9067067927773,3.71299724508238,NA,NA,NA,NA,NA,NA,NA,NA
-87,9,4005,105078,64338,1034,5612,5233,34.8030966004712,5.64212896869282,8.85373487860587,NA,NA,NA,NA,NA,NA,NA,NA
-86,10,4750,109434,68605,745,4356,4267,18.601747815231,4.14549192028779,6.63216139761883,NA,NA,NA,NA,NA,NA,NA,NA
-85,11,5512,113793,70478,762,4359,1873,16.0421052631579,3.98322276440594,2.73012171124554,NA,NA,NA,NA,NA,NA,NA,NA
-84,12,6594,118937,74390,1082,5144,3912,19.6298984034833,4.52048895802027,5.55066829365192,NA,NA,NA,NA,NA,NA,NA,NA
-83,13,7147,123958,78167,553,5021,3777,8.3864118895966,4.22156267603857,5.07729533539454,NA,NA,NA,NA,NA,NA,NA,NA
-82,14,7741,128890,82048,594,4932,3881,8.31117951588079,3.97876700172639,4.96501081018844,NA,NA,NA,NA,NA,NA,NA,NA
-81,15,8383,134058,86334,642,5168,4286,8.29350213150756,4.00962060671891,5.22377145085803,NA,NA,NA,NA,NA,NA,NA,NA
-80,16,8952,138701,90676,569,4643,4342,6.78754622450197,3.4634262781781,5.02930479301318,NA,NA,NA,NA,NA,NA,NA,NA
-79,17,9299,142572,93790,347,3871,3114,3.87622877569258,2.79089552346414,3.43420530239534,NA,NA,NA,NA,NA,NA,NA,NA
-78,18,9508,145841,120633,209,3269,26843,2.24755350037638,2.29287658165699,28.6203219959484,NA,NA,NA,NA,NA,NA,NA,NA
-77,19,9552,149967,124298,44,4126,3665,0.462768195204039,2.82910841258631,3.03814047565757,NA,NA,NA,NA,NA,NA,NA,NA
-76,20,9860,154489,129257,308,4522,4959,3.22445561139028,3.01533003927531,3.98960562519107,NA,NA,NA,NA,NA,NA,NA,NA
-75,21,10005,158739,132473,145,4250,3216,1.47058823529412,2.75100492591706,2.48806641032981,NA,NA,NA,NA,NA,NA,NA,NA
-74,22,10145,163788,144944,140,5049,12471,1.39930034982509,3.18069283540907,9.41399379496199,NA,NA,NA,NA,NA,NA,NA,NA
-73,23,10281,168189,146923,136,4401,1979,1.34056185312962,2.68701003736537,1.36535489568385,NA,NA,NA,NA,NA,NA,NA,NA
-72,24,10377,171581,146906,96,3392,-17,0.93376130726583,2.01677874296179,-0.0115706866862234,NA,NA,NA,NA,NA,NA,NA,NA
-71,25,10472,174778,151808,95,3197,4902,0.915486171340465,1.8632599180562,3.33682763127442,NA,NA,NA,NA,NA,NA,NA,NA
-70,26,10578,177646,154188,106,2868,2380,1.0122230710466,1.64093879092334,1.56776981450253,NA,NA,NA,NA,NA,NA,NA,NA
-69,27,10697,181719,156921,119,4073,2733,1.12497636604273,2.29276200983979,1.77251147949257,NA,NA,NA,NA,NA,NA,NA,NA
-68,28,10890,185476,154715,193,3757,-2206,1.80424418061139,2.06747780914489,-1.40580291994061,NA,NA,NA,NA,NA,NA,NA,NA
-67,29,11000,189231,157026,110,3755,2311,1.01010101010101,2.02452069270418,1.49371424878001,NA,NA,NA,NA,NA,NA,NA,NA
-66,30,11187,192508,158636,187,3277,1610,1.7,1.73174585559448,1.02530791079184,NA,NA,NA,NA,NA,NA,NA,NA
-65,31,11312,194935,160292,125,2427,1656,1.11736837400554,1.26072682693706,1.04389924102978,NA,NA,NA,NA,NA,NA,NA,NA
-64,32,11393,197870,160847,81,2935,555,0.716053748231966,1.50563008182215,0.346243106330946,NA,NA,NA,NA,NA,NA,NA,NA
-63,33,11490,201495,164589,97,3625,3742,0.851399982445361,1.83201091625815,2.32643443769545,NA,NA,NA,NA,NA,NA,NA,NA
-62,34,11617,204341,167605,127,2846,3016,1.1053089643168,1.41244199607931,1.8324432373974,NA,NA,NA,NA,NA,NA,NA,NA
-61,35,11749,207591,165093,132,3250,-2512,1.13626581733666,1.59047866067015,-1.49876197010829,NA,NA,NA,NA,NA,NA,NA,NA
-60,36,11865,210126,165764,116,2535,671,0.987318069622947,1.22115120597714,0.406437583664965,NA,NA,NA,NA,NA,NA,NA,NA
-59,37,12051,212626,165764,186,2500,0,1.56763590391909,1.18976233307634,0,NA,NA,NA,NA,NA,NA,NA,NA
-58,38,12184,214496,166976,133,1870,1212,1.10364285121567,0.879478520971095,0.731159962356121,NA,NA,NA,NA,NA,NA,NA,NA
-57,39,12283,216746,167272,99,2250,296,0.812541037426133,1.04897061017455,0.177270985051744,NA,NA,NA,NA,NA,NA,NA,NA
-56,40,12442,218989,167886,159,2243,614,1.29447203451925,1.03485185424414,0.367066813333971,NA,NA,NA,NA,NA,NA,NA,NA
-55,41,12571,221003,168935,129,2014,1049,1.03681080212185,0.919680897214015,0.624828752844192,NA,NA,NA,NA,NA,NA,NA,NA
-54,42,12684,223117,172465,113,2114,3530,0.898894280486835,0.956548101156998,2.08956107378578,NA,NA,NA,NA,NA,NA,NA,NA
-53,43,12793,225160,173040,109,2043,575,0.859350362661621,0.91566308259792,0.333400979908967,NA,NA,NA,NA,NA,NA,NA,NA
-52,44,12913,226654,174318,120,1494,1278,0.938012975846166,0.663528157754486,0.738557558945908,NA,NA,NA,NA,NA,NA,NA,NA
-51,45,13016,227968,174758,103,1314,440,0.797645783319136,0.579738279492089,0.252412258057114,NA,NA,NA,NA,NA,NA,NA,NA
-50,46,13075,229124,175027,59,1156,269,0.453288260602336,0.507088714205502,0.153927144966182,NA,NA,NA,NA,NA,NA,NA,NA
-49,47,13135,230677,175479,60,1553,452,0.458891013384321,0.677798921108221,0.258245870637102,NA,NA,NA,NA,NA,NA,NA,NA
-48,48,13203,232184,176207,68,1507,728,0.51770079939094,0.653294433341859,0.414864456715618,NA,NA,NA,NA,NA,NA,NA,NA
-47,49,13252,233612,175981,49,1428,-226,0.37112777399076,0.615029459394273,-0.12825824172706,NA,NA,NA,NA,NA,NA,NA,NA
-46,50,13287,234776,176712,35,1164,731,0.264111077573197,0.498262075578309,0.415385751870941,NA,NA,NA,NA,NA,NA,NA,NA
-45,51,13325,235639,177319,38,863,607,0.285993828554226,0.36758442089481,0.343496763094753,NA,NA,NA,NA,NA,NA,NA,NA
-44,52,13365,236439,177207,40,800,-112,0.300187617260788,0.339502374394731,-0.0631630000169187,NA,NA,NA,NA,NA,NA,NA,NA
-43,53,13397,237947,177240,32,1508,33,0.239431350542462,0.637796640994083,0.0186222891872217,NA,NA,NA,NA,NA,NA,NA,NA
-42,54,13431,238903,177554,34,956,314,0.2537881615287,0.401770142090466,0.177160911758068,NA,NA,NA,NA,NA,NA,NA,NA
-41,55,13466,239970,178428,35,1067,874,0.260591169682079,0.446624780768764,0.492244612906496,NA,NA,NA,NA,NA,NA,NA,NA
-40,56,13494,240818,179069,28,848,641,0.207931085697312,0.353377505521524,0.359248548434102,NA,NA,NA,NA,NA,NA,NA,NA
-39,57,13522,241759,179306,28,941,237,0.207499629464947,0.390751521896204,0.132351216570149,NA,NA,NA,NA,NA,NA,NA,NA
-38,58,13545,242486,179645,23,727,339,0.170093181482029,0.30071269321928,0.18906227343201,NA,NA,NA,NA,NA,NA,NA,NA
-37,59,13555,242971,179964,10,485,319,0.073827980804725,0.200011547058387,0.177572434523644,NA,NA,NA,NA,NA,NA,NA,NA
-36,60,13571,243845,179859,16,874,-105,0.118037624492807,0.359713710689753,-0.0583450023338001,NA,NA,NA,NA,NA,NA,NA,NA
-35,61,13583,244560,180166,12,715,307,0.0884238449635252,0.293219053087002,0.170689262144235,NA,NA,NA,NA,NA,NA,NA,NA
-34,62,13597,245251,179887,14,691,-279,0.103070013988073,0.28254824991822,-0.154857187260637,NA,NA,NA,NA,NA,NA,NA,NA
-33,63,13615,245952,180044,18,701,157,0.132382143119806,0.285829619451093,0.0872770127913635,NA,NA,NA,NA,NA,NA,NA,NA
-32,64,13627,246672,183309,12,720,3265,0.0881380829966948,0.292740046838408,1.81344560218613,NA,NA,NA,NA,NA,NA,NA,NA
-31,65,13640,247243,183816,13,571,507,0.0953988405371689,0.231481481481481,0.276582164541839,NA,NA,NA,NA,NA,NA,NA,NA
-30,66,13653,247566,185616,13,323,1800,0.095307917888563,0.130640705702487,0.979240109674892,NA,NA,NA,NA,NA,NA,NA,NA
-29,67,13670,247993,185851,17,427,235,0.1245147586611,0.172479258056437,0.126605465046117,NA,NA,NA,NA,NA,NA,NA,NA
-28,68,13682,248621,185952,12,628,101,0.0877834674469642,0.253232954155964,0.0543446093913942,NA,NA,NA,NA,NA,NA,NA,NA
-27,69,13687,249259,185112,5,638,-840,0.0365443648589387,0.256615491048624,-0.451729478575116,NA,NA,NA,NA,NA,NA,NA,NA
-26,70,13698,249814,185440,11,555,328,0.0803682326295024,0.222659964133692,0.177190025498077,NA,NA,NA,NA,NA,NA,NA,NA
-25,71,13706,250261,186118,8,447,678,0.0584026865235801,0.178933126245927,0.365616911130285,NA,NA,NA,NA,NA,NA,NA,NA
-24,72,13723,250619,186670,17,358,552,0.124033270100686,0.143050655116059,0.296586036815354,NA,NA,NA,NA,NA,NA,NA,NA
-23,73,13733,250835,187199,10,216,529,0.0728703636231145,0.0861866019735136,0.283387796646488,NA,NA,NA,NA,NA,NA,NA,NA
-22,74,13737,251177,187492,4,342,293,0.0291269205563242,0.13634460900592,0.156517930117148,NA,NA,NA,NA,NA,NA,NA,NA
-21,75,13739,251522,187590,2,345,98,0.0145592196258281,0.137353340473053,0.0522688968062637,NA,NA,NA,NA,NA,NA,NA,NA
-20,76,13744,251712,187925,5,190,335,0.0363927505640876,0.0755401117993655,0.178580947811717,NA,NA,NA,NA,NA,NA,NA,NA
-19,77,13759,252269,188322,15,557,397,0.109138533178114,0.221284642766336,0.211254489823068,NA,NA,NA,NA,NA,NA,NA,NA
-18,78,13782,252560,188680,23,291,358,0.167163311287158,0.115353055666768,0.190099935217341,NA,NA,NA,NA,NA,NA,NA,NA
-17,79,13826,252772,189244,44,212,564,0.319257001886519,0.0839404497941083,0.298918804324783,NA,NA,NA,NA,NA,NA,NA,NA
-16,80,13870,253073,189637,44,301,393,0.318240995226385,0.119079644897378,0.207668406924394,NA,NA,NA,NA,NA,NA,NA,NA
-15,81,13904,253377,189928,34,304,291,0.245133381398702,0.120123442643032,0.153451067038605,NA,NA,NA,NA,NA,NA,NA,NA
-14,82,13937,253595,189996,33,218,68,0.237341772151899,0.0860378013789728,0.0358030411524367,NA,NA,NA,NA,NA,NA,NA,NA
-13,83,13974,254002,190223,37,407,227,0.265480375977614,0.160492123267415,0.119476199498937,NA,NA,NA,NA,NA,NA,NA,NA
-12,84,14009,254178,190534,35,176,311,0.250465149563475,0.069290792985882,0.163492322169243,NA,NA,NA,NA,NA,NA,NA,NA
-11,85,14033,254550,190735,24,372,201,0.171318438146906,0.146354129783065,0.105492982879696,NA,NA,NA,NA,NA,NA,NA,NA
-10,86,14049,254913,191304,16,363,569,0.114016960022803,0.142604596346494,0.298319658164469,NA,NA,NA,NA,NA,NA,NA,NA
-9,87,14068,255237,191740,19,324,436,0.13524094241583,0.127102187805251,0.22790950529001,NA,NA,NA,NA,NA,NA,NA,NA
-8,88,14085,255463,191745,17,226,5,0.120841626386125,0.0885451560706324,0.00260769792427245,NA,NA,NA,NA,NA,NA,NA,NA
-7,89,14126,255816,192070,41,353,325,0.291089811856585,0.13818048014781,0.169495945135466,NA,NA,NA,NA,NA,NA,NA,NA
-6,90,14141,256172,192452,15,356,382,0.106187172589551,0.139162523063452,0.198885822877076,NA,NA,NA,NA,NA,NA,NA,NA
-5,91,14166,256013,192265,25,-159,-187,0.176790891733258,-0.0620676732820137,-0.0971670858188016,NA,NA,NA,NA,NA,NA,NA,NA
-4,92,14196,256297,192010,30,284,-255,0.211774671749259,0.110931866741142,-0.13262944373651,NA,NA,NA,NA,NA,NA,NA,NA
-3,93,14227,256538,193346,31,241,1336,0.218371372217526,0.0940315337284478,0.695797093901359,NA,NA,NA,NA,NA,NA,NA,NA
-2,94,14248,256775,193152,21,237,-194,0.147606663386519,0.0923839743040017,-0.10033825370062,NA,NA,NA,NA,NA,NA,NA,NA
-1,95,14272,256897,192429,24,122,-723,0.168444693992139,0.0475124135916659,-0.374316600397614,NA,NA,NA,NA,NA,NA,NA,NA
0,96,14323,257518,194109,51,621,1680,0.357343049327354,0.241731121811465,0.873049280513852,NA,NA,194109,194109,1680,1680,NA,NA
1,97,14423,257836,NA,100,318,NA,0.698177756056692,0.1234865135641,NA,0.698177756056692,0.1234865135641,195464.225860504,194348.698436614,1355.22586050408,239.698436614155,0.698177756056692,0.123486513564108
2,98,14497,258110,NA,74,274,NA,0.513069403036816,0.106269101289192,NA,0.513069403036816,0.106269101289192,196467.092997277,194555.23105181,1002.86713677301,206.532615195843,0.513069403036811,0.106269101289198
3,99,14547,258298,NA,50,188,NA,0.344898944609229,0.0728371624501182,NA,0.344898944609229,0.0728371624501182,197144.705927529,194696.939561506,677.612930252042,141.708509696415,0.344898944609229,0.0728371624501208
4,100,14581,258486,NA,34,188,NA,0.233725166701038,0.072784148541607,NA,0.233725166701038,0.072784148541607,197605.482720101,194838.648071203,460.776792571385,141.708509696415,0.233725166701036,0.0727841485416096
5,101,14625,258621,NA,44,135,NA,0.301762567725122,0.0522271999257213,NA,0.301762567725122,0.0522271999257213,198201.782098722,194940.406841464,596.299378621799,101.758770260727,0.301762567725123,0.0522271999257251
6,102,14674,NA,NA,49,NA,NA,0.335042735042735,NA,NA,0.335042735042735,NA,198865.842770369,NA,664.060671647021,NA,0.335042735042745,NA
7,103,14736,NA,NA,62,NA,NA,0.422516014719913,NA,NA,0.422516014719913,NA,199706.082803882,NA,840.240033512557,NA,0.422516014719925,NA
8,104,14786,NA,NA,50,NA,NA,0.339305103148751,NA,NA,0.339305103148751,NA,200383.695734134,NA,677.612930252042,NA,0.339305103148751,NA
9,105,14835,NA,NA,49,NA,NA,0.331394562423915,NA,NA,0.331394562423915,NA,201047.756405781,NA,664.060671647021,NA,0.331394562423924,NA
10,106,14900,NA,NA,65,NA,NA,0.438153016514998,NA,NA,0.438153016514998,NA,201928.653215109,NA,880.896809327649,NA,0.438153016514995,NA
11,107,14972,NA,NA,72,NA,NA,0.483221476510067,NA,NA,0.483221476510067,NA,202904.415834672,NA,975.762619562971,NA,0.483221476510082,NA
12,108,15021,NA,NA,49,NA,NA,0.327277584825007,NA,NA,0.327277584825007,NA,203568.476506319,NA,664.060671646992,NA,0.327277584825002,NA
13,109,15069,NA,NA,48,NA,NA,0.319552626323148,NA,NA,0.319552626323148,NA,204218.984919361,NA,650.508413041971,NA,0.319552626323153,NA
14,110,15133,NA,NA,64,NA,NA,0.424712986926803,NA,NA,0.424712986926803,NA,205086.329470083,NA,867.344550722628,NA,0.42471298692681,NA
15,111,15190,NA,NA,57,NA,NA,0.376660278860768,NA,NA,0.376660278860768,NA,205858.80821057,NA,772.478740487306,NA,0.376660278860757,NA
16,112,15261,NA,NA,71,NA,NA,0.467412771560237,NA,NA,0.467412771560237,NA,206821.018571528,NA,962.210360957892,NA,0.467412771560233,NA
17,113,15322,NA,NA,61,NA,NA,0.399711683375926,NA,NA,0.399711683375926,NA,207647.706346436,NA,826.687774907507,NA,0.399711683375933,NA
18,114,15365,NA,NA,43,NA,NA,0.280642213810208,NA,NA,0.280642213810208,NA,208230.453466453,NA,582.747120016778,NA,0.280642213810218,NA
19,115,15411,NA,NA,46,NA,NA,0.299381711682395,NA,NA,0.299381711682395,NA,208853.857362285,NA,623.4038958319,NA,0.299381711682405,NA
20,116,15454,NA,NA,43,NA,NA,0.279021478164947,NA,NA,0.279021478164947,NA,209436.604482301,NA,582.747120016749,NA,0.279021478164944,NA
21,117,15509,NA,NA,55,NA,NA,0.355894913938139,NA,NA,0.355894913938139,NA,210181.978705579,NA,745.374223277264,NA,0.355894913938147,NA
22,118,15584,NA,NA,75,NA,NA,0.483590173447676,NA,NA,0.483590173447676,NA,211198.398100957,NA,1016.41939537806,NA,0.483590173447675,NA
23,119,15646,NA,NA,62,NA,NA,0.397843942505133,NA,NA,0.397843942505133,NA,212038.638134469,NA,840.240033512528,NA,0.397843942505131,NA
24,120,15731,NA,NA,85,NA,NA,0.543269845327879,NA,NA,0.543269845327879,NA,213190.580115898,NA,1151.94198142848,NA,0.543269845327882,NA
25,121,15793,NA,NA,62,NA,NA,0.394126247536711,NA,NA,0.394126247536711,NA,214030.82014941,NA,840.240033512557,NA,0.394126247536722,NA
26,122,15814,NA,NA,21,NA,NA,0.13297030329893,NA,NA,0.13297030329893,NA,214315.417580116,NA,284.59743070585,NA,0.132970303298926,NA
27,123,15873,NA,NA,59,NA,NA,0.373087137979006,NA,NA,0.373087137979006,NA,215115.000837813,NA,799.583257697435,NA,0.373087137979018,NA
28,124,15937,NA,NA,64,NA,NA,0.403200403200403,NA,NA,0.403200403200403,NA,215982.345388536,NA,867.344550722628,NA,0.403200403200409,NA
29,125,15973,NA,NA,36,NA,NA,0.225889439668696,NA,NA,0.225889439668696,NA,216470.226698318,NA,487.881309781485,NA,0.225889439668702,NA
30,126,16023,NA,NA,50,NA,NA,0.31302823514681,NA,NA,0.31302823514681,NA,217147.83962857,NA,677.612930252042,NA,0.31302823514681,NA
31,127,16087,NA,NA,64,NA,NA,0.399425825376022,NA,NA,0.399425825376022,NA,218015.184179292,NA,867.344550722599,NA,0.399425825376015,NA
32,128,16166,NA,NA,79,NA,NA,0.491079753838503,NA,NA,0.491079753838503,NA,219085.81260909,NA,1070.62842979823,NA,0.491079753838506,NA
33,129,16220,NA,NA,54,NA,NA,0.334034393170852,NA,NA,0.334034393170852,NA,219817.634573763,NA,731.821964672214,NA,0.334034393170856,NA
34,130,16274,NA,NA,54,NA,NA,0.332922318125771,NA,NA,0.332922318125771,NA,220549.456538435,NA,731.821964672185,NA,0.332922318125761,NA
