"daysFromToday","Day","Korea","Italy","X","dif.Korea","dif.Italy","dif.X","growth.Korea","growth.Italy","growth.X","prj.grKO.X","prj.grIT.X","grKO.prj.tot.X","grIT.prj.tot.X","dif.grKO.prj.tot.X","dif.grIT.prj.tot.X","growth.grKO.prj.tot.X","growth.grIT.prj.tot.X"
-132,NA,NA,NA,126,NA,NA,NA,NA,NA,NA,NA,NA,NA,NA,NA,NA,NA,NA
-131,NA,NA,NA,155,NA,NA,29,NA,NA,23.015873015873,NA,NA,NA,NA,NA,NA,NA,NA
-130,NA,NA,NA,213,NA,NA,58,NA,NA,37.4193548387097,NA,NA,NA,NA,NA,NA,NA,NA
-129,NA,NA,NA,218,NA,NA,5,NA,NA,2.34741784037559,NA,NA,NA,NA,NA,NA,NA,NA
-128,NA,NA,NA,250,NA,NA,32,NA,NA,14.6788990825688,NA,NA,NA,NA,NA,NA,NA,NA
-127,NA,NA,NA,304,NA,NA,54,NA,NA,21.6,NA,NA,NA,NA,NA,NA,NA,NA
-126,NA,NA,NA,427,NA,NA,123,NA,NA,40.4605263157895,NA,NA,NA,NA,NA,NA,NA,NA
-125,NA,NA,NA,529,NA,NA,102,NA,NA,23.8875878220141,NA,NA,NA,NA,NA,NA,NA,NA
-124,NA,NA,NA,712,NA,NA,183,NA,NA,34.593572778828,NA,NA,NA,NA,NA,NA,NA,NA
-123,NA,NA,NA,883,NA,NA,171,NA,NA,24.0168539325843,NA,NA,NA,NA,NA,NA,NA,NA
-122,NA,NA,NA,1071,NA,NA,188,NA,NA,21.2910532276331,NA,NA,NA,NA,NA,NA,NA,NA
-121,NA,NA,NA,1238,NA,NA,167,NA,NA,15.5929038281979,NA,NA,NA,NA,NA,NA,NA,NA
-120,NA,NA,NA,2369,NA,NA,1131,NA,NA,91.3570274636511,NA,NA,NA,NA,NA,NA,NA,NA
-119,NA,NA,NA,2693,NA,NA,324,NA,NA,13.6766568172225,NA,NA,NA,NA,NA,NA,NA,NA
-118,NA,NA,NA,3035,NA,NA,342,NA,NA,12.6995915336056,NA,NA,NA,NA,NA,NA,NA,NA
-117,NA,NA,NA,3619,NA,NA,584,NA,NA,19.2421746293245,NA,NA,NA,NA,NA,NA,NA,NA
-116,NA,NA,NA,4247,NA,NA,628,NA,NA,17.3528599060514,NA,NA,NA,NA,NA,NA,NA,NA
-115,NA,NA,NA,4695,NA,NA,448,NA,NA,10.5486225570991,NA,NA,NA,NA,NA,NA,NA,NA
-114,NA,NA,NA,5358,NA,NA,663,NA,NA,14.1214057507987,NA,NA,NA,NA,NA,NA,NA,NA
-113,NA,NA,NA,6092,NA,NA,734,NA,NA,13.699141470698,NA,NA,NA,NA,NA,NA,NA,NA
-112,NA,NA,NA,6857,NA,NA,765,NA,NA,12.5574523965857,NA,NA,NA,NA,NA,NA,NA,NA
-111,NA,NA,NA,7428,NA,NA,571,NA,NA,8.32725681785037,NA,NA,NA,NA,NA,NA,NA,NA
-110,NA,NA,NA,7851,NA,NA,423,NA,NA,5.69466882067851,NA,NA,NA,NA,NA,NA,NA,NA
-109,NA,NA,NA,8430,NA,NA,579,NA,NA,7.37485670615208,NA,NA,NA,NA,NA,NA,NA,NA
-108,NA,NA,NA,8904,NA,NA,474,NA,NA,5.62277580071174,NA,NA,NA,NA,NA,NA,NA,NA
-107,NA,NA,NA,9248,NA,NA,344,NA,NA,3.86343216531896,NA,NA,NA,NA,NA,NA,NA,NA
-106,NA,NA,NA,9404,NA,NA,156,NA,NA,1.68685121107266,NA,NA,NA,NA,NA,NA,NA,NA
-105,NA,NA,NA,9968,NA,NA,564,NA,NA,5.99744789451297,NA,NA,NA,NA,NA,NA,NA,NA
-104,NA,NA,NA,10408,NA,NA,440,NA,NA,4.41412520064205,NA,NA,NA,NA,NA,NA,NA,NA
-103,NA,NA,NA,10743,NA,NA,335,NA,NA,3.21867794004612,NA,NA,NA,NA,NA,NA,NA,NA
-102,NA,NA,NA,11145,NA,NA,402,NA,NA,3.74197151633622,NA,NA,NA,NA,NA,NA,NA,NA
-101,NA,NA,NA,11586,NA,NA,441,NA,NA,3.95693135935397,NA,NA,NA,NA,NA,NA,NA,NA
-100,NA,NA,NA,12046,NA,NA,460,NA,NA,3.97030899361298,NA,NA,NA,NA,NA,NA,NA,NA
-99,NA,NA,NA,12501,NA,NA,455,NA,NA,3.77718744811556,NA,NA,NA,NA,NA,NA,NA,NA
-98,NA,NA,NA,12758,NA,NA,257,NA,NA,2.05583553315735,NA,NA,NA,NA,NA,NA,NA,NA
-97,NA,NA,NA,12982,NA,NA,224,NA,NA,1.75576109108011,NA,NA,NA,NA,NA,NA,NA,NA
-96,NA,NA,NA,13265,NA,NA,283,NA,NA,2.17994145740256,NA,NA,NA,NA,NA,NA,NA,NA
-95,NA,NA,NA,13491,NA,NA,226,NA,NA,1.70373162457595,NA,NA,NA,NA,NA,NA,NA,NA
-94,NA,NA,NA,13713,NA,NA,222,NA,NA,1.64554147209251,NA,NA,NA,NA,NA,NA,NA,NA
-93,NA,NA,NA,13942,NA,NA,229,NA,NA,1.6699482243127,NA,NA,NA,NA,NA,NA,NA,NA
-92,NA,NA,NA,14498,NA,NA,556,NA,NA,3.98795007889829,NA,NA,NA,NA,NA,NA,NA,NA
-91,NA,NA,NA,14803,NA,NA,305,NA,NA,2.1037384466823,NA,NA,NA,NA,NA,NA,NA,NA
-90,NA,NA,NA,15058,NA,NA,255,NA,NA,1.7226237924745,NA,NA,NA,NA,NA,NA,NA,NA
-89,NA,NA,NA,15298,NA,NA,240,NA,NA,1.59383716296985,NA,NA,NA,NA,NA,NA,NA,NA
-88,NA,NA,NA,15443,NA,NA,145,NA,NA,0.947836318473003,NA,NA,NA,NA,NA,NA,NA,NA
-87,NA,NA,NA,15555,NA,NA,112,NA,NA,0.725247685035291,NA,NA,NA,NA,NA,NA,NA,NA
-86,NA,NA,NA,15728,NA,NA,173,NA,NA,1.11218257794921,NA,NA,NA,NA,NA,NA,NA,NA
-85,NA,NA,NA,15834,NA,NA,106,NA,NA,0.673957273652085,NA,NA,NA,NA,NA,NA,NA,NA
-84,NA,NA,NA,15946,NA,NA,112,NA,NA,0.707338638373121,NA,NA,NA,NA,NA,NA,NA,NA
-83,NA,NA,NA,16101,NA,NA,155,NA,NA,0.97203060328609,NA,NA,NA,NA,NA,NA,NA,NA
-82,NA,NA,NA,16185,NA,NA,84,NA,NA,0.521706726290293,NA,NA,NA,NA,NA,NA,NA,NA
-81,NA,NA,NA,16208,NA,NA,23,NA,NA,0.142106889094841,NA,NA,NA,NA,NA,NA,NA,NA
-80,NA,NA,NA,16246,NA,NA,38,NA,NA,0.234452122408687,NA,NA,NA,NA,NA,NA,NA,NA
-79,NA,NA,NA,16289,NA,NA,43,NA,NA,0.264680536747507,NA,NA,NA,NA,NA,NA,NA,NA
-78,NA,NA,NA,16310,NA,NA,21,NA,NA,0.128921357971637,NA,NA,NA,NA,NA,NA,NA,NA
-77,NA,NA,NA,16381,NA,NA,71,NA,NA,0.435315757204169,NA,NA,NA,NA,NA,NA,NA,NA
-76,NA,NA,NA,16436,NA,NA,55,NA,NA,0.335754837921983,NA,NA,NA,NA,NA,NA,NA,NA
-75,NA,NA,NA,16454,NA,NA,18,NA,NA,0.109515697249939,NA,NA,NA,NA,NA,NA,NA,NA
-74,NA,NA,NA,16477,NA,NA,23,NA,NA,0.13978363923666,NA,NA,NA,NA,NA,NA,NA,NA
-73,NA,NA,NA,16506,NA,NA,29,NA,NA,0.176002913151666,NA,NA,NA,NA,NA,NA,NA,NA
-72,NA,NA,NA,16529,NA,NA,23,NA,NA,0.139343269114261,NA,NA,NA,NA,NA,NA,NA,NA
-71,NA,NA,NA,16548,NA,NA,19,NA,NA,0.114949482727328,NA,NA,NA,NA,NA,NA,NA,NA
-70,NA,NA,NA,16579,NA,NA,31,NA,NA,0.187333816775441,NA,NA,NA,NA,NA,NA,NA,NA
-69,NA,NA,NA,16589,NA,NA,10,NA,NA,0.0603172688340672,NA,NA,NA,NA,NA,NA,NA,NA
-68,NA,NA,NA,16608,NA,NA,19,NA,NA,0.114533727168606,NA,NA,NA,NA,NA,NA,NA,NA
-67,NA,NA,NA,16617,NA,NA,9,NA,NA,0.0541907514450867,NA,NA,NA,NA,NA,NA,NA,NA
-66,NA,NA,NA,16643,NA,NA,26,NA,NA,0.15646626948306,NA,NA,NA,NA,NA,NA,NA,NA
-65,NA,NA,NA,16659,NA,NA,16,NA,NA,0.0961365138496665,NA,NA,NA,NA,NA,NA,NA,NA
-64,NA,NA,NA,16667,NA,NA,8,NA,NA,0.0480220901614743,NA,NA,NA,NA,NA,NA,NA,NA
-63,NA,NA,NA,16683,NA,NA,16,NA,NA,0.0959980800383992,NA,NA,NA,NA,NA,NA,NA,NA
-62,NA,NA,NA,16690,NA,NA,7,NA,NA,0.0419588802973086,NA,NA,NA,NA,NA,NA,NA,NA
-61,NA,NA,NA,16712,NA,NA,22,NA,NA,0.131815458358298,NA,NA,NA,NA,NA,NA,NA,NA
-60,NA,NA,NA,16717,NA,NA,5,NA,NA,0.0299186213499282,NA,NA,NA,NA,NA,NA,NA,NA
-59,NA,NA,NA,16734,NA,NA,17,NA,NA,0.101692887479811,NA,NA,NA,NA,NA,NA,NA,NA
-58,NA,NA,NA,16757,NA,NA,23,NA,NA,0.137444723317796,NA,NA,NA,NA,NA,NA,NA,NA
-57,NA,NA,NA,16793,NA,NA,36,NA,NA,0.214835591096258,NA,NA,NA,NA,NA,NA,NA,NA
-56,NA,NA,NA,16872,NA,NA,79,NA,NA,0.470434109450366,NA,NA,NA,NA,NA,NA,NA,NA
-55,NA,NA,NA,16987,NA,NA,115,NA,NA,0.681602655286866,NA,NA,NA,NA,NA,NA,NA,NA
-54,NA,NA,NA,17012,NA,NA,25,NA,NA,0.147171366338965,NA,NA,NA,NA,NA,NA,NA,NA
-53,NA,NA,NA,17071,NA,NA,59,NA,NA,0.346814013637432,NA,NA,NA,NA,NA,NA,NA,NA
-52,NA,NA,NA,17169,NA,NA,98,NA,NA,0.574072989280066,NA,NA,NA,NA,NA,NA,NA,NA
-51,NA,NA,NA,17285,NA,NA,116,NA,NA,0.67563632127672,NA,NA,NA,NA,NA,NA,NA,NA
-50,NA,NA,NA,17377,NA,NA,92,NA,NA,0.532253398900781,NA,NA,NA,NA,NA,NA,NA,NA
-49,NA,NA,NA,17495,NA,NA,118,NA,NA,0.679058525637337,NA,NA,NA,NA,NA,NA,NA,NA
-48,NA,NA,NA,17562,NA,NA,67,NA,NA,0.382966561874821,NA,NA,NA,NA,NA,NA,NA,NA
-47,NA,NA,NA,17752,NA,NA,190,NA,NA,1.08188133469992,NA,NA,NA,NA,NA,NA,NA,NA
-46,NA,NA,NA,17863,NA,NA,111,NA,NA,0.625281658404687,NA,NA,NA,NA,NA,NA,NA,NA
-45,NA,NA,NA,18032,NA,NA,169,NA,NA,0.946089682584112,NA,NA,NA,NA,NA,NA,NA,NA
-44,NA,NA,NA,18180,NA,NA,148,NA,NA,0.820763087843833,NA,NA,NA,NA,NA,NA,NA,NA
-43,NA,NA,NA,18355,NA,NA,175,NA,NA,0.962596259625963,NA,NA,NA,NA,NA,NA,NA,NA
-42,NA,NA,22,18569,NA,NA,214,NA,NA,1.16589485153909,NA,NA,NA,NA,NA,NA,NA,NA
-41,NA,NA,32,18795,NA,10,226,NA,45.4545454545455,1.21708223383058,NA,NA,NA,NA,NA,NA,NA,NA
-40,NA,NA,45,18972,NA,13,177,NA,40.625,0.941739824421389,NA,NA,NA,NA,NA,NA,NA,NA
-39,NA,NA,64,19055,NA,19,83,NA,42.2222222222222,0.437486822686064,NA,NA,NA,NA,NA,NA,NA,NA
-38,NA,NA,92,19237,NA,28,182,NA,43.75,0.955129887168722,NA,NA,NA,NA,NA,NA,NA,NA
-37,NA,NA,125,19495,NA,33,258,NA,35.8695652173913,1.34116546239019,NA,NA,NA,NA,NA,NA,NA,NA
-36,NA,NA,159,19783,NA,34,288,NA,27.2,1.47730187227494,NA,NA,NA,NA,NA,NA,NA,NA
-35,NA,NA,238,20036,NA,79,253,NA,49.685534591195,1.27887580245665,NA,NA,NA,NA,NA,NA,NA,NA
-34,NA,NA,286,20339,NA,48,303,NA,20.1680672268908,1.5122778997804,NA,NA,NA,NA,NA,NA,NA,NA
-33,NA,NA,352,20633,NA,66,294,NA,23.0769230769231,1.44549879541767,NA,NA,NA,NA,NA,NA,NA,NA
-32,NA,NA,435,20778,NA,83,145,NA,23.5795454545455,0.702757718218388,NA,NA,NA,NA,NA,NA,NA,NA
-31,NA,NA,543,21082,NA,108,304,NA,24.8275862068966,1.46308595629993,NA,NA,NA,NA,NA,NA,NA,NA
-30,NA,NA,652,21512,NA,109,430,NA,20.073664825046,2.039654681719,NA,NA,NA,NA,NA,NA,NA,NA
-29,NA,NA,828,22044,NA,176,532,NA,26.9938650306748,2.47303830420231,NA,NA,NA,NA,NA,NA,NA,NA
-28,NA,NA,1038,22400,NA,210,356,NA,25.3623188405797,1.61495191435311,NA,NA,NA,NA,NA,NA,NA,NA
-27,NA,NA,1290,22800,NA,252,400,NA,24.2774566473988,1.78571428571429,NA,NA,NA,NA,NA,NA,NA,NA
-26,NA,NA,1428,23421,NA,138,621,NA,10.6976744186047,2.72368421052632,NA,NA,NA,NA,NA,NA,NA,NA
-25,NA,NA,1753,23755,NA,325,334,NA,22.7591036414566,1.42607062038342,NA,NA,NA,NA,NA,NA,NA,NA
-24,NA,NA,2126,24441,NA,373,686,NA,21.2778094694809,2.88781309198064,NA,NA,NA,NA,NA,NA,NA,NA
-23,NA,NA,2485,25244,NA,359,803,NA,16.8861712135466,3.28546295159772,NA,NA,NA,NA,NA,NA,NA,NA
-22,NA,NA,2977,26257,NA,492,1013,NA,19.7987927565392,4.01283473300586,NA,NA,NA,NA,NA,NA,NA,NA
-21,NA,NA,3482,27047,NA,505,790,NA,16.9633859590191,3.0087214837948,NA,NA,NA,NA,NA,NA,NA,NA
-20,NA,NA,3937,28055,NA,455,1008,NA,13.0672027570362,3.72684586090879,NA,NA,NA,NA,NA,NA,NA,NA
-19,NA,NA,4433,29170,NA,496,1115,NA,12.5984251968504,3.97433612546783,NA,NA,NA,NA,NA,NA,NA,NA
-18,0,17,5025,29958,NA,592,788,NA,13.3543875479359,2.70140555365101,NA,NA,NA,NA,NA,NA,NA,NA
-17,1,34,5774,30749,17,749,791,100,14.9054726368159,2.64036317511182,NA,NA,NA,NA,NA,NA,NA,NA
-16,2,72,6616,32222,38,842,1473,111.764705882353,14.582611707655,4.79039968779473,NA,NA,NA,NA,NA,NA,NA,NA
-15,3,100,7538,33557,28,922,1335,38.8888888888889,13.9359129383313,4.14313202160015,NA,NA,NA,NA,NA,NA,NA,NA
-14,4,139,8321,34825,39,783,1268,39,10.3873706553462,3.77864529010341,NA,NA,NA,NA,NA,NA,NA,NA
-13,5,162,8995,36266,23,674,1441,16.5467625899281,8.09998798221368,4.137832017229,NA,NA,NA,NA,NA,NA,NA,NA
-12,6,210,9733,37464,48,738,1198,29.6296296296296,8.20455808782657,3.30336954723432,NA,NA,NA,NA,NA,NA,NA,NA
-11,7,294,10466,38670,84,733,1206,40,7.53107983150108,3.21909032671365,NA,NA,NA,NA,NA,NA,NA,NA
-10,8,389,11339,40632,95,873,1962,32.312925170068,8.34129562392509,5.07370054305663,NA,NA,NA,NA,NA,NA,NA,NA
-9,9,524,12170,42360,135,831,1728,34.7043701799486,7.32868859687803,4.25280567040756,NA,NA,NA,NA,NA,NA,NA,NA
-8,10,621,13011,44188,97,841,1828,18.5114503816794,6.91043549712408,4.31539187913126,NA,NA,NA,NA,NA,NA,NA,NA
-7,11,721,13745,46059,100,734,1871,16.1030595813205,5.64138037045577,4.23418122567213,NA,NA,NA,NA,NA,NA,NA,NA
-6,12,862,14315,47459,141,570,1400,19.5561719833564,4.14696253182976,3.03957966955427,NA,NA,NA,NA,NA,NA,NA,NA
-5,13,935,14885,49365,73,570,1906,8.46867749419954,3.98183723367097,4.01609810573337,NA,NA,NA,NA,NA,NA,NA,NA
-4,14,1013,15558,50289,78,673,924,8.34224598930481,4.52133019818609,1.87177149802492,NA,NA,NA,NA,NA,NA,NA,NA
-3,15,1096,16215,52003,83,657,1714,8.19348469891412,4.22290782876977,3.40830002585058,NA,NA,NA,NA,NA,NA,NA,NA
-2,16,1171,16860,54042,75,645,2039,6.84306569343066,3.97779833487512,3.92092763879007,NA,NA,NA,NA,NA,NA,NA,NA
-1,17,1216,17536,56085,45,676,2043,3.84286934244236,4.00948991696323,3.78039302764516,NA,NA,NA,NA,NA,NA,NA,NA
0,18,1244,18143,57982,28,607,1897,2.30263157894737,3.46145072992701,3.38236605152893,NA,NA,57982,57982,1897,1897,NA,NA
1,19,1250,18649,NA,6,506,NA,0.482315112540193,2.78895441768175,NA,0.482315112540193,2.78895441768175,58261.6559485531,59599.0915504602,279.65594855306,1617.09155046023,0.482315112540202,2.78895441768175
2,20,1290,19077,NA,40,428,NA,3.2,2.29502922408708,NA,3.2,2.29502922408708,60126.0289389068,60966.9081188337,1864.3729903537,1367.81656837348,3.20000000000001,2.29502922408708
3,21,1309,19617,NA,19,540,NA,1.47286821705426,2.83063374744457,NA,1.47286821705426,2.83063374744457,61011.6061093248,62692.6579948189,885.577170418001,1725.74987598523,1.47286821705425,2.83063374744457
4,22,1327,20208,NA,18,591,NA,1.37509549274255,3.01269307233522,NA,1.37509549274255,3.01269307233522,61850.5739549839,64581.3953590917,838.967845659165,1888.73736427273,1.37509549274255,3.01269307233522
5,23,1345,20764,NA,18,556,NA,1.35644310474755,2.7513855898654,NA,1.35644310474755,2.7513855898654,62689.5418006431,66358.2785647357,838.967845659157,1776.88320564406,1.35644310474754,2.75138558986541
6,24,1357,21424,NA,12,660,NA,0.892193308550186,3.17857830861106,NA,0.892193308550186,3.17857830861106,63248.8536977492,68467.5284131621,559.311897106112,2109.24984842639,0.89219330855019,3.17857830861106
7,25,1370,22000,NA,13,576,NA,0.957995578481945,2.68857356235997,NA,0.957995578481945,2.68857356235997,63854.7749196142,70308.3282808797,605.921221864955,1840.79986771758,0.957995578481951,2.68857356235997
8,26,1384,22444,NA,14,444,NA,1.02189781021898,2.01818181818182,NA,1.02189781021898,2.01818181818182,64507.3054662379,71727.278178912,652.530546623791,1418.9498980323,1.02189781021897,2.01818181818181
9,27,1399,22862,NA,15,418,NA,1.08381502890173,1.86241311709143,NA,1.08381502890173,1.86241311709143,65206.4453376206,73063.1364162487,699.139871382635,1335.85823733672,1.08381502890173,1.86241311709144
10,28,1424,23237,NA,25,375,NA,1.78699070764832,1.64027644125623,NA,1.78699070764832,1.64027644125623,66371.6784565916,74261.5738301274,1165.23311897105,1198.43741387864,1.78699070764831,1.64027644125624
11,29,1439,23770,NA,15,533,NA,1.05337078651685,2.29375564831949,NA,1.05337078651685,2.29375564831949,67070.8183279743,75964.9528743868,699.139871382635,1703.37904425949,1.05337078651685,2.29375564831949
12,30,1463,24261,NA,24,491,NA,1.66782487838777,2.06562894404712,NA,1.66782487838777,2.06562894404712,68189.4421221865,77534.1069282919,1118.62379421222,1569.15405390509,1.66782487838778,2.06562894404712
13,31,1480,24753,NA,17,492,NA,1.161995898838,2.02794608631136,NA,1.161995898838,2.02794608631136,68981.8006430868,79106.4568153007,792.358520900321,1572.34988700876,1.161995898838,2.02794608631136
14,32,1490,25181,NA,10,428,NA,0.675675675675676,1.72908334343312,NA,0.675675675675676,1.72908334343312,69447.8938906752,80474.2733836742,466.093247588433,1367.81656837347,0.675675675675688,1.72908334343311
15,33,1503,25499,NA,13,318,NA,0.87248322147651,1.26285691592868,NA,0.87248322147651,1.26285691592868,70053.8151125402,81490.5483106432,605.921221864948,1016.27492696907,0.872483221476505,1.26285691592866
16,34,1520,25883,NA,17,384,NA,1.13107119095143,1.50594140946704,NA,1.13107119095143,1.50594140946704,70846.1736334405,82717.748222455,792.358520900321,1227.19991181172,1.13107119095143,1.50594140946704
17,35,1537,26357,NA,17,474,NA,1.11842105263158,1.8313178534173,NA,1.11842105263158,1.8313178534173,71638.5321543408,84232.5731135976,792.358520900321,1514.82489114259,1.11842105263158,1.8313178534173
18,36,1552,26729,NA,15,372,NA,0.975927130774236,1.41138976363016,NA,0.975927130774236,1.41138976363016,72337.6720257235,85421.4230281652,699.139871382635,1188.8499145676,0.975927130774233,1.41138976363016
19,37,1576,27154,NA,24,425,NA,1.54639175257732,1.59003329716787,NA,1.54639175257732,1.59003329716787,73456.2958199357,86779.6520972276,1118.62379421221,1358.22906906245,1.54639175257731,1.59003329716787
20,38,1594,27486,NA,18,332,NA,1.14213197969543,1.22265596228917,NA,1.14213197969543,1.22265596228917,74295.2636655948,87840.6686876482,838.967845659165,1061.01659042055,1.14213197969543,1.22265596228917
21,39,1607,27813,NA,13,327,NA,0.81555834378921,1.1896965728007,NA,0.81555834378921,1.1896965728007,74901.1848874598,88885.7061125503,605.921221864948,1045.03742490217,0.815558343789205,1.1896965728007
22,40,1628,28057,NA,21,244,NA,1.30678282514001,0.877287599324057,NA,1.30678282514001,0.877287599324057,75879.9807073955,89665.4893898474,978.79581993568,779.783277297029,1.30678282514,0.877287599324056
23,41,1644,28352,NA,16,295,NA,0.982800982800983,1.05143101543287,NA,0.982800982800983,1.05143101543287,76625.729903537,90608.2601554319,745.749196141478,942.770765584515,0.982800982800982,1.05143101543286
24,42,1659,28645,NA,15,293,NA,0.912408759124087,1.03343679458239,NA,0.912408759124087,1.03343679458239,77324.8697749196,91544.639254809,699.139871382635,936.379099377169,0.912408759124085,1.03343679458239
25,43,1673,28909,NA,14,264,NA,0.843881856540084,0.921626810961773,NA,0.843881856540084,0.921626810961773,77977.4003215434,92388.3391941796,652.530546623791,843.699939370563,0.843881856540081,0.921626810961781
26,44,1689,29185,NA,16,276,NA,0.956365809922295,0.954719983396174,NA,0.956365809922295,0.954719983396174,78723.1495176849,93270.3891307943,745.749196141478,882.049936614683,0.956365809922294,0.954719983396186
27,45,1703,29452,NA,14,267,NA,0.828892835997632,0.914853520644166,NA,0.828892835997632,0.914853520644166,79375.6800643086,94123.6765694759,652.530546623791,853.287438681597,0.828892835997629,0.914853520644178
28,46,1710,29648,NA,7,196,NA,0.411039342337052,0.665489610213228,NA,0.411039342337052,0.665489610213228,79701.9453376205,94750.0598577964,326.265273311903,626.383288320561,0.41103934233706,0.665489610213225
29,47,1718,29820,NA,8,172,NA,0.467836257309942,0.580140313005936,NA,0.467836257309942,0.580140313005936,80074.8199356913,95299.7431516288,372.874598070746,549.68329383232,0.46783625730995,0.580140313005924
30,48,1727,29971,NA,9,151,NA,0.523864959254948,0.506371562709591,NA,0.523864959254948,0.506371562709591,80494.3038585209,95782.3139502839,419.483922829575,482.570798655128,0.523864959254939,0.50637156270959
31,49,1733,30174,NA,6,203,NA,0.347423277359583,0.677321410697007,NA,0.347423277359583,0.677321410697007,80773.9598070739,96431.0680703302,279.65594855306,648.754120046302,0.347423277359589,0.67732141069701
32,50,1738,30371,NA,5,197,NA,0.288517022504328,0.652879962881951,NA,0.288517022504328,0.652879962881951,81007.0064308681,97060.6471917544,233.046623794202,629.579121424234,0.288517022504315,0.652879962881945
33,51,1743,30558,NA,5,187,NA,0.287686996547756,0.61571894241217,NA,0.287686996547756,0.61571894241217,81240.0530546623,97658.2679821419,233.046623794216,597.620790387475,0.287686996547761,0.615718942412167
34,52,1748,30710,NA,5,152,NA,0.286861732644865,0.497414752274363,NA,0.286861732644865,0.497414752274363,81473.0996784566,98144.0346139007,233.046623794216,485.766631758801,0.28686173264487,0.497414752274359
35,53,1752,30823,NA,4,113,NA,0.22883295194508,0.367958319765549,NA,0.22883295194508,0.367958319765549,81659.5369774919,98505.1637546161,186.437299035373,361.129140715435,0.228832951945084,0.367958319765556
36,54,1757,30928,NA,5,105,NA,0.285388127853881,0.340654705901437,NA,0.285388127853881,0.340654705901437,81892.5836012862,98840.7262305021,233.046623794216,335.562475886007,0.285388127853887,0.340654705901427
37,55,1761,31125,NA,4,197,NA,0.22766078542971,0.636963269529229,NA,0.22766078542971,0.636963269529229,82079.0209003215,99470.3053519264,186.437299035373,629.579121424234,0.227660785429714,0.636963269529223
38,56,1765,31250,NA,4,125,NA,0.227143668370244,0.401606425702811,NA,0.227143668370244,0.401606425702811,82265.4581993569,99869.7844898859,186.437299035373,399.479137959555,0.227143668370248,0.401606425702823
39,57,1769,31390,NA,4,140,NA,0.226628895184136,0.448,NA,0.226628895184136,0.448,82451.8954983923,100317.201124401,186.437299035373,447.416634514695,0.22662889518414,0.448000000000006
40,58,1772,31501,NA,3,111,NA,0.169587337478802,0.353615801210577,NA,0.169587337478802,0.353615801210577,82591.7234726688,100671.938598909,139.82797427653,354.737474508074,0.169587337478805,0.353615801210576
41,59,1773,31624,NA,1,123,NA,0.0564334085778781,0.390463794800165,NA,0.0564334085778781,0.390463794800165,82638.3327974276,101065.026070661,46.6093247588433,393.087471752195,0.0564334085778791,0.390463794800169
42,60,1775,31719,NA,2,95,NA,0.112803158488438,0.300404755881609,NA,0.112803158488438,0.300404755881609,82731.5514469453,101368.63021551,93.218649517672,303.604144849247,0.112803158488422,0.300404755881603
43,61,1777,31782,NA,2,63,NA,0.112676056338028,0.198619124184243,NA,0.112676056338028,0.198619124184243,82824.770096463,101569.967701042,93.2186495176866,201.337485531607,0.11267605633803,0.19861912418424
44,62,1779,31896,NA,2,114,NA,0.112549240292628,0.358693600151029,NA,0.112549240292628,0.358693600151029,82917.9887459807,101934.292674861,93.2186495176866,364.324973819108,0.11254924029263,0.358693600151033
45,63,1781,31990,NA,2,94,NA,0.112422709387296,0.294707800351141,NA,0.112422709387296,0.294707800351141,83011.2073954984,102234.700986606,93.2186495176866,300.408311745588,0.112422709387298,0.294707800351153
46,64,1783,32080,NA,2,90,NA,0.112296462661426,0.281337918099406,NA,0.112296462661426,0.281337918099406,83104.4260450161,102522.325965937,93.2186495176866,287.624979330882,0.112296462661428,0.281337918099416
47,65,1784,32172,NA,1,92,NA,0.0560852495793606,0.286783042394015,NA,0.0560852495793606,0.286783042394015,83151.0353697749,102816.342611476,46.6093247588433,294.016645538228,0.0560852495793616,0.286783042394018
48,66,1786,32266,NA,2,94,NA,0.112107623318386,0.292179534999378,NA,0.112107623318386,0.292179534999378,83244.2540192926,103116.750923221,93.2186495176866,300.408311745574,0.112107623318388,0.292179534999375
49,67,1788,32341,NA,2,75,NA,0.111982082866741,0.23244281906651,NA,0.111982082866741,0.23244281906651,83337.4726688103,103356.438405997,93.2186495176866,239.687482775727,0.111982082866743,0.232442819066511
50,68,1790,32383,NA,2,42,NA,0.111856823266219,0.12986611422034,NA,0.111856823266219,0.12986611422034,83430.691318328,103490.663396351,93.2186495176866,134.224990354414,0.111856823266221,0.129866114220347
51,69,1790,32439,NA,0,56,NA,0,0.172930241175926,NA,0,0.172930241175926,83430.691318328,103669.630050157,0,178.966653805881,0,0.172930241175931
52,70,1792,32521,NA,2,82,NA,0.111731843575419,0.252782144948981,NA,0.111731843575419,0.252782144948981,83523.9099678457,103931.688364659,93.2186495176866,262.058314501453,0.111731843575421,0.252782144948974
53,71,1793,32605,NA,1,84,NA,0.0558035714285714,0.258294640386212,NA,0.0558035714285714,0.258294640386212,83570.5192926045,104200.138345367,46.6093247588433,268.4499807088,0.0558035714285724,0.258294640386199
54,72,1795,32677,NA,2,72,NA,0.11154489682097,0.220825026836375,NA,0.11154489682097,0.220825026836375,83663.7379421222,104430.238328832,93.2186495176866,230.099983464708,0.111544896820972,0.220825026836385
55,73,1796,32736,NA,1,59,NA,0.0557103064066852,0.180555130519938,NA,0.0557103064066852,0.180555130519938,83710.347266881,104618.792481949,46.6093247588287,188.5541531169,0.0557103064066688,0.180555130519933
56,74,1797,32783,NA,1,47,NA,0.0556792873051225,0.143572825024438,NA,0.0556792873051225,0.143572825024438,83756.9565916399,104768.996637822,46.6093247588433,150.204155872794,0.0556792873051235,0.143572825024443
57,75,1797,32811,NA,0,28,NA,0,0.0854101210993503,NA,0,0.0854101210993503,83756.9565916399,104858.479964725,0,89.4833269029332,0,0.0854101210993459
58,76,1798,32855,NA,1,44,NA,0.0556483027267668,0.13410136844351,NA,0.0556483027267668,0.13410136844351,83803.5659163987,104999.096621287,46.6093247588433,140.61665656176,0.0556483027267678,0.134101368443511
59,77,1800,32901,NA,2,46,NA,0.111234705228031,0.140009131030285,NA,0.111234705228031,0.140009131030285,83896.7845659164,105146.104944056,93.2186495176866,147.008322769121,0.111234705228033,0.140009131030293
60,78,1803,32926,NA,3,25,NA,0.166666666666667,0.0759855323546397,NA,0.166666666666667,0.0759855323546397,84036.6125401929,105226.000771648,139.82797427653,79.895827591914,0.16666666666667,0.0759855323546446
61,79,1808,32998,NA,5,72,NA,0.277315585135885,0.218672173965863,NA,0.277315585135885,0.218672173965863,84269.6591639871,105456.100755112,233.046623794216,230.099983464708,0.27731558513589,0.218672173965873
62,80,1814,33036,NA,6,38,NA,0.331858407079646,0.115158494454209,NA,0.331858407079646,0.115158494454209,84549.3151125402,105577.542413052,279.65594855306,121.441657939693,0.331858407079652,0.115158494454201
63,81,1819,33064,NA,5,28,NA,0.275633958103638,0.0847560237316866,NA,0.275633958103638,0.0847560237316866,84782.3617363344,105667.025739955,233.046623794216,89.4833269029332,0.275633958103643,0.0847560237316822
64,82,1823,33104,NA,4,40,NA,0.219901044529962,0.120977498185338,NA,0.219901044529962,0.120977498185338,84968.7990353698,105794.859064102,186.437299035373,127.833324147054,0.219901044529965,0.120977498185337
65,83,1828,33143,NA,5,39,NA,0.274273176083379,0.117810536491058,NA,0.274273176083379,0.117810536491058,85201.845659164,105919.496555145,233.046623794202,124.637491043366,0.274273176083367,0.117810536491047
66,84,1832,33172,NA,4,29,NA,0.218818380743982,0.0874996228464533,NA,0.218818380743982,0.0874996228464533,85388.2829581994,106012.175715152,186.437299035373,92.6791600066063,0.218818380743986,0.0874996228464458
67,85,1836,33225,NA,4,53,NA,0.218340611353712,0.159773302785482,NA,0.218340611353712,0.159773302785482,85574.7202572347,106181.554869647,186.437299035359,169.379154494833,0.218340611353699,0.159773302785469
68,86,1838,33248,NA,2,23,NA,0.108932461873638,0.0692249811888638,NA,0.108932461873638,0.0692249811888638,85667.9389067524,106255.059031031,93.2186495176866,73.5041613845533,0.10893246187364,0.0692249811888612
69,87,1840,33297,NA,2,49,NA,0.108813928182807,0.147377285851781,NA,0.108813928182807,0.147377285851781,85761.1575562701,106411.654853111,93.2186495176866,156.595822080155,0.108813928182809,0.147377285851793
70,88,1842,33344,NA,2,47,NA,0.108695652173913,0.141153857704898,NA,0.108695652173913,0.141153857704898,85854.3762057878,106561.859008984,93.2186495176866,150.204155872794,0.108695652173915,0.141153857704904
71,89,1848,33387,NA,6,43,NA,0.325732899022801,0.128958733205374,NA,0.325732899022801,0.128958733205374,86134.0321543408,106699.279832442,279.65594855306,137.420823458087,0.325732899022807,0.128958733205378
72,90,1850,33416,NA,2,29,NA,0.108225108225108,0.0868601551502082,NA,0.108225108225108,0.0868601551502082,86227.2508038585,106791.958992449,93.2186495176866,92.6791600066063,0.10822510822511,0.0868601551502007
73,91,1853,33462,NA,3,46,NA,0.162162162162162,0.137658606655494,NA,0.162162162162162,0.137658606655494,86367.0787781351,106938.967315218,139.82797427653,147.008322769107,0.162162162162165,0.137658606655489
74,92,1857,33509,NA,4,47,NA,0.215866162978953,0.140457832765525,NA,0.215866162978953,0.140457832765525,86553.5160771704,107089.171471091,186.437299035373,150.204155872794,0.215866162978957,0.14045783276553
75,93,1861,33488,NA,4,0,NA,0.215401184706516,0,NA,0.215401184706516,0,86739.9533762058,107089.171471091,186.437299035359,0,0.215401184706503,0
76,94,1864,33525,NA,3,37,NA,0.16120365394949,0.110487338748208,NA,0.16120365394949,0.110487338748208,86879.7813504823,107207.491446737,139.82797427653,118.319975645922,0.161203653949492,0.110487338748216
77,95,1867,33557,NA,3,32,NA,0.160944206008584,0.0954511558538404,NA,0.160944206008584,0.0954511558538404,87019.6093247588,107309.822236485,139.82797427653,102.330789747808,0.160944206008587,0.0954511558538317
78,96,1874,33588,NA,7,31,NA,0.374933047670059,0.0923801293321811,NA,0.374933047670059,0.0923801293321811,87345.8745980707,107408.955189053,326.265273311903,99.1329525681795,0.374933047670066,0.0923801293321638
79,97,1887,33604,NA,13,16,NA,0.693703308431163,0.0476360604977968,NA,0.693703308431163,0.0476360604977968,87951.7958199357,107460.120583927,605.921221864963,51.1653948739113,0.693703308431176,0.0476360604977993
80,98,1896,33685,NA,9,81,NA,0.476947535771065,0.241042733007975,NA,0.476947535771065,0.241042733007975,88371.2797427653,107719.145395476,419.483922829575,259.02481154917,0.476947535771057,0.241042733007983
81,99,1903,33727,NA,7,42,NA,0.369198312236287,0.12468457770521,NA,0.369198312236287,0.12468457770521,88697.5450160772,107853.45455702,326.265273311903,134.309161544006,0.369198312236294,0.124684577705206
82,100,1907,33762,NA,4,35,NA,0.210194429847609,0.103774424051947,NA,0.210194429847609,0.103774424051947,88883.9823151125,107965.378858306,186.437299035359,111.924301286665,0.210194429847596,0.103774424051937
83,101,1913,33787,NA,6,25,NA,0.314630309386471,0.0740477459866122,NA,0.314630309386471,0.0740477459866122,89163.6382636656,108045.324787797,279.65594855306,79.9459294904809,0.314630309386477,0.0740477459866109
84,102,1919,33812,NA,6,25,NA,0.313643491897543,0.0739929558706011,NA,0.313643491897543,0.0739929558706011,89443.2942122187,108125.270717287,279.65594855306,79.9459294904809,0.313643491897549,0.0739929558705999
85,103,1928,33829,NA,9,17,NA,0.468994267847837,0.0502780078078789,NA,0.468994267847837,0.0502780078078789,89862.7781350482,108179.633949341,419.483922829575,54.3632320535253,0.468994267847829,0.0502780078078764
86,104,1934,33849,NA,6,20,NA,0.311203319502075,0.0591208726240799,NA,0.311203319502075,0.0591208726240799,90142.4340836013,108243.590692933,279.65594855306,63.9567435923818,0.31120331950208,0.0591208726240762
87,105,1941,33875,NA,7,26,NA,0.361944157187177,0.0768117226505953,NA,0.361944157187177,0.0768117226505953,90468.6993569132,108326.734459603,326.265273311903,83.1437666700949,0.361944157187183,0.0768117226505892
88,106,1949,33903,NA,8,28,NA,0.412158681092221,0.0826568265682657,NA,0.412158681092221,0.0826568265682657,90841.5739549839,108416.273900633,372.874598070732,89.539441029352,0.412158681092212,0.0826568265682767
89,107,1958,33934,NA,9,31,NA,0.461775269368907,0.0914373359289738,NA,0.461775269368907,0.0914373359289738,91261.0578778135,108515.406853201,419.483922829575,99.1329525682086,0.461775269368899,0.0914373359289836
90,108,1965,33968,NA,7,34,NA,0.357507660878447,0.100194495196558,NA,0.357507660878447,0.100194495196558,91587.3231511254,108624.133317308,326.265273311903,108.726464107051,0.357507660878454,0.100194495196553
91,109,1971,33995,NA,6,27,NA,0.305343511450382,0.0794865756005652,NA,0.305343511450382,0.0794865756005652,91866.9790996785,108710.474921158,279.655948553045,86.3416038497235,0.305343511450371,0.0794865756005677
92,110,1979,34024,NA,8,29,NA,0.405885337392187,0.0853066627445213,NA,0.405885337392187,0.0853066627445213,92239.8536977492,108803.212199367,372.874598070746,92.7372782089515,0.405885337392194,0.0853066627445139
93,111,1987,34043,NA,8,19,NA,0.404244567963618,0.0558429343992476,NA,0.404244567963618,0.0558429343992476,92612.72829582,108863.971105779,372.874598070746,60.7589064127533,0.404244567963625,0.0558429343992354
94,112,1996,34070,NA,9,27,NA,0.452944136889784,0.0793114590371001,NA,0.452944136889784,0.0793114590371001,93032.2122186495,108950.312709629,419.48392282959,86.3416038497235,0.452944136889792,0.0793114590371026
95,113,2004,34100,NA,8,30,NA,0.400801603206413,0.0880540064572938,NA,0.400801603206413,0.0880540064572938,93405.0868167203,109046.247825018,372.874598070746,95.9351153885655,0.40080160320642,0.0880540064572817
96,114,2010,34139,NA,6,39,NA,0.29940119760479,0.114369501466276,NA,0.29940119760479,0.114369501466276,93684.7427652733,109170.963475023,279.655948553045,124.715650005164,0.29940119760478,0.114369501466287
97,115,2016,34166,NA,6,27,NA,0.298507462686567,0.0790884325844342,NA,0.298507462686567,0.0790884325844342,93964.3987138264,109257.305078873,279.655948553045,86.3416038497235,0.298507462686557,0.0790884325844366
98,116,2022,34199,NA,6,33,NA,0.297619047619048,0.0965872504829363,NA,0.297619047619048,0.0965872504829363,94244.0546623794,109362.8337058,279.65594855306,105.528626927437,0.297619047619053,0.0965872504829362
99,117,2029,34222,NA,7,23,NA,0.346191889218595,0.0672534284628205,NA,0.346191889218595,0.0672534284628205,94570.3199356913,109436.383960931,326.265273311903,73.5502551312384,0.346191889218602,0.0672534284628157
100,118,2038,34238,NA,9,16,NA,0.443568260226713,0.0467535503477295,NA,0.443568260226713,0.0467535503477295,94989.8038585209,109487.549355805,419.483922829575,51.1653948739113,0.443568260226705,0.0467535503477319
101,119,2047,34261,NA,9,23,NA,0.441609421000981,0.0671768210759974,NA,0.441609421000981,0.0671768210759974,95409.2877813505,109561.099610936,419.483922829575,73.5502551312384,0.441609421000974,0.0671768210759926
102,120,2058,34294,NA,11,33,NA,0.537371763556424,0.0963194302559762,NA,0.537371763556424,0.0963194302559762,95921.9903536978,109666.628237864,512.702572347262,105.528626927451,0.537371763556418,0.0963194302559895
103,121,2066,34326,NA,8,32,NA,0.388726919339164,0.0933107832273867,NA,0.388726919339164,0.0933107832273867,96294.8649517685,109768.959027612,372.874598070732,102.330789747823,0.388726919339156,0.0933107832273915
104,122,2069,34361,NA,3,35,NA,0.145208131655373,0.10196352619006,NA,0.145208131655373,0.10196352619006,96434.692926045,109880.883328898,139.82797427653,111.924301286665,0.145208131655375,0.10196352619005
105,123,2076,34392,NA,7,31,NA,0.338327694538424,0.0902185617415093,NA,0.338327694538424,0.0902185617415093,96760.9581993569,109980.016281467,326.265273311903,99.1329525682086,0.33832769453843,0.0902185617415189
106,124,2085,34418,NA,9,26,NA,0.433526011560694,0.0755989765061642,NA,0.433526011560694,0.0755989765061642,97180.4421221865,110063.160048137,419.48392282959,83.1437666701095,0.433526011560701,0.0755989765061714
107,125,2089,34437,NA,4,19,NA,0.191846522781775,0.0552036724969493,NA,0.191846522781775,0.0552036724969493,97366.8794212219,110123.91895455,186.437299035359,60.7589064127533,0.191846522781763,0.0552036724969372
108,126,2096,34476,NA,7,39,NA,0.335088559119196,0.113250283125708,NA,0.335088559119196,0.113250283125708,97693.1446945338,110248.634604555,326.265273311888,124.715650005135,0.335088559119187,0.113250283125692
109,127,2104,34519,NA,8,43,NA,0.381679389312977,0.124724445991414,NA,0.381679389312977,0.124724445991414,98066.0192926045,110386.141603278,372.874598070732,137.50699872362,0.381679389312969,0.124724445991406
110,128,2115,NA,NA,11,NA,NA,0.522813688212928,NA,NA,0.522813688212928,NA,98578.7218649517,NA,512.702572347262,NA,0.522813688212922,NA
111,129,2122,NA,NA,7,NA,NA,0.33096926713948,NA,NA,0.33096926713948,NA,98904.9871382636,NA,326.265273311888,NA,0.330969267139471,NA
112,130,2129,NA,NA,7,NA,NA,0.329877474081056,NA,NA,0.329877474081056,NA,99231.2524115755,NA,326.265273311903,NA,0.329877474081062,NA
113,131,2137,NA,NA,8,NA,NA,0.375763269140442,NA,NA,0.375763269140442,NA,99604.1270096463,NA,372.874598070732,NA,0.375763269140434,NA
114,132,2146,NA,NA,9,NA,NA,0.42115114646701,NA,NA,0.42115114646701,NA,100023.610932476,NA,419.48392282959,NA,0.421151146467018,NA
115,133,2157,NA,NA,11,NA,NA,0.512581547064306,NA,NA,0.512581547064306,NA,100536.313504823,NA,512.702572347262,NA,0.5125815470643,NA
116,134,2167,NA,NA,10,NA,NA,0.463606861381548,NA,NA,0.463606861381548,NA,101002.406752412,NA,466.093247588418,NA,0.463606861381543,NA
117,135,2177,NA,NA,10,NA,NA,0.461467466543609,NA,NA,0.461467466543609,NA,101468.5,NA,466.093247588418,NA,0.461467466543603,NA
118,136,2185,NA,NA,8,NA,NA,0.367478180983004,NA,NA,0.367478180983004,NA,101841.374598071,NA,372.874598070732,NA,0.367478180982997,NA
119,137,2192,NA,NA,7,NA,NA,0.320366132723112,NA,NA,0.320366132723112,NA,102167.639871383,NA,326.265273311888,NA,0.320366132723104,NA
120,138,2203,NA,NA,11,NA,NA,0.501824817518248,NA,NA,0.501824817518248,NA,102680.34244373,NA,512.702572347262,NA,0.501824817518243,NA
121,139,2211,NA,NA,8,NA,NA,0.363141171130277,NA,NA,0.363141171130277,NA,103053.217041801,NA,372.874598070746,NA,0.363141171130284,NA
122,140,2218,NA,NA,7,NA,NA,0.316598824061511,NA,NA,0.316598824061511,NA,103379.482315112,NA,326.265273311903,NA,0.316598824061517,NA
123,141,2224,NA,NA,6,NA,NA,0.270513976555455,NA,NA,0.270513976555455,NA,103659.138263666,NA,279.65594855306,NA,0.27051397655546,NA
124,142,2231,NA,NA,7,NA,NA,0.314748201438849,NA,NA,0.314748201438849,NA,103985.403536977,NA,326.265273311888,NA,0.314748201438841,NA
125,143,2242,NA,NA,11,NA,NA,0.49305244285074,NA,NA,0.49305244285074,NA,104498.106109325,NA,512.702572347262,NA,0.493052442850735,NA
126,144,2247,NA,NA,5,NA,NA,0.223015165031222,NA,NA,0.223015165031222,NA,104731.152733119,NA,233.046623794216,NA,0.223015165031226,NA
127,145,2254,NA,NA,7,NA,NA,0.311526479750779,NA,NA,0.311526479750779,NA,105057.418006431,NA,326.265273311888,NA,0.311526479750771,NA
128,146,2264,NA,NA,10,NA,NA,0.443655723158829,NA,NA,0.443655723158829,NA,105523.511254019,NA,466.093247588433,NA,0.443655723158837,NA
129,147,2274,NA,NA,10,NA,NA,0.441696113074205,NA,NA,0.441696113074205,NA,105989.604501608,NA,466.093247588433,NA,0.441696113074213,NA
130,148,2280,NA,NA,6,NA,NA,0.263852242744063,NA,NA,0.263852242744063,NA,106269.260450161,NA,279.655948553045,NA,0.263852242744054,NA
131,149,2286,NA,NA,6,NA,NA,0.263157894736842,NA,NA,0.263157894736842,NA,106548.916398714,NA,279.655948553045,NA,0.263157894736833,NA
132,150,2290,NA,NA,4,NA,NA,0.174978127734033,NA,NA,0.174978127734033,NA,106735.353697749,NA,186.437299035373,NA,0.174978127734037,NA
133,151,2298,NA,NA,8,NA,NA,0.349344978165939,NA,NA,0.349344978165939,NA,107108.22829582,NA,372.874598070746,NA,0.349344978165945,NA
134,152,2308,NA,NA,10,NA,NA,0.435161009573542,NA,NA,0.435161009573542,NA,107574.321543408,NA,466.093247588433,NA,0.43516100957355,NA
135,153,2318,NA,NA,10,NA,NA,0.433275563258232,NA,NA,0.433275563258232,NA,108040.414790997,NA,466.093247588418,NA,0.433275563258227,NA
136,154,2325,NA,NA,7,NA,NA,0.301984469370147,NA,NA,0.301984469370147,NA,108366.680064309,NA,326.265273311903,NA,0.301984469370152,NA
