"daysFromToday","Day","Korea","Italy","X","dif.Korea","dif.Italy","dif.X","growth.Korea","growth.Italy","growth.X","prj.grKO.X","prj.grIT.X","grKO.prj.tot.X","grIT.prj.tot.X","dif.grKO.prj.tot.X","dif.grIT.prj.tot.X","growth.grKO.prj.tot.X","growth.grIT.prj.tot.X"
-43,NA,NA,10,NA,NA,NA,NA,NA,NA,NA,NA,NA,NA,NA,NA,NA,NA,NA
-42,NA,NA,15,NA,NA,5,NA,NA,50,NA,NA,NA,NA,NA,NA,NA,NA,NA
-41,NA,NA,21,NA,NA,6,NA,NA,40,NA,NA,NA,NA,NA,NA,NA,NA,NA
-40,NA,NA,30,NA,NA,9,NA,NA,42.8571428571429,NA,NA,NA,NA,NA,NA,NA,NA,NA
-39,NA,NA,43,106,NA,13,NA,NA,43.3333333333333,NA,NA,NA,NA,NA,NA,NA,NA,NA
-38,NA,NA,58,164,NA,15,58,NA,34.8837209302326,54.7169811320755,NA,NA,NA,NA,NA,NA,NA,NA
-37,NA,NA,74,248,NA,16,84,NA,27.5862068965517,51.219512195122,NA,NA,NA,NA,NA,NA,NA,NA
-36,NA,NA,111,322,NA,37,74,NA,50,29.8387096774194,NA,NA,NA,NA,NA,NA,NA,NA
-35,NA,NA,133,377,NA,22,55,NA,19.8198198198198,17.0807453416149,NA,NA,NA,NA,NA,NA,NA,NA
-34,NA,NA,164,429,NA,31,52,NA,23.3082706766917,13.7931034482759,NA,NA,NA,NA,NA,NA,NA,NA
-33,NA,NA,202,481,NA,38,52,NA,23.1707317073171,12.1212121212121,NA,NA,NA,NA,NA,NA,NA,NA
-32,NA,NA,252,565,NA,50,84,NA,24.7524752475248,17.4636174636175,NA,NA,NA,NA,NA,NA,NA,NA
-31,NA,NA,303,719,NA,51,154,NA,20.2380952380952,27.2566371681416,NA,NA,NA,NA,NA,NA,NA,NA
-30,NA,NA,385,879,NA,82,160,NA,27.0627062706271,22.2531293463143,NA,NA,NA,NA,NA,NA,NA,NA
-29,NA,NA,483,988,NA,98,109,NA,25.4545454545455,12.4004550625711,NA,NA,NA,NA,NA,NA,NA,NA
-28,NA,NA,600,1159,NA,117,171,NA,24.223602484472,17.3076923076923,NA,NA,NA,NA,NA,NA,NA,NA
-27,NA,NA,664,1252,NA,64,93,NA,10.6666666666667,8.02415875754961,NA,NA,NA,NA,NA,NA,NA,NA
-26,NA,NA,816,1327,NA,152,75,NA,22.8915662650602,5.99041533546326,NA,NA,NA,NA,NA,NA,NA,NA
-25,NA,NA,989,1472,NA,173,145,NA,21.2009803921569,10.9269027882442,NA,NA,NA,NA,NA,NA,NA,NA
-24,NA,NA,1156,1524,NA,167,52,NA,16.8857431749242,3.53260869565217,NA,NA,NA,NA,NA,NA,NA,NA
-23,NA,NA,1385,1684,NA,229,160,NA,19.8096885813149,10.498687664042,NA,NA,NA,NA,NA,NA,NA,NA
-22,NA,NA,1620,1794,NA,235,110,NA,16.9675090252708,6.53206650831354,NA,NA,NA,NA,NA,NA,NA,NA
-21,NA,NA,1831,1868,NA,211,74,NA,13.0246913580247,4.12486064659978,NA,NA,NA,NA,NA,NA,NA,NA
-20,NA,NA,2062,1970,NA,231,102,NA,12.6160567995631,5.46038543897216,NA,NA,NA,NA,NA,NA,NA,NA
-19,NA,NA,2337,2069,NA,275,99,NA,13.3365664403492,5.0253807106599,NA,NA,NA,NA,NA,NA,NA,NA
-18,0,8,2686,2184,NA,349,115,NA,14.933675652546,5.5582406959884,NA,NA,NA,NA,NA,NA,NA,NA
-17,1,16,3077,2263,8,391,79,100,14.5569620253165,3.61721611721612,NA,NA,NA,NA,NA,NA,NA,NA
-16,2,33,3506,2357,17,429,94,106.25,13.9421514462138,4.15377817057004,NA,NA,NA,NA,NA,NA,NA,NA
-15,3,46,3870,2465,13,364,108,39.3939393939394,10.3822019395322,4.58209588459907,NA,NA,NA,NA,NA,NA,NA,NA
-14,4,64,4184,2570,18,314,105,39.1304347826087,8.11369509043928,4.25963488843813,NA,NA,NA,NA,NA,NA,NA,NA
-13,5,75,4527,2599,11,343,29,17.1875,8.19789674952199,1.1284046692607,NA,NA,NA,NA,NA,NA,NA,NA
-12,6,97,4868,2680,22,341,81,29.3333333333333,7.53258228407334,3.11658330126972,NA,NA,NA,NA,NA,NA,NA,NA
-11,7,136,5274,2807,39,406,127,40.2061855670103,8.34018077239113,4.73880597014925,NA,NA,NA,NA,NA,NA,NA,NA
-10,8,180,5661,2894,44,387,87,32.3529411764706,7.33788395904437,3.09939437121482,NA,NA,NA,NA,NA,NA,NA,NA
-9,9,243,6052,3017,63,391,123,35,6.90690690690691,4.25017277125086,NA,NA,NA,NA,NA,NA,NA,NA
-8,10,288,6393,3121,45,341,104,18.5185185185185,5.6345009914078,3.44713291349022,NA,NA,NA,NA,NA,NA,NA,NA
-7,11,335,6658,3193,47,265,72,16.3194444444444,4.14515876740185,2.30695289971163,NA,NA,NA,NA,NA,NA,NA,NA
-6,12,400,6924,3253,65,266,60,19.4029850746269,3.99519375187744,1.87911055433761,NA,NA,NA,NA,NA,NA,NA,NA
-5,13,434,7237,3280,34,313,27,8.5,4.52050837666089,0.83000307408546,NA,NA,NA,NA,NA,NA,NA,NA
-4,14,470,7542,3410,36,305,130,8.29493087557604,4.21445350283267,3.96341463414634,NA,NA,NA,NA,NA,NA,NA,NA
-3,15,509,7842,3473,39,300,63,8.29787234042553,3.97772474144789,1.8475073313783,NA,NA,NA,NA,NA,NA,NA,NA
-2,16,543,8157,3618,34,315,145,6.67976424361493,4.0168324407039,4.17506478548805,NA,NA,NA,NA,NA,NA,NA,NA
-1,17,564,8439,3748,21,282,130,3.86740331491713,3.4571533652078,3.59314538419016,NA,NA,NA,NA,NA,NA,NA,NA
0,18,577,8675,3851,13,236,103,2.30496453900709,2.7965398743927,2.74813233724653,NA,NA,3851,3851,103,103,NA,NA
1,19,580,8874,NA,3,199,NA,0.519930675909879,2.29394812680115,NA,0.519930675909879,2.29394812680115,3871.02253032929,3939.33994236311,20.0225303292891,88.3399423631122,0.519930675909871,2.29394812680115
2,20,599,9125,NA,19,251,NA,3.27586206896552,2.82848771692585,NA,3.27586206896552,2.82848771692585,3997.83188908146,4050.76368876081,126.809358752166,111.423746397695,3.27586206896551,2.82848771692586
3,21,607,9400,NA,8,275,NA,1.3355592654424,3.01369863013699,NA,1.3355592654424,3.01369863013699,4051.22530329289,4172.84149855908,53.3934142114381,122.077809798271,1.33555926544239,3.01369863013699
4,22,616,9658,NA,9,258,NA,1.4827018121911,2.74468085106383,NA,1.4827018121911,2.74468085106383,4111.29289428076,4287.37268011527,60.0675909878678,114.531181556196,1.48270181219109,2.74468085106384
5,23,624,9965,NA,8,307,NA,1.2987012987013,3.17871194864361,NA,1.2987012987013,3.17871194864361,4164.6863084922,4423.65590778098,53.3934142114376,136.283227665706,1.29870129870128,3.17871194864362
6,24,630,10233,NA,6,268,NA,0.961538461538462,2.68941294530858,NA,0.961538461538462,2.68941294530858,4204.73136915078,4542.62628242075,40.0450606585791,118.970374639769,0.961538461538469,2.68941294530857
7,25,636,10440,NA,6,207,NA,0.952380952380952,2.02286719437115,NA,0.952380952380952,2.02286719437115,4244.77642980936,4634.51757925072,40.0450606585791,91.891296829971,0.952380952380959,2.02286719437115
8,26,642,10634,NA,6,194,NA,0.943396226415094,1.85823754789272,NA,0.943396226415094,1.85823754789272,4284.82149046794,4720.63792507205,40.0450606585791,86.1203458213258,0.943396226415101,1.85823754789272
9,27,649,10809,NA,7,175,NA,1.09034267912773,1.64566484859883,NA,1.09034267912773,1.64566484859883,4331.54072790295,4798.32380403458,46.7192374350088,77.6858789625358,1.09034267912773,1.64566484859883
10,28,661,11056,NA,12,247,NA,1.84899845916795,2.28513275973726,NA,1.84899845916795,2.28513275973726,4411.6308492201,4907.97187319885,80.0901213171574,109.648069164265,1.84899845916794,2.28513275973724
11,29,668,11285,NA,7,229,NA,1.0590015128593,2.07127351664255,NA,1.0590015128593,2.07127351664255,4458.35008665511,5009.62939481268,46.7192374350088,101.657521613834,1.05900151285931,2.07127351664256
12,30,679,11514,NA,11,229,NA,1.64670658682635,2.02924235711121,NA,1.64670658682635,2.02924235711121,4531.76603119584,5111.28691642651,73.4159445407277,101.657521613834,1.64670658682634,2.02924235711122
13,31,687,11713,NA,8,199,NA,1.17820324005891,1.72833072780962,NA,1.17820324005891,1.72833072780962,4585.15944540728,5199.62685878963,53.3934142114385,88.3399423631126,1.17820324005891,1.72833072780963
14,32,692,11861,NA,5,148,NA,0.727802037845706,1.26355331682746,NA,0.727802037845706,1.26355331682746,4618.53032928943,5265.32691642651,33.3708838821485,65.7000576368873,0.727802037845695,1.26355331682745
15,33,697,12039,NA,5,178,NA,0.722543352601156,1.50071663434786,NA,0.722543352601156,1.50071663434786,4651.90121317158,5344.34455331412,33.3708838821494,79.0176368876073,0.722543352601165,1.50071663434785
16,34,705,12260,NA,8,221,NA,1.14777618364419,1.83570063958801,NA,1.14777618364419,1.83570063958801,4705.29462738301,5442.45072046109,53.3934142114385,98.1061671469733,1.14777618364419,1.83570063958799
17,35,713,12433,NA,8,173,NA,1.13475177304965,1.41109298531811,NA,1.13475177304965,1.41109298531811,4758.68804159445,5519.24876080692,53.3934142114385,76.7980403458223,1.13475177304965,1.41109298531813
18,36,720,12631,NA,7,198,NA,0.981767180925666,1.59253599292206,NA,0.981767180925666,1.59253599292206,4805.40727902946,5607.14478386167,46.7192374350088,87.8960230547555,0.98176718092567,1.59253599292207
19,37,732,12785,NA,12,154,NA,1.66666666666667,1.2192225477001,NA,1.66666666666667,1.2192225477001,4885.49740034662,5675.5083573487,80.0901213171574,68.3635734870322,1.66666666666666,1.21922254770011
20,38,740,12937,NA,8,152,NA,1.09289617486339,1.1888932342589,NA,1.09289617486339,1.1888932342589,4938.89081455806,5742.98409221902,53.3934142114385,67.475734870317,1.09289617486339,1.1888932342589
21,39,746,13051,NA,6,114,NA,0.810810810810811,0.88119347607637,NA,0.810810810810811,0.88119347607637,4978.93587521664,5793.59089337176,40.0450606585782,50.6068011527386,0.810810810810798,0.881193476076385
22,40,755,13188,NA,9,137,NA,1.20643431635389,1.04972799019232,NA,1.20643431635389,1.04972799019232,5039.0034662045,5854.40783861672,60.0675909878673,60.8169452449565,1.20643431635387,1.04972799019232
23,41,763,13324,NA,8,136,NA,1.05960264900662,1.03124052168638,NA,1.05960264900662,1.03124052168638,5092.39688041594,5914.78086455332,53.3934142114385,60.3730259365984,1.05960264900662,1.03124052168636
24,42,770,13447,NA,7,123,NA,0.917431192660551,0.923146202341639,NA,0.917431192660551,0.923146202341639,5139.11611785095,5969.38293948127,46.7192374350079,54.6020749279542,0.917431192660536,0.923146202341644
25,43,777,13575,NA,7,128,NA,0.909090909090909,0.951885178850301,NA,0.909090909090909,0.951885178850301,5185.83535528596,6026.20461095101,46.7192374350079,56.8216714697401,0.909090909090895,0.951885178850292
26,44,784,13700,NA,7,125,NA,0.900900900900901,0.920810313075507,NA,0.900900900900901,0.920810313075507,5232.55459272097,6081.69452449568,46.7192374350079,55.4899135446694,0.900900900900887,0.92081031307552
27,45,790,NA,NA,6,NA,NA,0.76530612244898,NA,NA,0.76530612244898,NA,5272.59965337954,NA,40.0450606585791,NA,0.765306122448986,NA
28,46,794,NA,NA,4,NA,NA,0.506329113924051,NA,NA,0.506329113924051,NA,5299.29636048526,NA,26.6967071057197,NA,0.50632911392406,NA
29,47,797,NA,NA,3,NA,NA,0.377833753148615,NA,NA,0.377833753148615,NA,5319.31889081455,NA,20.0225303292891,NA,0.377833753148609,NA
30,48,801,NA,NA,4,NA,NA,0.501882057716437,NA,NA,0.501882057716437,NA,5346.01559792027,NA,26.6967071057197,NA,0.501882057716446,NA
31,49,804,NA,NA,3,NA,NA,0.374531835205993,NA,NA,0.374531835205993,NA,5366.03812824956,NA,20.0225303292891,NA,0.374531835205987,NA
32,50,807,NA,NA,3,NA,NA,0.373134328358209,NA,NA,0.373134328358209,NA,5386.06065857885,NA,20.02253032929,NA,0.37313432835822,NA
33,51,809,NA,NA,2,NA,NA,0.247831474597274,NA,NA,0.247831474597274,NA,5399.40901213171,NA,13.3483535528603,NA,0.247831474597287,NA
34,52,811,NA,NA,2,NA,NA,0.247218788627936,NA,NA,0.247218788627936,NA,5412.75736568457,NA,13.3483535528603,NA,0.247218788627949,NA
35,53,813,NA,NA,2,NA,NA,0.246609124537608,NA,NA,0.246609124537608,NA,5426.10571923743,NA,13.3483535528594,NA,0.246609124537604,NA
36,54,815,NA,NA,2,NA,NA,0.2460024600246,NA,NA,0.2460024600246,NA,5439.45407279029,NA,13.3483535528594,NA,0.246002460024596,NA
37,55,817,NA,NA,2,NA,NA,0.245398773006135,NA,NA,0.245398773006135,NA,5452.80242634315,NA,13.3483535528594,NA,0.245398773006131,NA
38,56,819,NA,NA,2,NA,NA,0.244798041615667,NA,NA,0.244798041615667,NA,5466.15077989601,NA,13.3483535528594,NA,0.244798041615663,NA
39,57,821,NA,NA,2,NA,NA,0.244200244200244,NA,NA,0.244200244200244,NA,5479.49913344887,NA,13.3483535528594,NA,0.244200244200241,NA
40,58,822,NA,NA,1,NA,NA,0.121802679658952,NA,NA,0.121802679658952,NA,5486.1733102253,NA,6.6741767764297,NA,0.121802679658951,NA
41,59,823,NA,NA,1,NA,NA,0.121654501216545,NA,NA,0.121654501216545,NA,5492.84748700173,NA,6.6741767764297,NA,0.121654501216543,NA
42,60,824,NA,NA,1,NA,NA,0.121506682867558,NA,NA,0.121506682867558,NA,5499.52166377816,NA,6.67417677643061,NA,0.121506682867572,NA
43,61,825,NA,NA,1,NA,NA,0.121359223300971,NA,NA,0.121359223300971,NA,5506.19584055459,NA,6.6741767764297,NA,0.121359223300969,NA
44,62,825,NA,NA,0,NA,NA,0,NA,NA,0,NA,5506.19584055459,NA,0,NA,0,NA
45,63,826,NA,NA,1,NA,NA,0.121212121212121,NA,NA,0.121212121212121,NA,5512.87001733102,NA,6.6741767764297,NA,0.121212121212119,NA
46,64,827,NA,NA,1,NA,NA,0.121065375302663,NA,NA,0.121065375302663,NA,5519.54419410745,NA,6.6741767764297,NA,0.121065375302662,NA
47,65,828,NA,NA,1,NA,NA,0.120918984280532,NA,NA,0.120918984280532,NA,5526.21837088388,NA,6.6741767764297,NA,0.12091898428053,NA
48,66,829,NA,NA,1,NA,NA,0.120772946859903,NA,NA,0.120772946859903,NA,5532.89254766031,NA,6.6741767764297,NA,0.120772946859902,NA
49,67,830,NA,NA,1,NA,NA,0.120627261761158,NA,NA,0.120627261761158,NA,5539.56672443674,NA,6.6741767764297,NA,0.120627261761156,NA
50,68,831,NA,NA,1,NA,NA,0.120481927710843,NA,NA,0.120481927710843,NA,5546.24090121317,NA,6.6741767764297,NA,0.120481927710842,NA
51,69,831,NA,NA,0,NA,NA,0,NA,NA,0,NA,5546.24090121317,NA,0,NA,0,NA
52,70,832,NA,NA,1,NA,NA,0.120336943441637,NA,NA,0.120336943441637,NA,5552.9150779896,NA,6.67417677643061,NA,0.120336943441651,NA
53,71,832,NA,NA,0,NA,NA,0,NA,NA,0,NA,5552.9150779896,NA,0,NA,0,NA
54,72,833,NA,NA,1,NA,NA,0.120192307692308,NA,NA,0.120192307692308,NA,5559.58925476603,NA,6.6741767764297,NA,0.120192307692306,NA
