"daysFromToday","Day","Korea","Italy","X","dif.Korea","dif.Italy","dif.X","growth.Korea","growth.Italy","growth.X","prj.grKO.X","prj.grIT.X","grKO.prj.tot.X","grIT.prj.tot.X","dif.grKO.prj.tot.X","dif.grIT.prj.tot.X","growth.grKO.prj.tot.X","growth.grIT.prj.tot.X"
-74,NA,NA,NA,133,NA,NA,NA,NA,NA,NA,NA,NA,NA,NA,NA,NA,NA,NA
-73,NA,NA,NA,185,NA,NA,52,NA,NA,39.0977443609023,NA,NA,NA,NA,NA,NA,NA,NA
-72,NA,NA,NA,268,NA,NA,83,NA,NA,44.8648648648649,NA,NA,NA,NA,NA,NA,NA,NA
-71,NA,NA,NA,371,NA,NA,103,NA,NA,38.4328358208955,NA,NA,NA,NA,NA,NA,NA,NA
-70,NA,NA,NA,479,NA,NA,108,NA,NA,29.1105121293801,NA,NA,NA,NA,NA,NA,NA,NA
-69,NA,NA,NA,644,NA,NA,165,NA,NA,34.446764091858,NA,NA,NA,NA,NA,NA,NA,NA
-68,NA,NA,NA,851,NA,NA,207,NA,NA,32.1428571428571,NA,NA,NA,NA,NA,NA,NA,NA
-67,NA,NA,NA,1127,NA,NA,276,NA,NA,32.4324324324324,NA,NA,NA,NA,NA,NA,NA,NA
-66,NA,NA,NA,1687,NA,NA,560,NA,NA,49.6894409937888,NA,NA,NA,NA,NA,NA,NA,NA
-65,NA,NA,NA,2218,NA,NA,531,NA,NA,31.4759928867813,NA,NA,NA,NA,NA,NA,NA,NA
-64,NA,NA,NA,2751,NA,NA,533,NA,NA,24.0306582506763,NA,NA,NA,NA,NA,NA,NA,NA
-63,NA,NA,33,3394,NA,NA,643,NA,NA,23.3733187931661,NA,NA,NA,NA,NA,NA,NA,NA
-62,NA,NA,48,4087,NA,15,693,NA,45.4545454545455,20.4183853859753,NA,NA,NA,NA,NA,NA,NA,NA
-61,NA,NA,68,4843,NA,20,756,NA,41.6666666666667,18.497675556643,NA,NA,NA,NA,NA,NA,NA,NA
-60,NA,NA,96,5805,NA,28,962,NA,41.1764705882353,19.8637208341937,NA,NA,NA,NA,NA,NA,NA,NA
-59,NA,NA,139,7016,NA,43,1211,NA,44.7916666666667,20.8613264427218,NA,NA,NA,NA,NA,NA,NA,NA
-58,NA,NA,188,8420,NA,49,1404,NA,35.2517985611511,20.0114025085519,NA,NA,NA,NA,NA,NA,NA,NA
-57,NA,NA,239,10017,NA,51,1597,NA,27.1276595744681,18.9667458432304,NA,NA,NA,NA,NA,NA,NA,NA
-56,NA,NA,359,11510,NA,120,1493,NA,50.2092050209205,14.9046620744734,NA,NA,NA,NA,NA,NA,NA,NA
-55,NA,NA,431,12980,NA,72,1470,NA,20.0557103064067,12.7715030408341,NA,NA,NA,NA,NA,NA,NA,NA
-54,NA,NA,530,14559,NA,99,1579,NA,22.969837587007,12.1648690292758,NA,NA,NA,NA,NA,NA,NA,NA
-53,NA,NA,654,16239,NA,124,1680,NA,23.3962264150943,11.5392540696476,NA,NA,NA,NA,NA,NA,NA,NA
-52,NA,NA,817,18228,NA,163,1989,NA,24.9235474006116,12.2482911509329,NA,NA,NA,NA,NA,NA,NA,NA
-51,NA,NA,982,19979,NA,165,1751,NA,20.1958384332925,9.60610050471802,NA,NA,NA,NA,NA,NA,NA,NA
-50,NA,NA,1246,21655,NA,264,1676,NA,26.8839103869654,8.38880824866109,NA,NA,NA,NA,NA,NA,NA,NA
-49,NA,NA,1562,22833,NA,316,1178,NA,25.3611556982343,5.43985222812284,NA,NA,NA,NA,NA,NA,NA,NA
-48,NA,NA,1942,24199,NA,380,1366,NA,24.3277848911652,5.98256908859983,NA,NA,NA,NA,NA,NA,NA,NA
-47,NA,NA,2149,25345,NA,207,1146,NA,10.659114315139,4.73573288152403,NA,NA,NA,NA,NA,NA,NA,NA
-46,NA,NA,2639,26490,NA,490,1145,NA,22.8013029315961,4.51765634247386,NA,NA,NA,NA,NA,NA,NA,NA
-45,NA,NA,3200,27735,NA,561,1245,NA,21.2580522925351,4.69988674971687,NA,NA,NA,NA,NA,NA,NA,NA
-44,NA,NA,3739,29441,NA,539,1706,NA,16.84375,6.1510726518839,NA,NA,NA,NA,NA,NA,NA,NA
-43,NA,NA,4480,31069,NA,741,1628,NA,19.8181331906927,5.5297034747461,NA,NA,NA,NA,NA,NA,NA,NA
-42,NA,NA,5240,32284,NA,760,1215,NA,16.9642857142857,3.91065048762432,NA,NA,NA,NA,NA,NA,NA,NA
-41,NA,NA,5924,33232,NA,684,948,NA,13.0534351145038,2.93643910296122,NA,NA,NA,NA,NA,NA,NA,NA
-40,NA,NA,6671,34528,NA,747,1296,NA,12.609723160027,3.89985556090515,NA,NA,NA,NA,NA,NA,NA,NA
-39,NA,NA,7562,35684,NA,891,1156,NA,13.3563183930445,3.34800741427247,NA,NA,NA,NA,NA,NA,NA,NA
-38,NA,NA,8689,37053,NA,1127,1369,NA,14.9034646918805,3.83645331240892,NA,NA,NA,NA,NA,NA,NA,NA
-37,NA,NA,9956,38652,NA,1267,1599,NA,14.581654966049,4.31544004534046,NA,NA,NA,NA,NA,NA,NA,NA
-36,NA,NA,11344,40049,NA,1388,1397,NA,13.9413419043793,3.61430197661182,NA,NA,NA,NA,NA,NA,NA,NA
-35,NA,NA,12522,41165,NA,1178,1116,NA,10.3843441466855,2.78658643162126,NA,NA,NA,NA,NA,NA,NA,NA
-34,NA,NA,13536,42050,NA,1014,885,NA,8.09774796358409,2.14988461071298,NA,NA,NA,NA,NA,NA,NA,NA
-33,NA,NA,14647,43264,NA,1111,1214,NA,8.20774231678487,2.88703923900119,NA,NA,NA,NA,NA,NA,NA,NA
-32,0,26,15750,44366,NA,1103,1102,NA,7.53055233153547,2.54715236686391,NA,NA,NA,NA,NA,NA,NA,NA
-31,1,51,17064,45763,25,1314,1397,96.1538461538462,8.34285714285714,3.1488076454943,NA,NA,NA,NA,NA,NA,NA,NA
-30,2,108,18315,46971,57,1251,1208,111.764705882353,7.33122362869198,2.6396870834517,NA,NA,NA,NA,NA,NA,NA,NA
-29,3,150,19580,48305,42,1265,1334,38.8888888888889,6.90690690690691,2.84005024376743,NA,NA,NA,NA,NA,NA,NA,NA
-28,4,208,20684,49267,58,1104,962,38.6666666666667,5.63840653728294,1.99151226581099,NA,NA,NA,NA,NA,NA,NA,NA
-27,5,244,21542,50092,36,858,825,17.3076923076923,4.14813382324502,1.67454888667871,NA,NA,NA,NA,NA,NA,NA,NA
-26,6,315,22400,50957,71,858,865,29.0983606557377,3.982917092192,1.72682264633075,NA,NA,NA,NA,NA,NA,NA,NA
-25,7,441,23413,51845,126,1013,888,40,4.52232142857143,1.74264576015072,NA,NA,NA,NA,NA,NA,NA,NA
-24,8,584,24401,52915,143,988,1070,32.4263038548753,4.21987784564131,2.06384415083422,NA,NA,NA,NA,NA,NA,NA,NA
-23,9,787,25372,54238,203,971,1323,34.7602739726027,3.97934510880702,2.50023622791269,NA,NA,NA,NA,NA,NA,NA,NA
-22,10,933,26389,55316,146,1017,1078,18.5514612452351,4.00835566766514,1.98753641358457,NA,NA,NA,NA,NA,NA,NA,NA
-21,11,1082,27303,56611,149,914,1295,15.9699892818864,3.46356436393952,2.34109480078097,NA,NA,NA,NA,NA,NA,NA,NA
-20,12,1295,28065,57154,213,762,543,19.6857670979667,2.79090209867048,0.959177545000088,NA,NA,NA,NA,NA,NA,NA,NA
-19,13,1404,28709,57991,109,644,837,8.41698841698842,2.29467308034919,1.46446442943626,NA,NA,NA,NA,NA,NA,NA,NA
-18,14,1520,29521,58698,116,812,707,8.26210826210826,2.82838134382946,1.21915469641841,NA,NA,NA,NA,NA,NA,NA,NA
-17,15,1646,30411,59636,126,890,938,8.28947368421053,3.01480302157786,1.59801015366793,NA,NA,NA,NA,NA,NA,NA,NA
-16,16,1758,31247,60622,112,836,986,6.80437424058323,2.74900529413699,1.6533637400228,NA,NA,NA,NA,NA,NA,NA,NA
-15,17,1826,32241,61611,68,994,989,3.86803185437998,3.18110538611707,1.63142093629375,NA,NA,NA,NA,NA,NA,NA,NA
-14,18,1867,33108,62234,41,867,623,2.24534501642935,2.68912254582674,1.01118306795864,NA,NA,NA,NA,NA,NA,NA,NA
-13,19,1876,33775,63056,9,667,822,0.48205677557579,2.01461882324514,1.32082141594627,NA,NA,NA,NA,NA,NA,NA,NA
-12,20,1936,34405,63666,60,630,610,3.19829424307036,1.86528497409326,0.967394062420705,NA,NA,NA,NA,NA,NA,NA,NA
-11,21,1965,34969,63666,29,564,0,1.49793388429752,1.63929661386426,0,NA,NA,NA,NA,NA,NA,NA,NA
-10,22,1992,35771,65392,27,802,1726,1.37404580152672,2.29345992164489,2.71102315207489,NA,NA,NA,NA,NA,NA,NA,NA
-9,23,2019,36511,66258,27,740,866,1.35542168674699,2.06871488076934,1.32432101786151,NA,NA,NA,NA,NA,NA,NA,NA
-8,24,2038,37250,66983,19,739,725,0.941059930658742,2.02404754731451,1.0942074919255,NA,NA,NA,NA,NA,NA,NA,NA
-7,25,2057,37895,67713,19,645,730,0.932286555446516,1.73154362416107,1.08982876252183,NA,NA,NA,NA,NA,NA,NA,NA
-6,26,2078,38373,68186,21,478,473,1.02090422946038,1.26138012930466,0.698536470101753,NA,NA,NA,NA,NA,NA,NA,NA
-5,27,2101,38950,68637,23,577,451,1.10683349374398,1.50366142860866,0.661426099199249,NA,NA,NA,NA,NA,NA,NA,NA
-4,28,2139,39664,69417,38,714,780,1.80866254164683,1.83311938382542,1.13641330477731,NA,NA,NA,NA,NA,NA,NA,NA
-3,29,2160,40224,70042,21,560,625,0.981767180925666,1.41185962081484,0.900355820620309,NA,NA,NA,NA,NA,NA,NA,NA
-2,30,2197,40864,71339,37,640,1297,1.71296296296296,1.59108989657916,1.85174609520002,NA,NA,NA,NA,NA,NA,NA,NA
-1,31,2222,41363,72031,25,499,692,1.13791533909877,1.2211237274863,0.97001640056631,NA,NA,NA,NA,NA,NA,NA,NA
0,32,2238,41855,72546,16,492,515,0.72007200720072,1.1894688489713,0.71496994349655,NA,NA,72546,72546,515,515,NA,NA
1,33,2257,42223,NA,19,368,NA,0.848972296693476,0.879225898936806,NA,0.848972296693476,0.879225898936806,73161.8954423593,73183.8432206427,615.895442359251,637.843220642695,0.848972296693479,0.879225898936806
2,34,2282,42666,NA,25,443,NA,1.10766504209127,1.04919119910949,NA,1.10766504209127,1.04919119910949,73972.2841823056,73951.6816628838,810.388739946386,767.838442241075,1.10766504209128,1.0491911991095
3,35,2307,43108,NA,25,442,NA,1.09553023663453,1.03595368677636,NA,1.09553023663453,1.03595368677636,74782.672922252,74717.7868355035,810.388739946386,766.105172619762,1.09553023663454,1.03595368677636
4,36,2330,43504,NA,23,396,NA,0.996965756393585,0.918622993411896,NA,0.996965756393585,0.918622993411896,75528.2305630027,75404.161605543,745.557640750674,686.374770039431,0.99696575639359,0.918622993411907
5,37,2367,43920,NA,37,416,NA,1.58798283261803,0.956233909525561,NA,1.58798283261803,0.956233909525561,76727.6058981233,76125.2017680086,1199.37533512064,721.040162465652,1.58798283261802,0.956233909525556
6,38,2393,44322,NA,26,402,NA,1.09843683988171,0.915300546448087,NA,1.09843683988171,0.915300546448087,77570.4101876676,76821.9761557759,842.804289544234,696.774387767291,1.0984368398817,0.915300546448086
7,39,2412,44617,NA,19,295,NA,0.793982448809026,0.665583683046794,NA,0.793982448809026,0.665583683046794,78186.3056300268,77333.2906940628,615.895442359237,511.314538286941,0.79398244880901,0.665583683046791
8,40,2444,44875,NA,32,258,NA,1.32669983416252,0.578254925252706,NA,1.32669983416252,0.578254925252706,79223.6032171582,77780.4742563613,1037.29758713137,447.183562298407,1.32669983416252,0.578254925252701
9,41,2469,45103,NA,25,228,NA,1.02291325695581,0.508077994428969,NA,1.02291325695581,0.508077994428969,80033.9919571045,78175.6597300203,810.388739946371,395.185473659076,1.0229132569558,0.508077994428988
10,42,2491,45408,NA,22,305,NA,0.891049007695423,0.676229962530209,NA,0.891049007695423,0.676229962530209,80747.1340482574,78704.3069645204,713.142091152826,528.647234500051,0.891049007695437,0.676229962530197
11,43,2512,45705,NA,21,297,NA,0.843034925732638,0.654069767441861,NA,0.843034925732638,0.654069767441861,81427.8605898123,79219.0880420499,680.726541554963,514.781077529566,0.843034925732641,0.654069767441859
12,44,2536,45986,NA,24,281,NA,0.955414012738854,0.614812383765452,NA,0.955414012738854,0.614812383765452,82205.8337801609,79706.1368056385,777.973190348537,487.04876358858,0.955414012738868,0.614812383765453
13,45,2556,46215,NA,20,229,NA,0.788643533123028,0.49797764537033,NA,0.788643533123028,0.49797764537033,82854.144772118,80103.0555489189,648.3109919571,396.918743280374,0.788643533123022,0.497977645370331
14,46,2568,46385,NA,12,170,NA,0.469483568075117,0.367845937466191,NA,0.469483568075117,0.367845937466191,83243.1313672922,80397.7113845419,388.986595174269,294.65583562298,0.469483568075124,0.367845937466185
15,47,2580,46543,NA,12,158,NA,0.467289719626168,0.340627357982106,NA,0.467289719626168,0.340627357982106,83632.1179624665,80671.5679847091,388.986595174269,273.856600167244,0.467289719626175,0.340627357982107
16,48,2593,46840,NA,13,297,NA,0.503875968992248,0.638119588337666,NA,0.503875968992248,0.638119588337666,84053.5201072386,81186.3490622387,421.402144772117,514.781077529566,0.503875968992247,0.638119588337665
17,49,2603,47028,NA,10,188,NA,0.385653682992673,0.401366353543979,NA,0.385653682992673,0.401366353543979,84377.6756032172,81512.2037510453,324.155495978557,325.85468880659,0.385653682992678,0.401366353543975
18,50,2609,47238,NA,6,210,NA,0.230503265462927,0.44654248532789,NA,0.230503265462927,0.44654248532789,84572.1689008043,81876.1903715207,194.493297587134,363.986620475451,0.230503265462931,0.44654248532789
19,51,2617,47405,NA,8,167,NA,0.306630893062476,0.353528938566408,NA,0.306630893062476,0.353528938566408,84831.4932975871,82165.6463982798,259.324396782831,289.456026759057,0.306630893062463,0.353528938566418
20,52,2625,47590,NA,8,185,NA,0.305693542223921,0.390254192595718,NA,0.305693542223921,0.390254192595718,85090.81769437,82486.3012782224,259.324396782846,320.654879942653,0.305693542223925,0.39025419259571
21,53,2631,47733,NA,6,143,NA,0.228571428571429,0.300483294809834,NA,0.228571428571429,0.300483294809834,85285.3109919571,82734.15883407,194.49329758712,247.857555847557,0.228571428571415,0.300483294809819
22,54,2638,47828,NA,7,95,NA,0.266058532877233,0.199023736199275,NA,0.266058532877233,0.199023736199275,85512.2198391421,82898.8194480946,226.908847184983,164.6606140246,0.266058532877228,0.199023736199265
23,55,2645,48001,NA,7,173,NA,0.265352539802881,0.361712804215104,NA,0.265352539802881,0.361712804215104,85739.1286863271,83198.6750925815,226.908847184997,299.855644486917,0.265352539802893,0.361712804215102
24,56,2650,48141,NA,5,140,NA,0.189035916824197,0.291660590404367,NA,0.189035916824197,0.291660590404367,85901.2064343164,83441.3328395651,162.077747989271,242.657746983634,0.189035916824191,0.291660590404366
25,57,2656,48277,NA,6,136,NA,0.226415094339623,0.282503479362705,NA,0.226415094339623,0.282503479362705,86095.6997319035,83677.0575080635,194.493297587134,235.724668498384,0.226415094339626,0.282503479362701
26,58,2660,48415,NA,4,138,NA,0.150602409638554,0.28585040495474,NA,0.150602409638554,0.28585040495474,86225.3619302949,83916.2487158045,129.662198391423,239.191207741009,0.150602409638556,0.285850404954738
27,59,2662,48557,NA,2,142,NA,0.075187969924812,0.293297531756687,NA,0.075187969924812,0.293297531756687,86290.1930294906,84162.3730020308,64.8310991957114,246.124286226259,0.0751879699248132,0.293297531756689
28,60,2665,48669,NA,3,112,NA,0.112697220135237,0.230656753918076,NA,0.112697220135237,0.230656753918076,86387.4396782842,84356.4991996177,97.2466487935599,194.126197586898,0.11269722013523,0.230656753918065
29,61,2668,48733,NA,3,64,NA,0.112570356472795,0.131500544494442,NA,0.112570356472795,0.131500544494442,86484.6863270778,84467.4284553817,97.2466487935599,110.929255763956,0.112570356472789,0.131500544494453
30,62,2670,48817,NA,2,84,NA,0.0749625187406297,0.172367800053352,NA,0.0749625187406297,0.172367800053352,86549.5174262735,84613.0231035718,64.831099195726,145.594648190177,0.0749625187406476,0.172367800053348
31,63,2674,48941,NA,4,124,NA,0.149812734082397,0.254009873609603,NA,0.149812734082397,0.254009873609603,86679.1796246649,84827.9485366145,129.662198391408,214.925433042634,0.149812734082382,0.254009873609587
32,64,2676,49066,NA,2,125,NA,0.074794315632012,0.25540957479414,NA,0.074794315632012,0.25540957479414,86744.0107238606,85044.6072392784,64.8310991957114,216.658702663946,0.0747943156320131,0.255409574794125
33,65,2679,49175,NA,3,109,NA,0.112107623318386,0.222149757469531,NA,0.112107623318386,0.222149757469531,86841.2573726542,85233.5336280014,97.2466487935744,188.926388722961,0.112107623318396,0.222149757469518
34,66,2681,49264,NA,2,89,NA,0.0746547219111609,0.180986273512964,NA,0.0746547219111609,0.180986273512964,86906.0884718499,85387.7946242981,64.831099195726,154.26099629674,0.0746547219111788,0.180986273512965
35,67,2685,49334,NA,4,70,NA,0.149198060425214,0.14209158817798,NA,0.149198060425214,0.14209158817798,87035.7506702413,85509.1234977899,129.662198391423,121.328873491817,0.149198060425217,0.14209158817798
36,68,2687,NA,NA,2,NA,NA,0.074487895716946,NA,NA,0.074487895716946,NA,87100.581769437,NA,64.831099195726,NA,0.0744878957169638,NA
37,69,2688,NA,NA,1,NA,NA,0.0372162262746558,NA,NA,0.0372162262746558,NA,87132.9973190349,NA,32.415549597863,NA,0.0372162262746646,NA
38,70,2690,NA,NA,2,NA,NA,0.0744047619047619,NA,NA,0.0744047619047619,NA,87197.8284182306,NA,64.8310991957114,NA,0.074404761904763,NA
39,71,2692,NA,NA,2,NA,NA,0.0743494423791822,NA,NA,0.0743494423791822,NA,87262.6595174263,NA,64.8310991957114,NA,0.0743494423791832,NA
40,72,2695,NA,NA,3,NA,NA,0.111441307578009,NA,NA,0.111441307578009,NA,87359.9061662199,NA,97.2466487935599,NA,0.111441307578002,NA
41,73,2697,NA,NA,2,NA,NA,0.0742115027829314,NA,NA,0.0742115027829314,NA,87424.7372654156,NA,64.8310991957114,NA,0.0742115027829324,NA
42,74,2698,NA,NA,1,NA,NA,0.0370782350760104,NA,NA,0.0370782350760104,NA,87457.1528150135,NA,32.415549597863,NA,0.0370782350760192,NA
43,75,2698,NA,NA,0,NA,NA,0,NA,NA,0,NA,87457.1528150135,NA,0,NA,0,NA
44,76,2699,NA,NA,1,NA,NA,0.0370644922164566,NA,NA,0.0370644922164566,NA,87489.5683646113,NA,32.4155495978484,NA,0.0370644922164488,NA
45,77,2702,NA,NA,3,NA,NA,0.111152278621712,NA,NA,0.111152278621712,NA,87586.8150134049,NA,97.2466487935599,NA,0.111152278621705,NA
46,78,2707,NA,NA,5,NA,NA,0.185048112509252,NA,NA,0.185048112509252,NA,87748.8927613942,NA,162.077747989286,NA,0.185048112509263,NA
47,79,2715,NA,NA,8,NA,NA,0.295530107129664,NA,NA,0.295530107129664,NA,88008.217158177,NA,259.324396782846,NA,0.295530107129668,NA
48,80,2724,NA,NA,9,NA,NA,0.331491712707182,NA,NA,0.331491712707182,NA,88299.9571045577,NA,291.739946380709,NA,0.331491712707195,NA
49,81,2731,NA,NA,7,NA,NA,0.25697503671072,NA,NA,0.25697503671072,NA,88526.8659517427,NA,226.908847184983,NA,0.256975036710715,NA
50,82,2737,NA,NA,6,NA,NA,0.219699743683632,NA,NA,0.219699743683632,NA,88721.3592493298,NA,194.493297587134,NA,0.219699743683635,NA
51,83,2744,NA,NA,7,NA,NA,0.255754475703325,NA,NA,0.255754475703325,NA,88948.2680965148,NA,226.908847184983,NA,0.25575447570332,NA
52,84,2751,NA,NA,7,NA,NA,0.255102040816327,NA,NA,0.255102040816327,NA,89175.1769436998,NA,226.908847184997,NA,0.255102040816338,NA
53,85,2756,NA,NA,5,NA,NA,0.181752090149037,NA,NA,0.181752090149037,NA,89337.2546916891,NA,162.077747989271,NA,0.181752090149031,NA
54,86,2759,NA,NA,3,NA,NA,0.108853410740203,NA,NA,0.108853410740203,NA,89434.5013404827,NA,97.2466487935744,NA,0.108853410740213,NA
55,87,2763,NA,NA,4,NA,NA,0.144980065241029,NA,NA,0.144980065241029,NA,89564.1635388741,NA,129.662198391408,NA,0.144980065241015,NA
56,88,2766,NA,NA,3,NA,NA,0.1085776330076,NA,NA,0.1085776330076,NA,89661.4101876676,NA,97.2466487935599,NA,0.108577633007594,NA
57,89,2774,NA,NA,8,NA,NA,0.289226319595083,NA,NA,0.289226319595083,NA,89920.7345844505,NA,259.324396782846,NA,0.289226319595087,NA
58,90,2777,NA,NA,3,NA,NA,0.108147080028839,NA,NA,0.108147080028839,NA,90017.981233244,NA,97.2466487935744,NA,0.108147080028849,NA
59,91,2782,NA,NA,5,NA,NA,0.180050414115952,NA,NA,0.180050414115952,NA,90180.0589812333,NA,162.077747989271,NA,0.180050414115947,NA
60,92,2788,NA,NA,6,NA,NA,0.215672178289001,NA,NA,0.215672178289001,NA,90374.5522788204,NA,194.49329758712,NA,0.215672178288988,NA
61,93,2794,NA,NA,6,NA,NA,0.215208034433286,NA,NA,0.215208034433286,NA,90569.0455764076,NA,194.493297587134,NA,0.215208034433289,NA
62,94,2798,NA,NA,4,NA,NA,0.143163922691482,NA,NA,0.143163922691482,NA,90698.707774799,NA,129.662198391423,NA,0.143163922691484,NA
63,95,2803,NA,NA,5,NA,NA,0.178699070764832,NA,NA,0.178699070764832,NA,90860.7855227883,NA,162.077747989286,NA,0.178699070764843,NA
64,96,2813,NA,NA,10,NA,NA,0.356760613628255,NA,NA,0.356760613628255,NA,91184.9410187668,NA,324.155495978557,NA,0.356760613628261,NA
65,97,2833,NA,NA,20,NA,NA,0.710984713828653,NA,NA,0.710984713828653,NA,91833.2520107239,NA,648.3109919571,NA,0.710984713828647,NA
66,98,2847,NA,NA,14,NA,NA,0.494175785386516,NA,NA,0.494175785386516,NA,92287.0697050939,NA,453.817694369965,NA,0.494175785386507,NA
67,99,2857,NA,NA,10,NA,NA,0.351246926589392,NA,NA,0.351246926589392,NA,92611.2252010724,NA,324.155495978543,NA,0.351246926589382,NA
68,100,2864,NA,NA,7,NA,NA,0.245012250612531,NA,NA,0.245012250612531,NA,92838.1340482574,NA,226.908847184983,NA,0.245012250612526,NA
69,101,2872,NA,NA,8,NA,NA,0.279329608938547,NA,NA,0.279329608938547,NA,93097.4584450403,NA,259.324396782846,NA,0.279329608938552,NA
