"daysFromToday","Day","Korea","Italy","X","dif.Korea","dif.Italy","dif.X","growth.Korea","growth.Italy","growth.X","prj.grKO.X","prj.grIT.X","grKO.prj.tot.X","grIT.prj.tot.X","dif.grKO.prj.tot.X","dif.grIT.prj.tot.X","growth.grKO.prj.tot.X","growth.grIT.prj.tot.X"
-116,0,0,NA,NA,NA,NA,NA,NA,NA,NA,NA,NA,NA,NA,NA,NA,NA,NA
-115,1,1,NA,NA,1,NA,NA,Inf,NA,NA,NA,NA,NA,NA,NA,NA,NA,NA
-114,2,1,NA,NA,0,NA,NA,0,NA,NA,NA,NA,NA,NA,NA,NA,NA,NA
-113,3,2,NA,NA,1,NA,NA,100,NA,NA,NA,NA,NA,NA,NA,NA,NA,NA
-112,4,2,NA,NA,0,NA,NA,0,NA,NA,NA,NA,NA,NA,NA,NA,NA,NA
-111,5,3,NA,NA,1,NA,NA,50,NA,NA,NA,NA,NA,NA,NA,NA,NA,NA
-110,6,3,NA,NA,0,NA,NA,0,NA,NA,NA,NA,NA,NA,NA,NA,NA,NA
-109,7,5,NA,NA,2,NA,NA,66.6666666666667,NA,NA,NA,NA,NA,NA,NA,NA,NA,NA
-108,8,6,NA,NA,1,NA,NA,20,NA,NA,NA,NA,NA,NA,NA,NA,NA,NA
-107,9,8,NA,NA,2,NA,NA,33.3333333333333,NA,NA,NA,NA,NA,NA,NA,NA,NA,NA
-106,10,10,NA,NA,2,NA,NA,25,NA,NA,NA,NA,NA,NA,NA,NA,NA,NA
-105,11,11,NA,NA,1,NA,NA,10,NA,NA,NA,NA,NA,NA,NA,NA,NA,NA
-104,12,14,NA,NA,3,NA,NA,27.2727272727273,NA,NA,NA,NA,NA,NA,NA,NA,NA,NA
-103,13,15,NA,NA,1,NA,NA,7.14285714285714,NA,NA,NA,NA,NA,NA,NA,NA,NA,NA
-102,14,16,NA,NA,1,NA,NA,6.66666666666667,NA,NA,NA,NA,NA,NA,NA,NA,NA,NA
-101,15,17,NA,NA,1,NA,NA,6.25,NA,NA,NA,NA,NA,NA,NA,NA,NA,NA
-100,16,18,NA,NA,1,NA,NA,5.88235294117647,NA,NA,NA,NA,NA,NA,NA,NA,NA,NA
-99,17,19,NA,NA,1,NA,NA,5.55555555555556,NA,NA,NA,NA,NA,NA,NA,NA,NA,NA
-98,18,20,NA,NA,1,NA,NA,5.26315789473684,NA,NA,NA,NA,NA,NA,NA,NA,NA,NA
-97,19,20,NA,NA,0,NA,NA,0,NA,NA,NA,NA,NA,NA,NA,NA,NA,NA
-96,20,20,NA,NA,0,NA,NA,0,NA,NA,NA,NA,NA,NA,NA,NA,NA,NA
-95,21,21,NA,NA,1,NA,NA,5,NA,NA,NA,NA,NA,NA,NA,NA,NA,NA
-94,22,21,NA,NA,0,NA,NA,0,NA,NA,NA,NA,NA,NA,NA,NA,NA,NA
-93,23,21,NA,NA,0,NA,NA,0,NA,NA,NA,NA,NA,NA,NA,NA,NA,NA
-92,24,21,NA,NA,0,NA,NA,0,NA,NA,NA,NA,NA,NA,NA,NA,NA,NA
-91,25,22,NA,NA,1,NA,NA,4.76190476190476,NA,NA,NA,NA,NA,NA,NA,NA,NA,NA
-90,26,22,NA,NA,0,NA,NA,0,NA,NA,NA,NA,NA,NA,NA,NA,NA,NA
-89,27,22,NA,NA,0,NA,NA,0,NA,NA,NA,NA,NA,NA,NA,NA,NA,NA
-88,28,22,NA,NA,0,NA,NA,0,NA,NA,NA,NA,NA,NA,NA,NA,NA,NA
-87,29,23,NA,NA,1,NA,NA,4.54545454545455,NA,NA,NA,NA,NA,NA,NA,NA,NA,NA
-86,30,23,NA,NA,0,NA,NA,0,NA,NA,NA,NA,NA,NA,NA,NA,NA,NA
-85,31,23,NA,NA,0,NA,NA,0,NA,NA,NA,NA,NA,NA,NA,NA,NA,NA
-84,32,23,NA,NA,0,NA,NA,0,NA,NA,NA,NA,NA,NA,NA,NA,NA,NA
-83,33,24,NA,NA,1,NA,NA,4.34782608695652,NA,NA,NA,NA,NA,NA,NA,NA,NA,NA
-82,34,24,NA,NA,0,NA,NA,0,NA,NA,NA,NA,NA,NA,NA,NA,NA,NA
-81,35,24,NA,NA,0,NA,NA,0,NA,NA,NA,NA,NA,NA,NA,NA,NA,NA
-80,36,24,NA,NA,0,NA,NA,0,NA,NA,NA,NA,NA,NA,NA,NA,NA,NA
-79,37,25,NA,NA,1,NA,NA,4.16666666666667,NA,NA,NA,NA,NA,NA,NA,NA,NA,NA
-78,38,25,NA,NA,0,NA,NA,0,NA,NA,NA,NA,NA,NA,NA,NA,NA,NA
-77,39,25,NA,NA,0,NA,NA,0,NA,NA,NA,NA,NA,NA,NA,NA,NA,NA
-76,40,26,NA,NA,1,NA,NA,4,NA,NA,NA,NA,NA,NA,NA,NA,NA,NA
-75,41,26,NA,NA,0,NA,NA,0,NA,NA,NA,NA,NA,NA,NA,NA,NA,NA
-74,42,26,NA,NA,0,NA,NA,0,NA,NA,NA,NA,NA,NA,NA,NA,NA,NA
-73,43,26,NA,NA,0,NA,NA,0,NA,NA,NA,NA,NA,NA,NA,NA,NA,NA
-72,44,27,NA,NA,1,NA,NA,3.84615384615385,NA,NA,NA,NA,NA,NA,NA,NA,NA,NA
-71,45,27,NA,NA,0,NA,NA,0,NA,NA,NA,NA,NA,NA,NA,NA,NA,NA
-70,46,27,NA,NA,0,NA,NA,0,NA,NA,NA,NA,NA,NA,NA,NA,NA,NA
-69,47,27,NA,53,0,NA,NA,0,NA,NA,NA,NA,NA,NA,NA,NA,NA,NA
-68,48,27,NA,58,0,NA,5,0,NA,9.43396226415094,NA,NA,NA,NA,NA,NA,NA,NA
-67,49,27,NA,60,0,NA,2,0,NA,3.44827586206897,NA,NA,NA,NA,NA,NA,NA,NA
-66,50,27,NA,78,0,NA,18,0,NA,30,NA,NA,NA,NA,NA,NA,NA,NA
-65,51,27,NA,83,0,NA,5,0,NA,6.41025641025641,NA,NA,NA,NA,NA,NA,NA,NA
-64,52,27,NA,89,0,NA,6,0,NA,7.2289156626506,NA,NA,NA,NA,NA,NA,NA,NA
-63,53,28,NA,91,1,NA,2,3.7037037037037,NA,2.24719101123596,NA,NA,NA,NA,NA,NA,NA,NA
-62,54,28,NA,105,0,NA,14,0,NA,15.3846153846154,NA,NA,NA,NA,NA,NA,NA,NA
-61,55,28,NA,112,0,NA,7,0,NA,6.66666666666667,NA,NA,NA,NA,NA,NA,NA,NA
-60,56,28,NA,122,0,NA,10,0,NA,8.92857142857143,NA,NA,NA,NA,NA,NA,NA,NA
-59,57,28,NA,129,0,NA,7,0,NA,5.73770491803279,NA,NA,NA,NA,NA,NA,NA,NA
-58,58,28,NA,140,0,NA,11,0,NA,8.52713178294574,NA,NA,NA,NA,NA,NA,NA,NA
-57,59,28,NA,147,0,NA,7,0,NA,5,NA,NA,NA,NA,NA,NA,NA,NA
-56,60,28,NA,152,0,NA,5,0,NA,3.40136054421769,NA,NA,NA,NA,NA,NA,NA,NA
-55,61,28,NA,165,0,NA,13,0,NA,8.55263157894737,NA,NA,NA,NA,NA,NA,NA,NA
-54,62,28,NA,199,0,NA,34,0,NA,20.6060606060606,NA,NA,NA,NA,NA,NA,NA,NA
-53,63,28,NA,268,0,NA,69,0,NA,34.6733668341709,NA,NA,NA,NA,NA,NA,NA,NA
-52,64,28,0,268,0,NA,0,0,NA,0,NA,NA,NA,NA,NA,NA,NA,NA
-51,65,28,0,287,0,0,19,0,NA,7.08955223880597,NA,NA,NA,NA,NA,NA,NA,NA
-50,66,28,1,296,0,1,9,0,Inf,3.13588850174216,NA,NA,NA,NA,NA,NA,NA,NA
-49,67,28,1,300,0,0,4,0,0,1.35135135135135,NA,NA,NA,NA,NA,NA,NA,NA
-48,68,28,1,303,0,0,3,0,0,1,NA,NA,NA,NA,NA,NA,NA,NA
-47,69,28,1,310,0,0,7,0,0,2.31023102310231,NA,NA,NA,NA,NA,NA,NA,NA
-46,70,28,2,316,0,1,6,0,100,1.93548387096774,NA,NA,NA,NA,NA,NA,NA,NA
-45,71,28,2,323,0,0,7,0,0,2.21518987341772,NA,NA,NA,NA,NA,NA,NA,NA
-44,72,28,4,327,0,2,4,0,100,1.23839009287926,NA,NA,NA,NA,NA,NA,NA,NA
-43,73,28,5,333,0,1,6,0,25,1.8348623853211,NA,NA,NA,NA,NA,NA,NA,NA
-42,74,28,6,338,0,1,5,0,20,1.5015015015015,NA,NA,NA,NA,NA,NA,NA,NA
-41,75,28,7,342,0,1,4,0,16.6666666666667,1.18343195266272,NA,NA,NA,NA,NA,NA,NA,NA
-40,76,28,9,350,0,2,8,0,28.5714285714286,2.33918128654971,NA,NA,NA,NA,NA,NA,NA,NA
-39,77,28,10,355,0,1,5,0,11.1111111111111,1.42857142857143,NA,NA,NA,NA,NA,NA,NA,NA
-38,78,28,13,366,0,3,11,0,30,3.09859154929577,NA,NA,NA,NA,NA,NA,NA,NA
-37,79,28,16,372,0,3,6,0,23.0769230769231,1.63934426229508,NA,NA,NA,NA,NA,NA,NA,NA
-36,80,29,20,375,1,4,3,3.57142857142857,25,0.806451612903226,NA,NA,NA,NA,NA,NA,NA,NA
-35,81,29,22,377,0,2,2,0,10,0.533333333333333,NA,NA,NA,NA,NA,NA,NA,NA
-34,82,29,28,384,0,6,7,0,27.2727272727273,1.85676392572944,NA,NA,NA,NA,NA,NA,NA,NA
-33,83,29,33,389,0,5,5,0,17.8571428571429,1.30208333333333,NA,NA,NA,NA,NA,NA,NA,NA
-32,84,29,39,403,0,6,14,0,18.1818181818182,3.59897172236504,NA,NA,NA,NA,NA,NA,NA,NA
-31,85,29,47,408,0,8,5,0,20.5128205128205,1.24069478908189,NA,NA,NA,NA,NA,NA,NA,NA
-30,86,29,55,433,0,8,25,0,17.0212765957447,6.12745098039216,NA,NA,NA,NA,NA,NA,NA,NA
-29,87,29,62,433,0,7,0,0,12.7272727272727,0,NA,NA,NA,NA,NA,NA,NA,NA
-28,88,29,70,438,0,8,5,0,12.9032258064516,1.15473441108545,NA,NA,NA,NA,NA,NA,NA,NA
-27,89,29,79,440,0,9,2,0,12.8571428571429,0.45662100456621,NA,NA,NA,NA,NA,NA,NA,NA
-26,90,29,91,473,0,12,33,0,15.1898734177215,7.5,NA,NA,NA,NA,NA,NA,NA,NA
-25,91,29,104,481,0,13,8,0,14.2857142857143,1.69133192389006,NA,NA,NA,NA,NA,NA,NA,NA
-24,92,29,119,491,0,15,10,0,14.4230769230769,2.07900207900208,NA,NA,NA,NA,NA,NA,NA,NA
-23,93,29,131,491,0,12,0,0,10.0840336134454,0,NA,NA,NA,NA,NA,NA,NA,NA
-22,94,29,142,514,0,11,23,0,8.3969465648855,4.68431771894094,NA,NA,NA,NA,NA,NA,NA,NA
-21,95,29,153,518,0,11,4,0,7.74647887323944,0.778210116731518,NA,NA,NA,NA,NA,NA,NA,NA
-20,96,29,165,521,0,12,3,0,7.84313725490196,0.579150579150579,NA,NA,NA,NA,NA,NA,NA,NA
-19,97,30,179,537,1,14,16,3.44827586206897,8.48484848484849,3.07101727447217,NA,NA,NA,NA,NA,NA,NA,NA
-18,98,30,192,547,0,13,10,0,7.26256983240224,1.86219739292365,NA,NA,NA,NA,NA,NA,NA,NA
-17,99,30,205,550,0,13,3,0,6.77083333333333,0.548446069469835,NA,NA,NA,NA,NA,NA,NA,NA
-16,100,30,216,558,0,11,8,0,5.36585365853659,1.45454545454545,NA,NA,NA,NA,NA,NA,NA,NA
-15,101,30,225,563,0,9,5,0,4.16666666666667,0.896057347670251,NA,NA,NA,NA,NA,NA,NA,NA
-14,102,30,234,566,0,9,3,0,4,0.532859680284192,NA,NA,NA,NA,NA,NA,NA,NA
-13,103,30,245,572,0,11,6,0,4.7008547008547,1.06007067137809,NA,NA,NA,NA,NA,NA,NA,NA
-12,104,30,255,580,0,10,8,0,4.08163265306122,1.3986013986014,NA,NA,NA,NA,NA,NA,NA,NA
-11,105,30,266,594,0,11,14,0,4.31372549019608,2.41379310344828,NA,NA,NA,NA,NA,NA,NA,NA
-10,106,31,276,617,1,10,23,3.33333333333333,3.7593984962406,3.87205387205387,NA,NA,NA,NA,NA,NA,NA,NA
-9,107,31,286,630,0,10,13,0,3.6231884057971,2.10696920583468,NA,NA,NA,NA,NA,NA,NA,NA
-8,108,31,294,633,0,8,3,0,2.7972027972028,0.476190476190476,NA,NA,NA,NA,NA,NA,NA,NA
-7,109,31,300,633,0,6,0,0,2.04081632653061,0,NA,NA,NA,NA,NA,NA,NA,NA
-6,110,31,309,648,0,9,15,0,3,2.3696682464455,NA,NA,NA,NA,NA,NA,NA,NA
-5,111,31,318,688,0,9,40,0,2.9126213592233,6.17283950617284,NA,NA,NA,NA,NA,NA,NA,NA
-4,112,31,327,695,0,9,7,0,2.83018867924528,1.01744186046512,NA,NA,NA,NA,NA,NA,NA,NA
-3,113,31,337,708,0,10,13,0,3.05810397553517,1.8705035971223,NA,NA,NA,NA,NA,NA,NA,NA
-2,114,32,347,731,1,10,23,3.2258064516129,2.9673590504451,3.24858757062147,NA,NA,NA,NA,NA,NA,NA,NA
-1,115,32,354,736,0,7,5,0,2.01729106628242,0.683994528043776,NA,NA,NA,NA,NA,NA,NA,NA
0,116,32,360,743,0,6,7,0,1.69491525423729,0.951086956521739,NA,NA,743,743,7,7,NA,NA
1,117,32,366,NA,0,6,NA,0,1.66666666666667,NA,0,1.66666666666667,743,755.383333333333,0,12.3833333333333,0,1.66666666666667
2,118,32,374,NA,0,8,NA,0,2.18579234972678,NA,0,2.18579234972678,743,771.894444444445,0,16.5111111111112,0,2.18579234972678
3,119,32,382,NA,0,8,NA,0,2.13903743315508,NA,0,2.13903743315508,743,788.405555555556,0,16.5111111111112,0,2.13903743315509
4,120,32,390,NA,0,8,NA,0,2.09424083769634,NA,0,2.09424083769634,743,804.916666666667,0,16.5111111111112,0,2.09424083769634
5,121,32,397,NA,0,7,NA,0,1.79487179487179,NA,0,1.79487179487179,743,819.363888888889,0,14.4472222222222,0,1.79487179487179
6,122,33,402,NA,1,5,NA,3.125,1.25944584382872,NA,3.125,1.25944584382872,766.21875,829.683333333334,23.21875,10.3194444444445,3.125,1.25944584382872
7,123,33,408,NA,0,6,NA,0,1.49253731343284,NA,0,1.49253731343284,766.21875,842.066666666667,0,12.3833333333333,0,1.49253731343283
8,124,33,415,NA,0,7,NA,0,1.7156862745098,NA,0,1.7156862745098,766.21875,856.513888888889,0,14.4472222222222,0,1.7156862745098
9,125,33,421,NA,0,6,NA,0,1.44578313253012,NA,0,1.44578313253012,766.21875,868.897222222222,0,12.3833333333333,0,1.44578313253012
10,126,33,428,NA,0,7,NA,0,1.66270783847981,NA,0,1.66270783847981,766.21875,883.344444444445,0,14.4472222222223,0,1.66270783847982
11,127,33,433,NA,0,5,NA,0,1.16822429906542,NA,0,1.16822429906542,766.21875,893.663888888889,0,10.3194444444445,0,1.16822429906542
12,128,33,438,NA,0,5,NA,0,1.15473441108545,NA,0,1.15473441108545,766.21875,903.983333333334,0,10.3194444444445,0,1.15473441108545
13,129,33,442,NA,0,4,NA,0,0.91324200913242,NA,0,0.91324200913242,766.21875,912.238888888889,0,8.25555555555547,0,0.913242009132411
14,130,33,447,NA,0,5,NA,0,1.13122171945701,NA,0,1.13122171945701,766.21875,922.558333333334,0,10.3194444444445,0,1.13122171945701
15,131,34,451,NA,1,4,NA,3.03030303030303,0.894854586129754,NA,3.03030303030303,0.894854586129754,789.4375,930.813888888889,23.21875,8.25555555555547,3.03030303030303,0.894854586129745
16,132,34,455,NA,0,4,NA,0,0.886917960088692,NA,0,0.886917960088692,789.4375,939.069444444444,0,8.25555555555547,0,0.886917960088683
17,133,34,460,NA,0,5,NA,0,1.0989010989011,NA,0,1.0989010989011,789.4375,949.388888888889,0,10.3194444444445,0,1.0989010989011
18,134,34,464,NA,0,4,NA,0,0.869565217391304,NA,0,0.869565217391304,789.4375,957.644444444444,0,8.25555555555547,0,0.869565217391296
19,135,34,467,NA,0,3,NA,0,0.646551724137931,NA,0,0.646551724137931,789.4375,963.836111111111,0,6.19166666666661,0,0.646551724137925
20,136,34,470,NA,0,3,NA,0,0.642398286937901,NA,0,0.642398286937901,789.4375,970.027777777778,0,6.19166666666672,0,0.642398286937907
21,137,34,472,NA,0,2,NA,0,0.425531914893617,NA,0,0.425531914893617,789.4375,974.155555555555,0,4.12777777777762,0,0.425531914893601
22,138,35,475,NA,1,3,NA,2.94117647058824,0.635593220338983,NA,2.94117647058824,0.635593220338983,812.65625,980.347222222222,23.2187499999999,6.19166666666672,2.94117647058822,0.635593220338989
23,139,35,478,NA,0,3,NA,0,0.631578947368421,NA,0,0.631578947368421,812.65625,986.538888888889,0,6.19166666666672,0,0.631578947368427
24,140,35,481,NA,0,3,NA,0,0.627615062761506,NA,0,0.627615062761506,812.65625,992.730555555555,0,6.19166666666661,0,0.6276150627615
25,141,35,484,NA,0,3,NA,0,0.623700623700624,NA,0,0.623700623700624,812.65625,998.922222222222,0,6.19166666666672,0,0.623700623700629
26,142,35,485,NA,0,1,NA,0,0.206611570247934,NA,0,0.206611570247934,812.65625,1000.98611111111,0,2.06388888888887,0,0.206611570247932
27,143,35,487,NA,0,2,NA,0,0.412371134020619,NA,0,0.412371134020619,812.65625,1005.11388888889,0,4.12777777777774,0,0.412371134020615
28,144,35,490,NA,0,3,NA,0,0.616016427104723,NA,0,0.616016427104723,812.65625,1011.30555555556,0,6.19166666666661,0,0.616016427104717
29,NA,NA,492,NA,NA,2,NA,NA,0.408163265306122,NA,NA,0.408163265306122,NA,1015.43333333333,NA,4.12777777777785,NA,0.40816326530613
30,NA,NA,494,NA,NA,2,NA,NA,0.40650406504065,NA,NA,0.40650406504065,NA,1019.56111111111,NA,4.12777777777785,NA,0.406504065040658
31,NA,NA,496,NA,NA,2,NA,NA,0.404858299595142,NA,NA,0.404858299595142,NA,1023.68888888889,NA,4.12777777777774,NA,0.404858299595138
32,NA,NA,498,NA,NA,2,NA,NA,0.403225806451613,NA,NA,0.403225806451613,NA,1027.81666666667,NA,4.12777777777785,NA,0.40322580645162
33,NA,NA,500,NA,NA,2,NA,NA,0.401606425702811,NA,NA,0.401606425702811,NA,1031.94444444444,NA,4.12777777777774,NA,0.401606425702807
34,NA,NA,501,NA,NA,1,NA,NA,0.2,NA,NA,0.2,NA,1034.00833333333,NA,2.06388888888887,NA,0.199999999999998
35,NA,NA,502,NA,NA,1,NA,NA,0.199600798403194,NA,NA,0.199600798403194,NA,1036.07222222222,NA,2.06388888888887,NA,0.199600798403192
36,NA,NA,504,NA,NA,2,NA,NA,0.398406374501992,NA,NA,0.398406374501992,NA,1040.2,NA,4.12777777777774,NA,0.398406374501988
37,NA,NA,505,NA,NA,1,NA,NA,0.198412698412698,NA,NA,0.198412698412698,NA,1042.26388888889,NA,2.06388888888887,NA,0.198412698412696
38,NA,NA,507,NA,NA,2,NA,NA,0.396039603960396,NA,NA,0.396039603960396,NA,1046.39166666667,NA,4.12777777777774,NA,0.396039603960392
39,NA,NA,508,NA,NA,1,NA,NA,0.19723865877712,NA,NA,0.19723865877712,NA,1048.45555555556,NA,2.06388888888887,NA,0.197238658777118
40,NA,NA,509,NA,NA,1,NA,NA,0.196850393700787,NA,NA,0.196850393700787,NA,1050.51944444444,NA,2.06388888888887,NA,0.196850393700786
41,NA,NA,510,NA,NA,1,NA,NA,0.196463654223969,NA,NA,0.196463654223969,NA,1052.58333333333,NA,2.06388888888887,NA,0.196463654223967
42,NA,NA,511,NA,NA,1,NA,NA,0.196078431372549,NA,NA,0.196078431372549,NA,1054.64722222222,NA,2.06388888888887,NA,0.196078431372547
43,NA,NA,512,NA,NA,1,NA,NA,0.195694716242661,NA,NA,0.195694716242661,NA,1056.71111111111,NA,2.06388888888887,NA,0.19569471624266
