"daysFromToday","Day","Korea","Italy","X","dif.Korea","dif.Italy","dif.X","growth.Korea","growth.Italy","growth.X","prj.grKO.X","prj.grIT.X","grKO.prj.tot.X","grIT.prj.tot.X","dif.grKO.prj.tot.X","dif.grIT.prj.tot.X","growth.grKO.prj.tot.X","growth.grIT.prj.tot.X"
-47,NA,NA,NA,58,NA,NA,NA,NA,NA,NA,NA,NA,NA,NA,NA,NA,NA,NA
-46,NA,NA,NA,67,NA,NA,9,NA,NA,15.5172413793103,NA,NA,NA,NA,NA,NA,NA,NA
-45,NA,NA,NA,68,NA,NA,1,NA,NA,1.49253731343284,NA,NA,NA,NA,NA,NA,NA,NA
-44,NA,NA,NA,77,NA,NA,9,NA,NA,13.2352941176471,NA,NA,NA,NA,NA,NA,NA,NA
-43,NA,NA,NA,73,NA,NA,-4,NA,NA,-5.19480519480519,NA,NA,NA,NA,NA,NA,NA,NA
-42,NA,NA,NA,95,NA,NA,22,NA,NA,30.1369863013699,NA,NA,NA,NA,NA,NA,NA,NA
-41,NA,NA,NA,95,NA,NA,0,NA,NA,0,NA,NA,NA,NA,NA,NA,NA,NA
-40,NA,NA,NA,136,NA,NA,41,NA,NA,43.1578947368421,NA,NA,NA,NA,NA,NA,NA,NA
-39,NA,NA,NA,151,NA,NA,15,NA,NA,11.0294117647059,NA,NA,NA,NA,NA,NA,NA,NA
-38,NA,NA,NA,164,NA,NA,13,NA,NA,8.60927152317881,NA,NA,NA,NA,NA,NA,NA,NA
-37,NA,NA,NA,164,NA,NA,0,NA,NA,0,NA,NA,NA,NA,NA,NA,NA,NA
-36,NA,NA,NA,192,NA,NA,28,NA,NA,17.0731707317073,NA,NA,NA,NA,NA,NA,NA,NA
-35,NA,NA,NA,200,NA,NA,8,NA,NA,4.16666666666667,NA,NA,NA,NA,NA,NA,NA,NA
-34,NA,NA,NA,212,NA,NA,12,NA,NA,6,NA,NA,NA,NA,NA,NA,NA,NA
-33,NA,NA,NA,245,NA,NA,33,NA,NA,15.5660377358491,NA,NA,NA,NA,NA,NA,NA,NA
-32,NA,NA,NA,269,NA,NA,24,NA,NA,9.79591836734694,NA,NA,NA,NA,NA,NA,NA,NA
-31,NA,NA,NA,269,NA,NA,0,NA,NA,0,NA,NA,NA,NA,NA,NA,NA,NA
-30,NA,NA,NA,298,NA,NA,29,NA,NA,10.7806691449814,NA,NA,NA,NA,NA,NA,NA,NA
-29,NA,NA,NA,298,NA,NA,0,NA,NA,0,NA,NA,NA,NA,NA,NA,NA,NA
-28,NA,NA,NA,293,NA,NA,-5,NA,NA,-1.67785234899329,NA,NA,NA,NA,NA,NA,NA,NA
-27,NA,NA,NA,303,NA,NA,10,NA,NA,3.41296928327645,NA,NA,NA,NA,NA,NA,NA,NA
-26,NA,NA,NA,315,NA,NA,12,NA,NA,3.96039603960396,NA,NA,NA,NA,NA,NA,NA,NA
-25,NA,NA,NA,332,NA,NA,17,NA,NA,5.3968253968254,NA,NA,NA,NA,NA,NA,NA,NA
-24,NA,NA,NA,337,NA,NA,5,NA,NA,1.50602409638554,NA,NA,NA,NA,NA,NA,NA,NA
-23,NA,NA,NA,340,NA,NA,3,NA,NA,0.890207715133531,NA,NA,NA,NA,NA,NA,NA,NA
-22,NA,NA,NA,342,NA,NA,2,NA,NA,0.588235294117647,NA,NA,NA,NA,NA,NA,NA,NA
-21,NA,NA,NA,342,NA,NA,0,NA,NA,0,NA,NA,NA,NA,NA,NA,NA,NA
-20,NA,NA,NA,393,NA,NA,51,NA,NA,14.9122807017544,NA,NA,NA,NA,NA,NA,NA,NA
-19,NA,NA,NA,363,NA,NA,-30,NA,NA,-7.63358778625954,NA,NA,NA,NA,NA,NA,NA,NA
-18,NA,NA,NA,373,NA,NA,10,NA,NA,2.75482093663912,NA,NA,NA,NA,NA,NA,NA,NA
-17,NA,NA,0,405,NA,NA,32,NA,NA,8.57908847184987,NA,NA,NA,NA,NA,NA,NA,NA
-16,NA,NA,0,421,NA,0,16,NA,NA,3.95061728395062,NA,NA,NA,NA,NA,NA,NA,NA
-15,NA,NA,0,423,NA,0,2,NA,NA,0.475059382422803,NA,NA,NA,NA,NA,NA,NA,NA
-14,NA,NA,0,442,NA,0,19,NA,NA,4.49172576832151,NA,NA,NA,NA,NA,NA,NA,NA
-13,NA,NA,1,552,NA,1,110,NA,Inf,24.8868778280543,NA,NA,NA,NA,NA,NA,NA,NA
-12,NA,NA,1,430,NA,0,-122,NA,0,-22.1014492753623,NA,NA,NA,NA,NA,NA,NA,NA
-11,0,0,1,430,NA,0,0,NA,0,0,NA,NA,NA,NA,NA,NA,NA,NA
-10,1,0,1,462,0,0,32,NA,0,7.44186046511628,NA,NA,NA,NA,NA,NA,NA,NA
-9,2,1,2,474,1,1,12,Inf,100,2.5974025974026,NA,NA,NA,NA,NA,NA,NA,NA
-8,3,1,2,475,0,0,1,0,0,0.210970464135021,NA,NA,NA,NA,NA,NA,NA,NA
-7,4,1,3,475,0,1,0,0,50,0,NA,NA,NA,NA,NA,NA,NA,NA
-6,5,1,4,716,0,1,241,0,33.3333333333333,50.7368421052632,NA,NA,NA,NA,NA,NA,NA,NA
-5,6,2,5,869,1,1,153,100,25,21.3687150837989,NA,NA,NA,NA,NA,NA,NA,NA
-4,7,2,6,869,0,1,0,0,20,0,NA,NA,NA,NA,NA,NA,NA,NA
-3,8,3,7,945,1,1,76,50,16.6666666666667,8.74568469505178,NA,NA,NA,NA,NA,NA,NA,NA
-2,9,4,9,1455,1,2,510,33.3333333333333,28.5714285714286,53.968253968254,NA,NA,NA,NA,NA,NA,NA,NA
-1,10,5,11,1456,1,2,1,25,22.2222222222222,0.0687285223367698,NA,NA,NA,NA,NA,NA,NA,NA
0,11,6,12,1574,1,1,118,20,9.09090909090909,8.1043956043956,NA,NA,1574,1574,118,118,NA,NA
1,12,7,15,NA,1,3,NA,16.6666666666667,25,NA,16.6666666666667,25,1836.33333333333,1967.5,262.333333333333,393.5,16.6666666666666,25
2,13,8,18,NA,1,3,NA,14.2857142857143,20,NA,14.2857142857143,20,2098.66666666667,2361,262.333333333333,393.5,14.2857142857143,20
3,14,9,21,NA,1,3,NA,12.5,16.6666666666667,NA,12.5,16.6666666666667,2361,2754.5,262.333333333333,393.5,12.5,16.6666666666666
4,15,9,25,NA,0,4,NA,0,19.047619047619,NA,0,19.047619047619,2361,3279.16666666667,0,524.666666666667,0,19.047619047619
5,16,10,30,NA,1,5,NA,11.1111111111111,20,NA,11.1111111111111,20,2623.33333333333,3935,262.333333333333,655.833333333333,11.1111111111111,20
6,17,10,34,NA,0,4,NA,0,13.3333333333333,NA,0,13.3333333333333,2623.33333333333,4459.66666666667,0,524.666666666666,0,13.3333333333333
7,18,11,38,NA,1,4,NA,10,11.7647058823529,NA,10,11.7647058823529,2885.66666666667,4984.33333333333,262.333333333333,524.666666666667,10,11.764705882353
8,19,11,43,NA,0,5,NA,0,13.1578947368421,NA,0,13.1578947368421,2885.66666666667,5640.16666666667,0,655.833333333333,0,13.1578947368421
9,20,11,49,NA,0,6,NA,0,13.953488372093,NA,0,13.953488372093,2885.66666666667,6427.16666666667,0,787,0,13.953488372093
10,21,11,56,NA,0,7,NA,0,14.2857142857143,NA,0,14.2857142857143,2885.66666666667,7345.33333333333,0,918.166666666666,0,14.2857142857143
11,22,11,64,NA,0,8,NA,0,14.2857142857143,NA,0,14.2857142857143,2885.66666666667,8394.66666666666,0,1049.33333333333,0,14.2857142857143
12,23,11,71,NA,0,7,NA,0,10.9375,NA,0,10.9375,2885.66666666667,9312.83333333333,0,918.166666666666,0,10.9375
13,24,12,77,NA,1,6,NA,9.09090909090909,8.45070422535211,NA,9.09090909090909,8.45070422535211,3148,10099.8333333333,262.333333333333,786.999999999998,9.09090909090908,8.4507042253521
14,25,12,83,NA,0,6,NA,0,7.79220779220779,NA,0,7.79220779220779,3148,10886.8333333333,0,787,0,7.7922077922078
15,26,12,89,NA,0,6,NA,0,7.2289156626506,NA,0,7.2289156626506,3148,11673.8333333333,0,787,0,7.22891566265061
16,27,12,97,NA,0,8,NA,0,8.98876404494382,NA,0,8.98876404494382,3148,12723.1666666667,0,1049.33333333333,0,8.98876404494381
17,28,12,104,NA,0,7,NA,0,7.21649484536082,NA,0,7.21649484536082,3148,13641.3333333333,0,918.166666666666,0,7.21649484536082
18,29,12,111,NA,0,7,NA,0,6.73076923076923,NA,0,6.73076923076923,3148,14559.5,0,918.166666666666,0,6.73076923076923
19,30,12,117,NA,0,6,NA,0,5.40540540540541,NA,0,5.40540540540541,3148,15346.5,0,786.999999999998,0,5.4054054054054
20,31,13,122,NA,1,5,NA,8.33333333333333,4.27350427350427,NA,8.33333333333333,4.27350427350427,3410.33333333333,16002.3333333333,262.333333333333,655.833333333334,8.33333333333333,4.27350427350428
21,32,13,127,NA,0,5,NA,0,4.0983606557377,NA,0,4.0983606557377,3410.33333333333,16658.1666666667,0,655.833333333332,0,4.0983606557377
22,33,13,133,NA,0,6,NA,0,4.7244094488189,NA,0,4.7244094488189,3410.33333333333,17445.1666666667,0,786.999999999996,0,4.72440944881888
23,34,13,138,NA,0,5,NA,0,3.7593984962406,NA,0,3.7593984962406,3410.33333333333,18101,0,655.833333333332,0,3.7593984962406
24,35,13,144,NA,0,6,NA,0,4.34782608695652,NA,0,4.34782608695652,3410.33333333333,18888,0,787,0,4.34782608695653
25,36,13,149,NA,0,5,NA,0,3.47222222222222,NA,0,3.47222222222222,3410.33333333333,19543.8333333333,0,655.833333333336,0,3.47222222222224
26,37,13,155,NA,0,6,NA,0,4.02684563758389,NA,0,4.02684563758389,3410.33333333333,20330.8333333333,0,787,0,4.02684563758389
27,38,14,159,NA,1,4,NA,7.69230769230769,2.58064516129032,NA,7.69230769230769,2.58064516129032,3672.66666666667,20855.5,262.333333333333,524.666666666668,7.69230769230769,2.58064516129033
28,39,14,163,NA,0,4,NA,0,2.51572327044025,NA,0,2.51572327044025,3672.66666666667,21380.1666666667,0,524.666666666668,0,2.51572327044026
29,40,14,167,NA,0,4,NA,0,2.45398773006135,NA,0,2.45398773006135,3672.66666666667,21904.8333333333,0,524.666666666668,0,2.45398773006136
30,41,14,172,NA,0,5,NA,0,2.9940119760479,NA,0,2.9940119760479,3672.66666666667,22560.6666666667,0,655.833333333332,0,2.9940119760479
31,42,14,177,NA,0,5,NA,0,2.90697674418605,NA,0,2.90697674418605,3672.66666666667,23216.5,0,655.833333333336,0,2.90697674418606
32,43,14,183,NA,0,6,NA,0,3.38983050847458,NA,0,3.38983050847458,3672.66666666667,24003.5,0,786.999999999996,0,3.38983050847456
33,44,14,187,NA,0,4,NA,0,2.18579234972678,NA,0,2.18579234972678,3672.66666666667,24528.1666666667,0,524.666666666668,0,2.18579234972678
34,45,14,191,NA,0,4,NA,0,2.13903743315508,NA,0,2.13903743315508,3672.66666666667,25052.8333333333,0,524.666666666668,0,2.13903743315509
35,46,15,195,NA,1,4,NA,7.14285714285714,2.09424083769634,NA,7.14285714285714,2.09424083769634,3935,25577.5,262.333333333333,524.666666666668,7.14285714285714,2.09424083769634
36,47,15,198,NA,0,3,NA,0,1.53846153846154,NA,0,1.53846153846154,3935,25971,0,393.5,0,1.53846153846154
37,48,15,203,NA,0,5,NA,0,2.52525252525253,NA,0,2.52525252525253,3935,26626.8333333333,0,655.833333333336,0,2.52525252525254
38,49,15,207,NA,0,4,NA,0,1.97044334975369,NA,0,1.97044334975369,3935,27151.5,0,524.666666666664,0,1.97044334975369
39,50,15,211,NA,0,4,NA,0,1.93236714975845,NA,0,1.93236714975845,3935,27676.1666666667,0,524.666666666668,0,1.93236714975846
40,51,15,215,NA,0,4,NA,0,1.8957345971564,NA,0,1.8957345971564,3935,28200.8333333333,0,524.666666666664,0,1.89573459715639
41,52,15,217,NA,0,2,NA,0,0.930232558139535,NA,0,0.930232558139535,3935,28463.1666666667,0,262.333333333332,0,0.930232558139531
42,53,15,221,NA,0,4,NA,0,1.84331797235023,NA,0,1.84331797235023,3935,28987.8333333333,0,524.666666666664,0,1.84331797235022
43,54,15,225,NA,0,4,NA,0,1.80995475113122,NA,0,1.80995475113122,3935,29512.5,0,524.666666666664,0,1.80995475113121
44,55,15,228,NA,0,3,NA,0,1.33333333333333,NA,0,1.33333333333333,3935,29906,0,393.500000000004,0,1.33333333333335
45,56,15,231,NA,0,3,NA,0,1.31578947368421,NA,0,1.31578947368421,3935,30299.5,0,393.499999999996,0,1.3157894736842
46,57,15,234,NA,0,3,NA,0,1.2987012987013,NA,0,1.2987012987013,3935,30693,0,393.499999999996,0,1.29870129870129
47,58,15,237,NA,0,3,NA,0,1.28205128205128,NA,0,1.28205128205128,3935,31086.5,0,393.5,0,1.28205128205128
48,59,15,239,NA,0,2,NA,0,0.843881856540084,NA,0,0.843881856540084,3935,31348.8333333333,0,262.333333333328,0,0.843881856540069
49,60,15,242,NA,0,3,NA,0,1.25523012552301,NA,0,1.25523012552301,3935,31742.3333333333,0,393.500000000004,0,1.25523012552302
50,61,15,244,NA,0,2,NA,0,0.826446280991736,NA,0,0.826446280991736,3935,32004.6666666666,0,262.333333333332,0,0.826446280991732
51,62,15,246,NA,0,2,NA,0,0.819672131147541,NA,0,0.819672131147541,3935,32267,0,262.333333333328,0,0.819672131147526
52,63,15,249,NA,0,3,NA,0,1.21951219512195,NA,0,1.21951219512195,3935,32660.5,0,393.5,0,1.21951219512195
53,64,15,251,NA,0,2,NA,0,0.803212851405622,NA,0,0.803212851405622,3935,32922.8333333333,0,262.333333333339,0,0.803212851405642
54,65,15,253,NA,0,2,NA,0,0.796812749003984,NA,0,0.796812749003984,3935,33185.1666666666,0,262.333333333336,0,0.796812749003992
55,66,15,254,NA,0,1,NA,0,0.395256916996047,NA,0,0.395256916996047,3935,33316.3333333333,0,131.166666666664,0,0.39525691699604
56,67,15,255,NA,0,1,NA,0,0.393700787401575,NA,0,0.393700787401575,3935,33447.5,0,131.166666666664,0,0.393700787401568
57,68,15,257,NA,0,2,NA,0,0.784313725490196,NA,0,0.784313725490196,3935,33709.8333333333,0,262.333333333336,0,0.784313725490204
58,69,15,259,NA,0,2,NA,0,0.778210116731518,NA,0,0.778210116731518,3935,33972.1666666666,0,262.333333333336,0,0.778210116731525
59,70,15,260,NA,0,1,NA,0,0.386100386100386,NA,0,0.386100386100386,3935,34103.3333333333,0,131.166666666664,0,0.386100386100379
60,71,15,262,NA,0,2,NA,0,0.769230769230769,NA,0,0.769230769230769,3935,34365.6666666666,0,262.333333333336,0,0.769230769230777
61,72,15,263,NA,0,1,NA,0,0.381679389312977,NA,0,0.381679389312977,3935,34496.8333333333,0,131.166666666664,0,0.38167938931297
62,73,15,264,NA,0,1,NA,0,0.380228136882129,NA,0,0.380228136882129,3935,34628,0,131.166666666664,0,0.380228136882122
63,74,15,265,NA,0,1,NA,0,0.378787878787879,NA,0,0.378787878787879,3935,34759.1666666666,0,131.166666666672,0,0.378787878787893
64,75,15,266,NA,0,1,NA,0,0.377358490566038,NA,0,0.377358490566038,3935,34890.3333333333,0,131.166666666664,0,0.377358490566031
65,76,15,267,NA,0,1,NA,0,0.37593984962406,NA,0,0.37593984962406,3935,35021.5,0,131.166666666664,0,0.375939849624053
66,77,15,268,NA,0,1,NA,0,0.374531835205993,NA,0,0.374531835205993,3935,35152.6666666666,0,131.166666666664,0,0.374531835205986
67,78,15,269,NA,0,1,NA,0,0.373134328358209,NA,0,0.373134328358209,3935,35283.8333333333,0,131.166666666672,0,0.373134328358223
68,79,15,270,NA,0,1,NA,0,0.371747211895911,NA,0,0.371747211895911,3935,35415,0,131.166666666664,0,0.371747211895904
69,80,15,271,NA,0,1,NA,0,0.37037037037037,NA,0,0.37037037037037,3935,35546.1666666666,0,131.166666666672,0,0.370370370370384
70,81,15,272,NA,0,1,NA,0,0.3690036900369,NA,0,0.3690036900369,3935,35677.3333333333,0,131.166666666664,0,0.369003690036894
71,82,15,273,NA,0,1,NA,0,0.367647058823529,NA,0,0.367647058823529,3935,35808.5,0,131.166666666664,0,0.367647058823523
72,83,16,273,NA,1,0,NA,6.66666666666667,0,NA,6.66666666666667,0,4197.33333333333,35808.5,262.333333333333,0,6.66666666666666,0
73,84,16,274,NA,0,1,NA,0,0.366300366300366,NA,0,0.366300366300366,4197.33333333333,35939.6666666666,0,131.166666666664,0,0.36630036630036
74,85,16,275,NA,0,1,NA,0,0.364963503649635,NA,0,0.364963503649635,4197.33333333333,36070.8333333333,0,131.166666666664,0,0.364963503649629
75,86,16,276,NA,0,1,NA,0,0.363636363636364,NA,0,0.363636363636364,4197.33333333333,36202,0,131.166666666664,0,0.363636363636357
76,87,16,276,NA,0,0,NA,0,0,NA,0,0,4197.33333333333,36202,0,0,0,0
77,88,16,276,NA,0,0,NA,0,0,NA,0,0,4197.33333333333,36202,0,0,0,0
78,89,16,277,NA,0,1,NA,0,0.36231884057971,NA,0,0.36231884057971,4197.33333333333,36333.1666666666,0,131.166666666664,0,0.362318840579704
79,90,16,278,NA,0,1,NA,0,0.36101083032491,NA,0,0.36101083032491,4197.33333333333,36464.3333333333,0,131.166666666672,0,0.361010830324923
80,91,16,278,NA,0,0,NA,0,0,NA,0,0,4197.33333333333,36464.3333333333,0,0,0,0
81,92,16,279,NA,0,1,NA,0,0.359712230215827,NA,0,0.359712230215827,4197.33333333333,36595.5,0,131.166666666664,0,0.359712230215821
82,93,16,279,NA,0,0,NA,0,0,NA,0,0,4197.33333333333,36595.5,0,0,0,0
83,94,16,280,NA,0,1,NA,0,0.3584229390681,NA,0,0.3584229390681,4197.33333333333,36726.6666666666,0,131.166666666664,0,0.358422939068094
84,95,16,280,NA,0,0,NA,0,0,NA,0,0,4197.33333333333,36726.6666666666,0,0,0,0
85,96,16,NA,NA,0,NA,NA,0,NA,NA,0,NA,4197.33333333333,NA,0,NA,0,NA
86,97,16,NA,NA,0,NA,NA,0,NA,NA,0,NA,4197.33333333333,NA,0,NA,0,NA
87,98,16,NA,NA,0,NA,NA,0,NA,NA,0,NA,4197.33333333333,NA,0,NA,0,NA
88,99,16,NA,NA,0,NA,NA,0,NA,NA,0,NA,4197.33333333333,NA,0,NA,0,NA
89,100,16,NA,NA,0,NA,NA,0,NA,NA,0,NA,4197.33333333333,NA,0,NA,0,NA
90,101,16,NA,NA,0,NA,NA,0,NA,NA,0,NA,4197.33333333333,NA,0,NA,0,NA
91,102,16,NA,NA,0,NA,NA,0,NA,NA,0,NA,4197.33333333333,NA,0,NA,0,NA
92,103,16,NA,NA,0,NA,NA,0,NA,NA,0,NA,4197.33333333333,NA,0,NA,0,NA
