"daysFromToday","Day","Korea","Italy","X","dif.Korea","dif.Italy","dif.X","growth.Korea","growth.Italy","growth.X","prj.grKO.X","prj.grIT.X","grKO.prj.tot.X","grIT.prj.tot.X","dif.grKO.prj.tot.X","dif.grIT.prj.tot.X","growth.grKO.prj.tot.X","growth.grIT.prj.tot.X"
-176,0,1,NA,NA,NA,NA,NA,NA,NA,NA,NA,NA,NA,NA,NA,NA,NA,NA
-175,1,2,NA,NA,1,NA,NA,100,NA,NA,NA,NA,NA,NA,NA,NA,NA,NA
-174,2,5,NA,NA,3,NA,NA,150,NA,NA,NA,NA,NA,NA,NA,NA,NA,NA
-173,3,7,NA,NA,2,NA,NA,40,NA,NA,NA,NA,NA,NA,NA,NA,NA,NA
-172,4,10,NA,NA,3,NA,NA,42.8571428571429,NA,NA,NA,NA,NA,NA,NA,NA,NA,NA
-171,5,12,NA,NA,2,NA,NA,20,NA,NA,NA,NA,NA,NA,NA,NA,NA,NA
-170,6,15,NA,NA,3,NA,NA,25,NA,NA,NA,NA,NA,NA,NA,NA,NA,NA
-169,7,21,NA,NA,6,NA,NA,40,NA,NA,NA,NA,NA,NA,NA,NA,NA,NA
-168,8,28,NA,NA,7,NA,NA,33.3333333333333,NA,NA,NA,NA,NA,NA,NA,NA,NA,NA
-167,9,38,NA,NA,10,NA,NA,35.7142857142857,NA,NA,NA,NA,NA,NA,NA,NA,NA,NA
-166,10,45,NA,NA,7,NA,NA,18.4210526315789,NA,NA,NA,NA,NA,NA,NA,NA,NA,NA
-165,11,53,NA,NA,8,NA,NA,17.7777777777778,NA,NA,NA,NA,NA,NA,NA,NA,NA,NA
-164,12,63,NA,NA,10,NA,NA,18.8679245283019,NA,NA,NA,NA,NA,NA,NA,NA,NA,NA
-163,13,68,NA,NA,5,NA,NA,7.93650793650794,NA,NA,NA,NA,NA,NA,NA,NA,NA,NA
-162,14,74,NA,NA,6,NA,NA,8.82352941176471,NA,NA,NA,NA,NA,NA,NA,NA,NA,NA
-161,15,80,NA,NA,6,NA,NA,8.10810810810811,NA,NA,NA,NA,NA,NA,NA,NA,NA,NA
-160,16,86,NA,NA,6,NA,NA,7.5,NA,NA,NA,NA,NA,NA,NA,NA,NA,NA
-159,17,89,NA,NA,3,NA,NA,3.48837209302326,NA,NA,NA,NA,NA,NA,NA,NA,NA,NA
-158,18,91,NA,NA,2,NA,NA,2.24719101123596,NA,NA,NA,NA,NA,NA,NA,NA,NA,NA
-157,19,91,NA,NA,0,NA,NA,0,NA,NA,NA,NA,NA,NA,NA,NA,NA,NA
-156,20,94,NA,NA,3,NA,NA,3.2967032967033,NA,NA,NA,NA,NA,NA,NA,NA,NA,NA
-155,21,96,NA,NA,2,NA,NA,2.12765957446809,NA,NA,NA,NA,NA,NA,NA,NA,NA,NA
-154,22,97,NA,NA,1,NA,NA,1.04166666666667,NA,NA,NA,NA,NA,NA,NA,NA,NA,NA
-153,23,98,NA,NA,1,NA,NA,1.03092783505155,NA,NA,NA,NA,NA,NA,NA,NA,NA,NA
-152,24,99,NA,NA,1,NA,NA,1.02040816326531,NA,NA,NA,NA,NA,NA,NA,NA,NA,NA
-151,25,100,NA,NA,1,NA,NA,1.01010101010101,NA,NA,NA,NA,NA,NA,NA,NA,NA,NA
-150,26,101,NA,NA,1,NA,NA,1,NA,NA,NA,NA,NA,NA,NA,NA,NA,NA
-149,27,102,NA,NA,1,NA,NA,0.99009900990099,NA,NA,NA,NA,NA,NA,NA,NA,NA,NA
-148,28,104,NA,NA,2,NA,NA,1.96078431372549,NA,NA,NA,NA,NA,NA,NA,NA,NA,NA
-147,29,105,NA,NA,1,NA,NA,0.961538461538462,NA,NA,NA,NA,NA,NA,NA,NA,NA,NA
-146,30,107,NA,NA,2,NA,NA,1.9047619047619,NA,NA,NA,NA,NA,NA,NA,NA,NA,NA
-145,31,108,NA,NA,1,NA,NA,0.934579439252336,NA,NA,NA,NA,NA,NA,NA,NA,NA,NA
-144,32,109,NA,NA,1,NA,NA,0.925925925925926,NA,NA,NA,NA,NA,NA,NA,NA,NA,NA
-143,33,110,NA,NA,1,NA,NA,0.917431192660551,NA,NA,NA,NA,NA,NA,NA,NA,NA,NA
-142,34,111,NA,NA,1,NA,NA,0.909090909090909,NA,NA,NA,NA,NA,NA,NA,NA,NA,NA
-141,35,112,NA,NA,1,NA,NA,0.900900900900901,NA,NA,NA,NA,NA,NA,NA,NA,NA,NA
-140,36,114,NA,NA,2,NA,NA,1.78571428571429,NA,NA,NA,NA,NA,NA,NA,NA,NA,NA
-139,37,115,NA,NA,1,NA,NA,0.87719298245614,NA,NA,NA,NA,NA,NA,NA,NA,NA,NA
-138,38,117,NA,NA,2,NA,NA,1.73913043478261,NA,NA,NA,NA,NA,NA,NA,NA,NA,NA
-137,39,118,NA,NA,1,NA,NA,0.854700854700855,NA,NA,NA,NA,NA,NA,NA,NA,NA,NA
-136,40,119,NA,NA,1,NA,NA,0.847457627118644,NA,NA,NA,NA,NA,NA,NA,NA,NA,NA
-135,41,120,NA,NA,1,NA,NA,0.840336134453782,NA,NA,NA,NA,NA,NA,NA,NA,NA,NA
-134,42,121,NA,NA,1,NA,NA,0.833333333333333,NA,NA,NA,NA,NA,NA,NA,NA,NA,NA
-133,43,122,NA,NA,1,NA,NA,0.826446280991736,NA,NA,NA,NA,NA,NA,NA,NA,NA,NA
-132,44,124,NA,NA,2,NA,NA,1.63934426229508,NA,NA,NA,NA,NA,NA,NA,NA,NA,NA
-131,45,125,NA,NA,1,NA,NA,0.806451612903226,NA,NA,NA,NA,NA,NA,NA,NA,NA,NA
-130,46,125,NA,NA,0,NA,NA,0,NA,NA,NA,NA,NA,NA,NA,NA,NA,NA
-129,47,126,NA,NA,1,NA,NA,0.8,NA,NA,NA,NA,NA,NA,NA,NA,NA,NA
-128,48,126,NA,NA,0,NA,NA,0,NA,NA,NA,NA,NA,NA,NA,NA,NA,NA
-127,49,127,NA,NA,1,NA,NA,0.793650793650794,NA,NA,NA,NA,NA,NA,NA,NA,NA,NA
-126,50,127,NA,NA,0,NA,NA,0,NA,NA,NA,NA,NA,NA,NA,NA,NA,NA
-125,51,128,NA,NA,1,NA,NA,0.78740157480315,NA,NA,NA,NA,NA,NA,NA,NA,NA,NA
-124,52,128,NA,NA,0,NA,NA,0,NA,NA,NA,NA,NA,NA,NA,NA,NA,NA
-123,53,128,NA,NA,0,NA,NA,0,NA,NA,NA,NA,NA,NA,NA,NA,NA,NA
-122,54,129,NA,NA,1,NA,NA,0.78125,NA,NA,NA,NA,NA,NA,NA,NA,NA,NA
-121,55,129,NA,NA,0,NA,NA,0,NA,NA,NA,NA,NA,NA,NA,NA,NA,NA
-120,56,129,NA,NA,0,NA,NA,0,NA,NA,NA,NA,NA,NA,NA,NA,NA,NA
-119,57,129,NA,NA,0,NA,NA,0,NA,NA,NA,NA,NA,NA,NA,NA,NA,NA
-118,58,130,NA,NA,1,NA,NA,0.775193798449612,NA,NA,NA,NA,NA,NA,NA,NA,NA,NA
-117,59,130,NA,NA,0,NA,NA,0,NA,NA,NA,NA,NA,NA,NA,NA,NA,NA
-116,60,130,NA,NA,0,NA,NA,0,NA,NA,NA,NA,NA,NA,NA,NA,NA,NA
-115,61,130,NA,NA,0,NA,NA,0,NA,NA,NA,NA,NA,NA,NA,NA,NA,NA
-114,62,130,NA,NA,0,NA,NA,0,NA,NA,NA,NA,NA,NA,NA,NA,NA,NA
-113,63,130,NA,NA,0,NA,NA,0,NA,NA,NA,NA,NA,NA,NA,NA,NA,NA
-112,64,130,NA,NA,0,NA,NA,0,NA,NA,NA,NA,NA,NA,NA,NA,NA,NA
-111,65,131,NA,NA,1,NA,NA,0.769230769230769,NA,NA,NA,NA,NA,NA,NA,NA,NA,NA
-110,66,131,NA,NA,0,NA,NA,0,NA,NA,NA,NA,NA,NA,NA,NA,NA,NA
-109,67,131,NA,NA,0,NA,NA,0,NA,NA,NA,NA,NA,NA,NA,NA,NA,NA
-108,68,131,NA,NA,0,NA,NA,0,NA,NA,NA,NA,NA,NA,NA,NA,NA,NA
-107,69,131,NA,NA,0,NA,NA,0,NA,NA,NA,NA,NA,NA,NA,NA,NA,NA
-106,70,131,NA,NA,0,NA,NA,0,NA,NA,NA,NA,NA,NA,NA,NA,NA,NA
-105,71,131,NA,NA,0,NA,NA,0,NA,NA,NA,NA,NA,NA,NA,NA,NA,NA
-104,72,131,NA,NA,0,NA,NA,0,NA,NA,NA,NA,NA,NA,NA,NA,NA,NA
-103,73,131,NA,NA,0,NA,NA,0,NA,NA,NA,NA,NA,NA,NA,NA,NA,NA
-102,74,131,NA,NA,0,NA,NA,0,NA,NA,NA,NA,NA,NA,NA,NA,NA,NA
-101,75,132,NA,NA,1,NA,NA,0.763358778625954,NA,NA,NA,NA,NA,NA,NA,NA,NA,NA
-100,76,132,NA,NA,0,NA,NA,0,NA,NA,NA,NA,NA,NA,NA,NA,NA,NA
-99,77,132,NA,NA,0,NA,NA,0,NA,NA,NA,NA,NA,NA,NA,NA,NA,NA
-98,78,132,NA,NA,0,NA,NA,0,NA,NA,NA,NA,NA,NA,NA,NA,NA,NA
-97,79,132,NA,NA,0,NA,NA,0,NA,NA,NA,NA,NA,NA,NA,NA,NA,NA
-96,80,133,NA,NA,1,NA,NA,0.757575757575758,NA,NA,NA,NA,NA,NA,NA,NA,NA,NA
-95,81,133,NA,NA,0,NA,NA,0,NA,NA,NA,NA,NA,NA,NA,NA,NA,NA
-94,82,133,NA,NA,0,NA,NA,0,NA,NA,NA,NA,NA,NA,NA,NA,NA,NA
-93,83,134,NA,NA,1,NA,NA,0.75187969924812,NA,NA,NA,NA,NA,NA,NA,NA,NA,NA
-92,84,134,NA,NA,0,NA,NA,0,NA,NA,NA,NA,NA,NA,NA,NA,NA,NA
-91,85,134,NA,NA,0,NA,NA,0,NA,NA,NA,NA,NA,NA,NA,NA,NA,NA
-90,86,134,NA,NA,0,NA,NA,0,NA,NA,NA,NA,NA,NA,NA,NA,NA,NA
-89,87,135,NA,NA,1,NA,NA,0.746268656716418,NA,NA,NA,NA,NA,NA,NA,NA,NA,NA
-88,88,135,NA,NA,0,NA,NA,0,NA,NA,NA,NA,NA,NA,NA,NA,NA,NA
-87,89,135,NA,NA,0,NA,NA,0,NA,NA,NA,NA,NA,NA,NA,NA,NA,NA
-86,90,135,NA,NA,0,NA,NA,0,NA,NA,NA,NA,NA,NA,NA,NA,NA,NA
-85,91,136,NA,NA,1,NA,NA,0.740740740740741,NA,NA,NA,NA,NA,NA,NA,NA,NA,NA
-84,92,136,NA,NA,0,NA,NA,0,NA,NA,NA,NA,NA,NA,NA,NA,NA,NA
-83,93,136,NA,NA,0,NA,NA,0,NA,NA,NA,NA,NA,NA,NA,NA,NA,NA
-82,94,136,NA,NA,0,NA,NA,0,NA,NA,NA,NA,NA,NA,NA,NA,NA,NA
-81,95,137,NA,NA,1,NA,NA,0.735294117647059,NA,NA,NA,NA,NA,NA,NA,NA,NA,NA
-80,96,137,NA,NA,0,NA,NA,0,NA,NA,NA,NA,NA,NA,NA,NA,NA,NA
-79,97,138,NA,NA,1,NA,NA,0.72992700729927,NA,NA,NA,NA,NA,NA,NA,NA,NA,NA
-78,98,139,NA,NA,1,NA,NA,0.72463768115942,NA,NA,NA,NA,NA,NA,NA,NA,NA,NA
-77,99,139,NA,NA,0,NA,NA,0,NA,NA,NA,NA,NA,NA,NA,NA,NA,NA
-76,100,140,NA,NA,1,NA,NA,0.719424460431655,NA,NA,NA,NA,NA,NA,NA,NA,NA,NA
-75,101,140,NA,NA,0,NA,NA,0,NA,NA,NA,NA,NA,NA,NA,NA,NA,NA
-74,102,140,NA,NA,0,NA,NA,0,NA,NA,NA,NA,NA,NA,NA,NA,NA,NA
-73,103,141,2,NA,1,NA,NA,0.714285714285714,NA,NA,NA,NA,NA,NA,NA,NA,NA,NA
-72,104,142,2,NA,1,0,NA,0.709219858156028,0,NA,NA,NA,NA,NA,NA,NA,NA,NA
-71,105,142,3,NA,0,1,NA,0,50,NA,NA,NA,NA,NA,NA,NA,NA,NA
-70,106,143,5,NA,1,2,NA,0.704225352112676,66.6666666666667,NA,NA,NA,NA,NA,NA,NA,NA,NA
-69,107,143,7,NA,0,2,NA,0,40,NA,NA,NA,NA,NA,NA,NA,NA,NA
-68,108,144,9,NA,1,2,NA,0.699300699300699,28.5714285714286,NA,NA,NA,NA,NA,NA,NA,NA,NA
-67,109,144,12,NA,0,3,NA,0,33.3333333333333,NA,NA,NA,NA,NA,NA,NA,NA,NA
-66,110,145,17,NA,1,5,NA,0.694444444444444,41.6666666666667,NA,NA,NA,NA,NA,NA,NA,NA,NA
-65,111,145,21,NA,0,4,NA,0,23.5294117647059,NA,NA,NA,NA,NA,NA,NA,NA,NA
-64,112,146,26,NA,1,5,NA,0.689655172413793,23.8095238095238,NA,NA,NA,NA,NA,NA,NA,NA,NA
-63,113,147,32,NA,1,6,NA,0.684931506849315,23.0769230769231,NA,NA,NA,NA,NA,NA,NA,NA,NA
-62,114,147,40,NA,0,8,NA,0,25,NA,NA,NA,NA,NA,NA,NA,NA,NA
-61,115,148,48,NA,1,8,NA,0.680272108843537,20,NA,NA,NA,NA,NA,NA,NA,NA,NA
-60,116,148,61,1128,0,13,NA,0,27.0833333333333,NA,NA,NA,NA,NA,NA,NA,NA,NA
-59,117,148,76,1131,0,15,3,0,24.5901639344262,0.265957446808511,NA,NA,NA,NA,NA,NA,NA,NA
-58,118,149,95,1130,1,19,0,0.675675675675676,25,0,NA,NA,NA,NA,NA,NA,NA,NA
-57,119,150,105,1135,1,10,5,0.671140939597315,10.5263157894737,0.442477876106195,NA,NA,NA,NA,NA,NA,NA,NA
-56,120,151,129,1144,1,24,9,0.666666666666667,22.8571428571429,0.79295154185022,NA,NA,NA,NA,NA,NA,NA,NA
-55,121,151,156,1147,0,27,3,0,20.9302325581395,0.262237762237762,NA,NA,NA,NA,NA,NA,NA,NA
-54,122,151,182,1159,0,26,12,0,16.6666666666667,1.0462074978204,NA,NA,NA,NA,NA,NA,NA,NA
-53,123,152,218,1163,1,36,4,0.662251655629139,19.7802197802198,0.345125107851596,NA,NA,NA,NA,NA,NA,NA,NA
-52,124,153,255,1164,1,37,1,0.657894736842105,16.9724770642202,0.0859845227858985,NA,NA,NA,NA,NA,NA,NA,NA
-51,125,153,289,1184,0,34,20,0,13.3333333333333,1.71821305841924,NA,NA,NA,NA,NA,NA,NA,NA
-50,126,153,325,1191,0,36,7,0,12.4567474048443,0.591216216216216,NA,NA,NA,NA,NA,NA,NA,NA
-49,127,154,369,1198,1,44,7,0.65359477124183,13.5384615384615,0.587741393786734,NA,NA,NA,NA,NA,NA,NA,NA
-48,128,155,423,1200,1,54,2,0.649350649350649,14.6341463414634,0.1669449081803,NA,NA,NA,NA,NA,NA,NA,NA
-47,129,155,485,1202,0,62,2,0,14.6572104018913,0.166666666666667,NA,NA,NA,NA,NA,NA,NA,NA
-46,130,156,553,1208,1,68,6,0.645161290322581,14.020618556701,0.499168053244592,NA,NA,NA,NA,NA,NA,NA,NA
-45,131,156,610,1208,0,57,0,0,10.3074141048825,0,NA,NA,NA,NA,NA,NA,NA,NA
-44,132,157,660,1210,1,50,2,0.641025641025641,8.19672131147541,0.165562913907285,NA,NA,NA,NA,NA,NA,NA,NA
-43,133,158,714,1227,1,54,17,0.636942675159236,8.18181818181818,1.40495867768595,NA,NA,NA,NA,NA,NA,NA,NA
-42,134,159,768,1236,1,54,9,0.632911392405063,7.56302521008403,0.733496332518337,NA,NA,NA,NA,NA,NA,NA,NA
-41,135,159,832,1238,0,64,2,0,8.33333333333333,0.161812297734628,NA,NA,NA,NA,NA,NA,NA,NA
-40,136,160,893,1249,1,61,11,0.628930817610063,7.33173076923077,0.888529886914378,NA,NA,NA,NA,NA,NA,NA,NA
-39,137,160,954,1251,0,61,2,0,6.83090705487122,0.160128102481986,NA,NA,NA,NA,NA,NA,NA,NA
-38,138,161,1008,1254,1,54,3,0.625,5.66037735849057,0.239808153477218,NA,NA,NA,NA,NA,NA,NA,NA
-37,139,162,1050,1256,1,42,2,0.62111801242236,4.16666666666667,0.159489633173844,NA,NA,NA,NA,NA,NA,NA,NA
-36,140,162,1092,1272,0,42,16,0,4,1.27388535031847,NA,NA,NA,NA,NA,NA,NA,NA
-35,141,163,1141,1277,1,49,5,0.617283950617284,4.48717948717949,0.393081761006289,NA,NA,NA,NA,NA,NA,NA,NA
-34,142,163,1189,1283,0,48,6,0,4.2068361086766,0.469851213782302,NA,NA,NA,NA,NA,NA,NA,NA
-33,143,164,1237,1296,1,48,13,0.613496932515337,4.03700588730025,1.01325019485581,NA,NA,NA,NA,NA,NA,NA,NA
-32,144,164,1286,1301,0,49,5,0,3.96119644300728,0.385802469135802,NA,NA,NA,NA,NA,NA,NA,NA
-31,145,165,1331,1305,1,45,4,0.609756097560976,3.49922239502333,0.307455803228286,NA,NA,NA,NA,NA,NA,NA,NA
-30,146,166,1368,1318,1,37,13,0.606060606060606,2.77986476333584,0.996168582375479,NA,NA,NA,NA,NA,NA,NA,NA
-29,147,166,1399,1325,0,31,7,0,2.26608187134503,0.531107738998483,NA,NA,NA,NA,NA,NA,NA,NA
-28,148,167,1439,1334,1,40,9,0.602409638554217,2.85918513223731,0.679245283018868,NA,NA,NA,NA,NA,NA,NA,NA
-27,149,167,1482,1338,0,43,4,0,2.98818624044475,0.299850074962519,NA,NA,NA,NA,NA,NA,NA,NA
-26,150,168,1523,1350,1,41,12,0.598802395209581,2.76653171390014,0.896860986547085,NA,NA,NA,NA,NA,NA,NA,NA
-25,151,168,1571,1360,0,48,10,0,3.15167432698621,0.740740740740741,NA,NA,NA,NA,NA,NA,NA,NA
-24,152,169,1614,1366,1,43,6,0.595238095238095,2.73711012094207,0.441176470588235,NA,NA,NA,NA,NA,NA,NA,NA
-23,153,170,1646,1366,1,32,0,0.591715976331361,1.98265179677819,0,NA,NA,NA,NA,NA,NA,NA,NA
-22,154,170,1677,1377,0,31,11,0,1.88335358444714,0.805270863836018,NA,NA,NA,NA,NA,NA,NA,NA
-21,155,172,1704,1385,2,27,8,1.17647058823529,1.61001788908766,0.580973129992738,NA,NA,NA,NA,NA,NA,NA,NA
-20,156,172,1744,1396,0,40,11,0,2.34741784037559,0.794223826714801,NA,NA,NA,NA,NA,NA,NA,NA
-19,157,173,1780,1400,1,36,4,0.581395348837209,2.06422018348624,0.286532951289398,NA,NA,NA,NA,NA,NA,NA,NA
-18,158,173,1816,1402,0,36,2,0,2.02247191011236,0.142857142857143,NA,NA,NA,NA,NA,NA,NA,NA
-17,159,173,1847,1405,0,31,3,0,1.70704845814978,0.21398002853067,NA,NA,NA,NA,NA,NA,NA,NA
-16,160,174,1870,1406,1,23,1,0.578034682080925,1.24526258798051,0.0711743772241993,NA,NA,NA,NA,NA,NA,NA,NA
-15,161,174,1899,1407,0,29,1,0,1.55080213903743,0.0711237553342817,NA,NA,NA,NA,NA,NA,NA,NA
-14,162,174,1933,1414,0,34,7,0,1.79041600842549,0.497512437810945,NA,NA,NA,NA,NA,NA,NA,NA
-13,163,175,1961,1421,1,28,7,0.574712643678161,1.44852560786342,0.495049504950495,NA,NA,NA,NA,NA,NA,NA,NA
-12,164,175,1992,1426,0,31,5,0,1.580826109128,0.351864883884588,NA,NA,NA,NA,NA,NA,NA,NA
-11,165,176,2016,1427,1,24,1,0.571428571428571,1.20481927710843,0.0701262272089762,NA,NA,NA,NA,NA,NA,NA,NA
-10,166,176,2040,1431,0,24,4,0,1.19047619047619,0.28030833917309,NA,NA,NA,NA,NA,NA,NA,NA
-9,167,176,2058,1436,0,18,5,0,0.882352941176471,0.349406009783368,NA,NA,NA,NA,NA,NA,NA,NA
-8,168,177,2080,1445,1,22,9,0.568181818181818,1.0689990281827,0.626740947075209,NA,NA,NA,NA,NA,NA,NA,NA
-7,169,177,2101,1448,0,21,3,0,1.00961538461538,0.207612456747405,NA,NA,NA,NA,NA,NA,NA,NA
-6,170,178,2120,1454,1,19,6,0.564971751412429,0.904331270823417,0.414364640883978,NA,NA,NA,NA,NA,NA,NA,NA
-5,171,178,2141,1459,0,21,5,0,0.990566037735849,0.343878954607978,NA,NA,NA,NA,NA,NA,NA,NA
-4,172,178,2160,1462,0,19,3,0,0.887435777673984,0.205620287868403,NA,NA,NA,NA,NA,NA,NA,NA
-3,173,179,2175,1472,1,15,10,0.561797752808989,0.694444444444444,0.683994528043776,NA,NA,NA,NA,NA,NA,NA,NA
-2,174,180,2187,1478,1,12,6,0.558659217877095,0.551724137931034,0.407608695652174,NA,NA,NA,NA,NA,NA,NA,NA
-1,175,181,2198,1484,1,11,6,0.555555555555556,0.50297210791038,0.40595399188092,NA,NA,NA,NA,NA,NA,NA,NA
0,176,183,2213,1501,2,15,17,1.10497237569061,0.682438580527753,1.1455525606469,NA,NA,1501,1501,17,17,NA,NA
