"daysFromToday","Day","Korea","Italy","X","dif.Korea","dif.Italy","dif.X","growth.Korea","growth.Italy","growth.X","prj.grKO.X","prj.grIT.X","grKO.prj.tot.X","grIT.prj.tot.X","dif.grKO.prj.tot.X","dif.grIT.prj.tot.X","growth.grKO.prj.tot.X","growth.grIT.prj.tot.X"
-46,NA,NA,NA,58,NA,NA,NA,NA,NA,NA,NA,NA,NA,NA,NA,NA,NA,NA
-45,NA,NA,NA,67,NA,NA,9,NA,NA,15.5172413793103,NA,NA,NA,NA,NA,NA,NA,NA
-44,NA,NA,NA,68,NA,NA,1,NA,NA,1.49253731343284,NA,NA,NA,NA,NA,NA,NA,NA
-43,NA,NA,NA,77,NA,NA,9,NA,NA,13.2352941176471,NA,NA,NA,NA,NA,NA,NA,NA
-42,NA,NA,NA,73,NA,NA,-4,NA,NA,-5.19480519480519,NA,NA,NA,NA,NA,NA,NA,NA
-41,NA,NA,NA,95,NA,NA,22,NA,NA,30.1369863013699,NA,NA,NA,NA,NA,NA,NA,NA
-40,NA,NA,NA,95,NA,NA,0,NA,NA,0,NA,NA,NA,NA,NA,NA,NA,NA
-39,NA,NA,NA,136,NA,NA,41,NA,NA,43.1578947368421,NA,NA,NA,NA,NA,NA,NA,NA
-38,NA,NA,NA,151,NA,NA,15,NA,NA,11.0294117647059,NA,NA,NA,NA,NA,NA,NA,NA
-37,NA,NA,NA,164,NA,NA,13,NA,NA,8.60927152317881,NA,NA,NA,NA,NA,NA,NA,NA
-36,NA,NA,NA,164,NA,NA,0,NA,NA,0,NA,NA,NA,NA,NA,NA,NA,NA
-35,NA,NA,NA,192,NA,NA,28,NA,NA,17.0731707317073,NA,NA,NA,NA,NA,NA,NA,NA
-34,NA,NA,NA,200,NA,NA,8,NA,NA,4.16666666666667,NA,NA,NA,NA,NA,NA,NA,NA
-33,NA,NA,NA,212,NA,NA,12,NA,NA,6,NA,NA,NA,NA,NA,NA,NA,NA
-32,NA,NA,NA,245,NA,NA,33,NA,NA,15.5660377358491,NA,NA,NA,NA,NA,NA,NA,NA
-31,NA,NA,NA,269,NA,NA,24,NA,NA,9.79591836734694,NA,NA,NA,NA,NA,NA,NA,NA
-30,NA,NA,NA,269,NA,NA,0,NA,NA,0,NA,NA,NA,NA,NA,NA,NA,NA
-29,NA,NA,NA,298,NA,NA,29,NA,NA,10.7806691449814,NA,NA,NA,NA,NA,NA,NA,NA
-28,NA,NA,NA,298,NA,NA,0,NA,NA,0,NA,NA,NA,NA,NA,NA,NA,NA
-27,NA,NA,NA,293,NA,NA,-5,NA,NA,-1.67785234899329,NA,NA,NA,NA,NA,NA,NA,NA
-26,NA,NA,NA,303,NA,NA,10,NA,NA,3.41296928327645,NA,NA,NA,NA,NA,NA,NA,NA
-25,NA,NA,NA,315,NA,NA,12,NA,NA,3.96039603960396,NA,NA,NA,NA,NA,NA,NA,NA
-24,NA,NA,NA,332,NA,NA,17,NA,NA,5.3968253968254,NA,NA,NA,NA,NA,NA,NA,NA
-23,NA,NA,NA,337,NA,NA,5,NA,NA,1.50602409638554,NA,NA,NA,NA,NA,NA,NA,NA
-22,NA,NA,NA,340,NA,NA,3,NA,NA,0.890207715133531,NA,NA,NA,NA,NA,NA,NA,NA
-21,NA,NA,NA,342,NA,NA,2,NA,NA,0.588235294117647,NA,NA,NA,NA,NA,NA,NA,NA
-20,NA,NA,NA,342,NA,NA,0,NA,NA,0,NA,NA,NA,NA,NA,NA,NA,NA
-19,NA,NA,NA,393,NA,NA,51,NA,NA,14.9122807017544,NA,NA,NA,NA,NA,NA,NA,NA
-18,NA,NA,NA,363,NA,NA,-30,NA,NA,-7.63358778625954,NA,NA,NA,NA,NA,NA,NA,NA
-17,NA,NA,NA,373,NA,NA,10,NA,NA,2.75482093663912,NA,NA,NA,NA,NA,NA,NA,NA
-16,NA,NA,0,405,NA,NA,32,NA,NA,8.57908847184987,NA,NA,NA,NA,NA,NA,NA,NA
-15,NA,NA,0,421,NA,0,16,NA,NA,3.95061728395062,NA,NA,NA,NA,NA,NA,NA,NA
-14,NA,NA,0,423,NA,0,2,NA,NA,0.475059382422803,NA,NA,NA,NA,NA,NA,NA,NA
-13,NA,NA,0,442,NA,0,19,NA,NA,4.49172576832151,NA,NA,NA,NA,NA,NA,NA,NA
-12,NA,NA,1,552,NA,1,110,NA,Inf,24.8868778280543,NA,NA,NA,NA,NA,NA,NA,NA
-11,NA,NA,1,430,NA,0,-122,NA,0,-22.1014492753623,NA,NA,NA,NA,NA,NA,NA,NA
-10,NA,NA,1,430,NA,0,0,NA,0,0,NA,NA,NA,NA,NA,NA,NA,NA
-9,0,0,1,462,NA,0,32,NA,0,7.44186046511628,NA,NA,NA,NA,NA,NA,NA,NA
-8,1,0,2,474,0,1,12,NA,100,2.5974025974026,NA,NA,NA,NA,NA,NA,NA,NA
-7,2,1,2,475,1,0,1,Inf,0,0.210970464135021,NA,NA,NA,NA,NA,NA,NA,NA
-6,3,1,3,475,0,1,0,0,50,0,NA,NA,NA,NA,NA,NA,NA,NA
-5,4,1,4,716,0,1,241,0,33.3333333333333,50.7368421052632,NA,NA,NA,NA,NA,NA,NA,NA
-4,5,1,5,869,0,1,153,0,25,21.3687150837989,NA,NA,NA,NA,NA,NA,NA,NA
-3,6,2,6,869,1,1,0,100,20,0,NA,NA,NA,NA,NA,NA,NA,NA
-2,7,2,7,945,0,1,76,0,16.6666666666667,8.74568469505178,NA,NA,NA,NA,NA,NA,NA,NA
-1,8,3,9,1455,1,2,510,50,28.5714285714286,53.968253968254,NA,NA,NA,NA,NA,NA,NA,NA
0,9,4,11,1456,1,2,1,33.3333333333333,22.2222222222222,0.0687285223367698,NA,NA,1456,1456,1,1,NA,NA
1,10,5,12,NA,1,1,NA,25,9.09090909090909,NA,25,9.09090909090909,1820,1588.36363636364,364,132.363636363636,25,9.09090909090908
2,11,6,15,NA,1,3,NA,20,25,NA,20,25,2184,1985.45454545455,364,397.090909090909,20,25
3,12,7,18,NA,1,3,NA,16.6666666666667,20,NA,16.6666666666667,20,2548,2382.54545454545,364,397.090909090909,16.6666666666666,20
4,13,8,21,NA,1,3,NA,14.2857142857143,16.6666666666667,NA,14.2857142857143,16.6666666666667,2912,2779.63636363636,364,397.090909090909,14.2857142857143,16.6666666666666
5,14,9,25,NA,1,4,NA,12.5,19.047619047619,NA,12.5,19.047619047619,3276,3309.09090909091,364,529.454545454545,12.5,19.047619047619
6,15,9,30,NA,0,5,NA,0,20,NA,0,20,3276,3970.90909090909,0,661.818181818182,0,20
7,16,10,34,NA,1,4,NA,11.1111111111111,13.3333333333333,NA,11.1111111111111,13.3333333333333,3640,4500.36363636363,364,529.454545454545,11.1111111111111,13.3333333333333
8,17,10,38,NA,0,4,NA,0,11.7647058823529,NA,0,11.7647058823529,3640,5029.81818181818,0,529.454545454545,0,11.7647058823529
9,18,11,43,NA,1,5,NA,10,13.1578947368421,NA,10,13.1578947368421,4004,5691.63636363636,364,661.818181818181,10,13.1578947368421
10,19,11,49,NA,0,6,NA,0,13.953488372093,NA,0,13.953488372093,4004,6485.81818181818,0,794.181818181818,0,13.953488372093
11,20,11,56,NA,0,7,NA,0,14.2857142857143,NA,0,14.2857142857143,4004,7412.36363636363,0,926.545454545454,0,14.2857142857143
12,21,11,64,NA,0,8,NA,0,14.2857142857143,NA,0,14.2857142857143,4004,8471.27272727272,0,1058.90909090909,0,14.2857142857143
13,22,11,71,NA,0,7,NA,0,10.9375,NA,0,10.9375,4004,9397.81818181818,0,926.545454545454,0,10.9375
14,23,11,77,NA,0,6,NA,0,8.45070422535211,NA,0,8.45070422535211,4004,10192,0,794.181818181816,0,8.4507042253521
15,24,12,83,NA,1,6,NA,9.09090909090909,7.79220779220779,NA,9.09090909090909,7.79220779220779,4368,10986.1818181818,364,794.181818181818,9.09090909090909,7.7922077922078
16,25,12,89,NA,0,6,NA,0,7.2289156626506,NA,0,7.2289156626506,4368,11780.3636363636,0,794.181818181818,0,7.22891566265061
17,26,12,97,NA,0,8,NA,0,8.98876404494382,NA,0,8.98876404494382,4368,12839.2727272727,0,1058.90909090909,0,8.98876404494382
18,27,12,104,NA,0,7,NA,0,7.21649484536082,NA,0,7.21649484536082,4368,13765.8181818182,0,926.545454545454,0,7.21649484536083
19,28,12,111,NA,0,7,NA,0,6.73076923076923,NA,0,6.73076923076923,4368,14692.3636363636,0,926.545454545454,0,6.73076923076923
20,29,12,117,NA,0,6,NA,0,5.40540540540541,NA,0,5.40540540540541,4368,15486.5454545454,0,794.181818181816,0,5.4054054054054
21,30,12,122,NA,0,5,NA,0,4.27350427350427,NA,0,4.27350427350427,4368,16148.3636363636,0,661.818181818182,0,4.27350427350428
22,31,13,127,NA,1,5,NA,8.33333333333333,4.0983606557377,NA,8.33333333333333,4.0983606557377,4732,16810.1818181818,364,661.81818181818,8.33333333333333,4.0983606557377
23,32,13,133,NA,0,6,NA,0,4.7244094488189,NA,0,4.7244094488189,4732,17604.3636363636,0,794.181818181816,0,4.72440944881889
24,33,13,138,NA,0,5,NA,0,3.7593984962406,NA,0,3.7593984962406,4732,18266.1818181818,0,661.818181818184,0,3.75939849624062
25,34,13,144,NA,0,6,NA,0,4.34782608695652,NA,0,4.34782608695652,4732,19060.3636363636,0,794.181818181816,0,4.34782608695651
26,35,13,149,NA,0,5,NA,0,3.47222222222222,NA,0,3.47222222222222,4732,19722.1818181818,0,661.818181818184,0,3.47222222222224
27,36,13,155,NA,0,6,NA,0,4.02684563758389,NA,0,4.02684563758389,4732,20516.3636363636,0,794.181818181816,0,4.02684563758389
28,37,13,159,NA,0,4,NA,0,2.58064516129032,NA,0,2.58064516129032,4732,21045.8181818182,0,529.454545454548,0,2.58064516129034
29,38,14,163,NA,1,4,NA,7.69230769230769,2.51572327044025,NA,7.69230769230769,2.51572327044025,5096,21575.2727272727,364,529.454545454544,7.69230769230769,2.51572327044025
30,39,14,167,NA,0,4,NA,0,2.45398773006135,NA,0,2.45398773006135,5096,22104.7272727273,0,529.454545454548,0,2.45398773006136
31,40,14,172,NA,0,5,NA,0,2.9940119760479,NA,0,2.9940119760479,5096,22766.5454545454,0,661.81818181818,0,2.9940119760479
32,41,14,177,NA,0,5,NA,0,2.90697674418605,NA,0,2.90697674418605,5096,23428.3636363636,0,661.818181818184,0,2.90697674418606
33,42,14,183,NA,0,6,NA,0,3.38983050847458,NA,0,3.38983050847458,5096,24222.5454545454,0,794.181818181816,0,3.38983050847457
34,43,14,187,NA,0,4,NA,0,2.18579234972678,NA,0,2.18579234972678,5096,24752,0,529.454545454544,0,2.18579234972677
35,44,14,191,NA,0,4,NA,0,2.13903743315508,NA,0,2.13903743315508,5096,25281.4545454545,0,529.454545454548,0,2.13903743315509
36,45,14,195,NA,0,4,NA,0,2.09424083769634,NA,0,2.09424083769634,5096,25810.9090909091,0,529.454545454544,0,2.09424083769633
37,46,15,198,NA,1,3,NA,7.14285714285714,1.53846153846154,NA,7.14285714285714,1.53846153846154,5460,26208,364,397.090909090908,7.14285714285714,1.53846153846154
38,47,15,203,NA,0,5,NA,0,2.52525252525253,NA,0,2.52525252525253,5460,26869.8181818182,0,661.818181818184,0,2.52525252525253
39,48,15,207,NA,0,4,NA,0,1.97044334975369,NA,0,1.97044334975369,5460,27399.2727272727,0,529.454545454544,0,1.97044334975369
40,49,15,211,NA,0,4,NA,0,1.93236714975845,NA,0,1.93236714975845,5460,27928.7272727273,0,529.454545454548,0,1.93236714975846
41,50,15,215,NA,0,4,NA,0,1.8957345971564,NA,0,1.8957345971564,5460,28458.1818181818,0,529.454545454544,0,1.89573459715639
42,51,15,217,NA,0,2,NA,0,0.930232558139535,NA,0,0.930232558139535,5460,28722.9090909091,0,264.727272727272,0,0.930232558139533
43,52,15,221,NA,0,4,NA,0,1.84331797235023,NA,0,1.84331797235023,5460,29252.3636363636,0,529.454545454544,0,1.84331797235023
44,53,15,225,NA,0,4,NA,0,1.80995475113122,NA,0,1.80995475113122,5460,29781.8181818182,0,529.454545454544,0,1.80995475113122
45,54,15,228,NA,0,3,NA,0,1.33333333333333,NA,0,1.33333333333333,5460,30178.9090909091,0,397.090909090912,0,1.33333333333334
46,55,15,231,NA,0,3,NA,0,1.31578947368421,NA,0,1.31578947368421,5460,30576,0,397.090909090908,0,1.31578947368421
47,56,15,234,NA,0,3,NA,0,1.2987012987013,NA,0,1.2987012987013,5460,30973.0909090909,0,397.090909090904,0,1.29870129870128
48,57,15,237,NA,0,3,NA,0,1.28205128205128,NA,0,1.28205128205128,5460,31370.1818181818,0,397.090909090908,0,1.28205128205128
49,58,15,239,NA,0,2,NA,0,0.843881856540084,NA,0,0.843881856540084,5460,31634.9090909091,0,264.727272727268,0,0.843881856540071
50,59,15,242,NA,0,3,NA,0,1.25523012552301,NA,0,1.25523012552301,5460,32032,0,397.090909090912,0,1.25523012552302
51,60,15,244,NA,0,2,NA,0,0.826446280991736,NA,0,0.826446280991736,5460,32296.7272727273,0,264.727272727272,0,0.826446280991734
52,61,15,246,NA,0,2,NA,0,0.819672131147541,NA,0,0.819672131147541,5460,32561.4545454545,0,264.727272727268,0,0.819672131147528
53,62,15,249,NA,0,3,NA,0,1.21951219512195,NA,0,1.21951219512195,5460,32958.5454545454,0,397.090909090908,0,1.21951219512195
54,63,15,251,NA,0,2,NA,0,0.803212851405622,NA,0,0.803212851405622,5460,33223.2727272727,0,264.727272727279,0,0.803212851405643
55,64,15,253,NA,0,2,NA,0,0.796812749003984,NA,0,0.796812749003984,5460,33488,0,264.727272727272,0,0.796812749003983
56,65,15,254,NA,0,1,NA,0,0.395256916996047,NA,0,0.395256916996047,5460,33620.3636363636,0,132.363636363632,0,0.395256916996036
57,66,15,255,NA,0,1,NA,0,0.393700787401575,NA,0,0.393700787401575,5460,33752.7272727272,0,132.363636363632,0,0.393700787401563
58,67,15,257,NA,0,2,NA,0,0.784313725490196,NA,0,0.784313725490196,5460,34017.4545454545,0,264.727272727272,0,0.784313725490195
59,68,15,259,NA,0,2,NA,0,0.778210116731518,NA,0,0.778210116731518,5460,34282.1818181818,0,264.727272727272,0,0.778210116731516
60,69,15,260,NA,0,1,NA,0,0.386100386100386,NA,0,0.386100386100386,5460,34414.5454545454,0,132.363636363632,0,0.386100386100375
61,70,15,262,NA,0,2,NA,0,0.769230769230769,NA,0,0.769230769230769,5460,34679.2727272727,0,264.727272727272,0,0.769230769230768
62,71,15,263,NA,0,1,NA,0,0.381679389312977,NA,0,0.381679389312977,5460,34811.6363636363,0,132.363636363632,0,0.381679389312966
63,72,15,264,NA,0,1,NA,0,0.380228136882129,NA,0,0.380228136882129,5460,34944,0,132.363636363632,0,0.380228136882118
64,73,15,265,NA,0,1,NA,0,0.378787878787879,NA,0,0.378787878787879,5460,35076.3636363636,0,132.36363636364,0,0.378787878787889
65,74,15,266,NA,0,1,NA,0,0.377358490566038,NA,0,0.377358490566038,5460,35208.7272727272,0,132.36363636364,0,0.377358490566048
66,75,15,267,NA,0,1,NA,0,0.37593984962406,NA,0,0.37593984962406,5460,35341.0909090909,0,132.363636363632,0,0.375939849624049
67,76,15,268,NA,0,1,NA,0,0.374531835205993,NA,0,0.374531835205993,5460,35473.4545454545,0,132.36363636364,0,0.374531835206002
68,77,15,269,NA,0,1,NA,0,0.373134328358209,NA,0,0.373134328358209,5460,35605.8181818181,0,132.36363636364,0,0.373134328358219
69,78,15,270,NA,0,1,NA,0,0.371747211895911,NA,0,0.371747211895911,5460,35738.1818181818,0,132.363636363632,0,0.3717472118959
70,79,15,271,NA,0,1,NA,0,0.37037037037037,NA,0,0.37037037037037,5460,35870.5454545454,0,132.36363636364,0,0.37037037037038
71,80,15,272,NA,0,1,NA,0,0.3690036900369,NA,0,0.3690036900369,5460,36002.9090909091,0,132.363636363632,0,0.36900369003689
72,81,15,273,NA,0,1,NA,0,0.367647058823529,NA,0,0.367647058823529,5460,36135.2727272727,0,132.363636363632,0,0.367647058823519
73,82,15,273,NA,0,0,NA,0,0,NA,0,0,5460,36135.2727272727,0,0,0,0
74,83,16,274,NA,1,1,NA,6.66666666666667,0.366300366300366,NA,6.66666666666667,0.366300366300366,5824,36267.6363636363,364,132.363636363632,6.66666666666667,0.366300366300356
75,84,16,275,NA,0,1,NA,0,0.364963503649635,NA,0,0.364963503649635,5824,36399.9999999999,0,132.363636363632,0,0.364963503649625
76,85,16,276,NA,0,1,NA,0,0.363636363636364,NA,0,0.363636363636364,5824,36532.3636363636,0,132.36363636364,0,0.363636363636373
77,86,16,276,NA,0,0,NA,0,0,NA,0,0,5824,36532.3636363636,0,0,0,0
78,87,16,276,NA,0,0,NA,0,0,NA,0,0,5824,36532.3636363636,0,0,0,0
79,88,16,277,NA,0,1,NA,0,0.36231884057971,NA,0,0.36231884057971,5824,36664.7272727272,0,132.36363636364,0,0.36231884057972
80,89,16,278,NA,0,1,NA,0,0.36101083032491,NA,0,0.36101083032491,5824,36797.0909090909,0,132.36363636364,0,0.361010830324919
81,90,16,278,NA,0,0,NA,0,0,NA,0,0,5824,36797.0909090909,0,0,0,0
82,91,16,279,NA,0,1,NA,0,0.359712230215827,NA,0,0.359712230215827,5824,36929.4545454545,0,132.363636363632,0,0.359712230215817
83,92,16,279,NA,0,0,NA,0,0,NA,0,0,5824,36929.4545454545,0,0,0,0
84,93,16,280,NA,0,1,NA,0,0.3584229390681,NA,0,0.3584229390681,5824,37061.8181818181,0,132.363636363632,0,0.35842293906809
85,94,16,NA,NA,0,NA,NA,0,NA,NA,0,NA,5824,NA,0,NA,0,NA
86,95,16,NA,NA,0,NA,NA,0,NA,NA,0,NA,5824,NA,0,NA,0,NA
87,96,16,NA,NA,0,NA,NA,0,NA,NA,0,NA,5824,NA,0,NA,0,NA
88,97,16,NA,NA,0,NA,NA,0,NA,NA,0,NA,5824,NA,0,NA,0,NA
89,98,16,NA,NA,0,NA,NA,0,NA,NA,0,NA,5824,NA,0,NA,0,NA
90,99,16,NA,NA,0,NA,NA,0,NA,NA,0,NA,5824,NA,0,NA,0,NA
91,100,16,NA,NA,0,NA,NA,0,NA,NA,0,NA,5824,NA,0,NA,0,NA
92,101,16,NA,NA,0,NA,NA,0,NA,NA,0,NA,5824,NA,0,NA,0,NA
93,102,16,NA,NA,0,NA,NA,0,NA,NA,0,NA,5824,NA,0,NA,0,NA
