"daysFromToday","Day","Korea","Italy","X","dif.Korea","dif.Italy","dif.X","growth.Korea","growth.Italy","growth.X","prj.grKO.X","prj.grIT.X","grKO.prj.tot.X","grIT.prj.tot.X","dif.grKO.prj.tot.X","dif.grIT.prj.tot.X","growth.grKO.prj.tot.X","growth.grIT.prj.tot.X"
-54,NA,NA,3,NA,NA,NA,NA,NA,NA,NA,NA,NA,NA,NA,NA,NA,NA,NA
-53,NA,NA,4,NA,NA,1,NA,NA,33.3333333333333,NA,NA,NA,NA,NA,NA,NA,NA,NA
-52,NA,NA,6,NA,NA,2,NA,NA,50,NA,NA,NA,NA,NA,NA,NA,NA,NA
-51,NA,NA,8,NA,NA,2,NA,NA,33.3333333333333,NA,NA,NA,NA,NA,NA,NA,NA,NA
-50,NA,NA,12,NA,NA,4,NA,NA,50,NA,NA,NA,NA,NA,NA,NA,NA,NA
-49,NA,NA,16,NA,NA,4,NA,NA,33.3333333333333,NA,NA,NA,NA,NA,NA,NA,NA,NA
-48,NA,NA,20,NA,NA,4,NA,NA,25,NA,NA,NA,NA,NA,NA,NA,NA,NA
-47,NA,NA,30,NA,NA,10,NA,NA,50,NA,NA,NA,NA,NA,NA,NA,NA,NA
-46,NA,NA,36,NA,NA,6,NA,NA,20,NA,NA,NA,NA,NA,NA,NA,NA,NA
-45,NA,NA,44,NA,NA,8,NA,NA,22.2222222222222,NA,NA,NA,NA,NA,NA,NA,NA,NA
-44,NA,NA,55,NA,NA,11,NA,NA,25,NA,NA,NA,NA,NA,NA,NA,NA,NA
-43,NA,NA,68,NA,NA,13,NA,NA,23.6363636363636,NA,NA,NA,NA,NA,NA,NA,NA,NA
-42,NA,NA,82,NA,NA,14,NA,NA,20.5882352941176,NA,NA,NA,NA,NA,NA,NA,NA,NA
-41,NA,NA,104,NA,NA,22,NA,NA,26.8292682926829,NA,NA,NA,NA,NA,NA,NA,NA,NA
-40,NA,NA,130,NA,NA,26,NA,NA,25,NA,NA,NA,NA,NA,NA,NA,NA,NA
-39,NA,NA,162,NA,NA,32,NA,NA,24.6153846153846,NA,NA,NA,NA,NA,NA,NA,NA,NA
-38,NA,NA,179,NA,NA,17,NA,NA,10.4938271604938,NA,NA,NA,NA,NA,NA,NA,NA,NA
-37,NA,NA,220,NA,NA,41,NA,NA,22.9050279329609,NA,NA,NA,NA,NA,NA,NA,NA,NA
-36,NA,NA,267,NA,NA,47,NA,NA,21.3636363636364,NA,NA,NA,NA,NA,NA,NA,NA,NA
-35,NA,NA,312,NA,NA,45,NA,NA,16.8539325842697,NA,NA,NA,NA,NA,NA,NA,NA,NA
-34,NA,NA,374,NA,NA,62,NA,NA,19.8717948717949,NA,NA,NA,NA,NA,NA,NA,NA,NA
-33,NA,NA,437,NA,NA,63,NA,NA,16.8449197860963,NA,NA,NA,NA,NA,NA,NA,NA,NA
-32,NA,NA,495,NA,NA,58,NA,NA,13.2723112128146,NA,NA,NA,NA,NA,NA,NA,NA,NA
-31,NA,NA,557,NA,NA,62,NA,NA,12.5252525252525,NA,NA,NA,NA,NA,NA,NA,NA,NA
-30,NA,NA,631,NA,NA,74,NA,NA,13.2854578096948,NA,NA,NA,NA,NA,NA,NA,NA,NA
-29,NA,NA,725,NA,NA,94,NA,NA,14.8969889064976,NA,NA,NA,NA,NA,NA,NA,NA,NA
-28,NA,NA,831,NA,NA,106,NA,NA,14.6206896551724,NA,NA,NA,NA,NA,NA,NA,NA,NA
-27,NA,NA,947,NA,NA,116,NA,NA,13.9590854392298,NA,NA,NA,NA,NA,NA,NA,NA,NA
-26,NA,NA,1045,NA,NA,98,NA,NA,10.3484688489968,NA,NA,NA,NA,NA,NA,NA,NA,NA
-25,NA,NA,1130,NA,NA,85,NA,NA,8.13397129186603,NA,NA,NA,NA,NA,NA,NA,NA,NA
-24,NA,NA,1223,NA,NA,93,NA,NA,8.23008849557522,NA,NA,NA,NA,NA,NA,NA,NA,NA
-23,NA,NA,1315,NA,NA,92,NA,NA,7.52248569092396,NA,NA,NA,NA,NA,NA,NA,NA,NA
-22,NA,NA,1425,NA,NA,110,NA,NA,8.36501901140684,NA,NA,NA,NA,NA,NA,NA,NA,NA
-21,0,2,1529,108,NA,104,NA,NA,7.29824561403509,NA,NA,NA,NA,NA,NA,NA,NA,NA
-20,1,4,1635,129,2,106,21,100,6.93263570961413,19.4444444444444,NA,NA,NA,NA,NA,NA,NA,NA
-19,2,9,1727,154,5,92,25,125,5.62691131498471,19.3798449612403,NA,NA,NA,NA,NA,NA,NA,NA
-18,3,13,1798,171,4,71,17,44.4444444444444,4.11117544875507,11.038961038961,NA,NA,NA,NA,NA,NA,NA,NA
-17,4,17,1870,184,4,72,13,30.7692307692308,4.00444938820912,7.60233918128655,NA,NA,NA,NA,NA,NA,NA,NA
-16,5,20,1955,208,3,85,24,17.6470588235294,4.54545454545455,13.0434782608696,NA,NA,NA,NA,NA,NA,NA,NA
-15,6,26,2037,227,6,82,19,30,4.19437340153453,9.13461538461538,NA,NA,NA,NA,NA,NA,NA,NA
-14,7,37,2118,243,11,81,16,42.3076923076923,3.97643593519882,7.04845814977974,NA,NA,NA,NA,NA,NA,NA,NA
-13,8,49,2203,265,12,85,22,32.4324324324324,4.01322001888574,9.05349794238683,NA,NA,NA,NA,NA,NA,NA,NA
-12,9,66,2279,286,17,76,21,34.6938775510204,3.44984112573763,7.92452830188679,NA,NA,NA,NA,NA,NA,NA,NA
-11,10,78,2343,299,12,64,13,18.1818181818182,2.80824923211935,4.54545454545455,NA,NA,NA,NA,NA,NA,NA,NA
-10,11,90,2397,319,12,54,20,15.3846153846154,2.30473751600512,6.68896321070234,NA,NA,NA,NA,NA,NA,NA,NA
-9,12,108,2465,332,18,68,13,20,2.83687943262411,4.07523510971787,NA,NA,NA,NA,NA,NA,NA,NA
-8,13,117,2539,354,9,74,22,8.33333333333333,3.00202839756592,6.62650602409639,NA,NA,NA,NA,NA,NA,NA,NA
-7,14,127,2609,365,10,70,11,8.54700854700855,2.75699094131548,3.10734463276836,NA,NA,NA,NA,NA,NA,NA,NA
-6,15,137,2692,377,10,83,12,7.8740157480315,3.18129551552319,3.28767123287671,NA,NA,NA,NA,NA,NA,NA,NA
-5,16,147,2764,387,10,72,10,7.2992700729927,2.67459138187221,2.6525198938992,NA,NA,NA,NA,NA,NA,NA,NA
-4,17,152,2820,394,5,56,7,3.40136054421769,2.0260492040521,1.80878552971576,NA,NA,NA,NA,NA,NA,NA,NA
-3,18,156,2872,399,4,52,5,2.63157894736842,1.84397163120567,1.26903553299492,NA,NA,NA,NA,NA,NA,NA,NA
-2,19,157,2919,404,1,47,5,0.641025641025641,1.63649025069638,1.2531328320802,NA,NA,NA,NA,NA,NA,NA,NA
-1,20,162,2986,415,5,67,11,3.18471337579618,2.29530661185337,2.72277227722772,NA,NA,NA,NA,NA,NA,NA,NA
0,21,164,3048,422,2,62,7,1.23456790123457,2.07635632953784,1.68674698795181,NA,NA,422,422,7,7,NA,NA
1,22,166,NA,NA,2,NA,NA,1.21951219512195,NA,NA,1.21951219512195,NA,427.146341463415,NA,5.14634146341461,NA,1.21951219512195,NA
2,23,169,NA,NA,3,NA,NA,1.80722891566265,NA,NA,1.80722891566265,NA,434.865853658537,NA,7.71951219512198,NA,1.80722891566266,NA
3,24,170,NA,NA,1,NA,NA,0.591715976331361,NA,NA,0.591715976331361,NA,437.439024390244,NA,2.57317073170731,NA,0.591715976331359,NA
4,25,172,NA,NA,2,NA,NA,1.17647058823529,NA,NA,1.17647058823529,NA,442.585365853659,NA,5.14634146341461,NA,1.17647058823529,NA
5,26,173,NA,NA,1,NA,NA,0.581395348837209,NA,NA,0.581395348837209,NA,445.158536585366,NA,2.57317073170731,NA,0.581395348837207,NA
6,27,175,NA,NA,2,NA,NA,1.15606936416185,NA,NA,1.15606936416185,NA,450.30487804878,NA,5.14634146341467,NA,1.15606936416186,NA
7,28,179,NA,NA,4,NA,NA,2.28571428571429,NA,NA,2.28571428571429,NA,460.59756097561,NA,10.2926829268293,NA,2.28571428571429,NA
8,29,180,NA,NA,1,NA,NA,0.558659217877095,NA,NA,0.558659217877095,NA,463.170731707317,NA,2.57317073170736,NA,0.558659217877105,NA
9,30,183,NA,NA,3,NA,NA,1.66666666666667,NA,NA,1.66666666666667,NA,470.890243902439,NA,7.71951219512192,NA,1.66666666666666,NA
10,31,185,NA,NA,2,NA,NA,1.09289617486339,NA,NA,1.09289617486339,NA,476.036585365854,NA,5.14634146341461,NA,1.09289617486338,NA
11,32,187,NA,NA,2,NA,NA,1.08108108108108,NA,NA,1.08108108108108,NA,481.182926829268,NA,5.14634146341456,NA,1.08108108108106,NA
12,33,188,NA,NA,1,NA,NA,0.53475935828877,NA,NA,0.53475935828877,NA,483.756097560976,NA,2.57317073170731,NA,0.534759358288768,NA
13,34,190,NA,NA,2,NA,NA,1.06382978723404,NA,NA,1.06382978723404,NA,488.90243902439,NA,5.14634146341467,NA,1.06382978723405,NA
14,35,193,NA,NA,3,NA,NA,1.57894736842105,NA,NA,1.57894736842105,NA,496.621951219512,NA,7.71951219512198,NA,1.57894736842106,NA
15,36,195,NA,NA,2,NA,NA,1.03626943005181,NA,NA,1.03626943005181,NA,501.768292682927,NA,5.14634146341467,NA,1.03626943005182,NA
16,37,198,NA,NA,3,NA,NA,1.53846153846154,NA,NA,1.53846153846154,NA,509.487804878049,NA,7.71951219512192,NA,1.53846153846153,NA
17,38,200,NA,NA,2,NA,NA,1.01010101010101,NA,NA,1.01010101010101,NA,514.634146341463,NA,5.14634146341461,NA,1.01010101010101,NA
18,39,201,NA,NA,1,NA,NA,0.5,NA,NA,0.5,NA,517.207317073171,NA,2.57317073170725,NA,0.499999999999987,NA
19,40,204,NA,NA,3,NA,NA,1.49253731343284,NA,NA,1.49253731343284,NA,524.926829268293,NA,7.71951219512198,NA,1.49253731343284,NA
20,41,206,NA,NA,2,NA,NA,0.980392156862745,NA,NA,0.980392156862745,NA,530.073170731707,NA,5.14634146341461,NA,0.980392156862741,NA
21,42,208,NA,NA,2,NA,NA,0.970873786407767,NA,NA,0.970873786407767,NA,535.219512195122,NA,5.14634146341461,NA,0.970873786407763,NA
22,43,210,NA,NA,2,NA,NA,0.961538461538462,NA,NA,0.961538461538462,NA,540.365853658536,NA,5.14634146341461,NA,0.961538461538458,NA
23,44,212,NA,NA,2,NA,NA,0.952380952380952,NA,NA,0.952380952380952,NA,545.512195121951,NA,5.14634146341461,NA,0.952380952380949,NA
24,45,213,NA,NA,1,NA,NA,0.471698113207547,NA,NA,0.471698113207547,NA,548.085365853658,NA,2.57317073170736,NA,0.471698113207556,NA
25,46,214,NA,NA,1,NA,NA,0.469483568075117,NA,NA,0.469483568075117,NA,550.658536585366,NA,2.57317073170736,NA,0.469483568075126,NA
26,47,215,NA,NA,1,NA,NA,0.467289719626168,NA,NA,0.467289719626168,NA,553.231707317073,NA,2.57317073170736,NA,0.467289719626177,NA
27,48,216,NA,NA,1,NA,NA,0.465116279069767,NA,NA,0.465116279069767,NA,555.804878048781,NA,2.57317073170736,NA,0.465116279069776,NA
28,49,217,NA,NA,1,NA,NA,0.462962962962963,NA,NA,0.462962962962963,NA,558.378048780488,NA,2.57317073170725,NA,0.462962962962951,NA
29,50,218,NA,NA,1,NA,NA,0.460829493087558,NA,NA,0.460829493087558,NA,560.951219512195,NA,2.57317073170736,NA,0.460829493087566,NA
30,51,218,NA,NA,0,NA,NA,0,NA,NA,0,NA,560.951219512195,NA,0,NA,0,NA
31,52,219,NA,NA,1,NA,NA,0.458715596330275,NA,NA,0.458715596330275,NA,563.524390243903,NA,2.57317073170736,NA,0.458715596330284,NA
32,53,220,NA,NA,1,NA,NA,0.45662100456621,NA,NA,0.45662100456621,NA,566.09756097561,NA,2.57317073170725,NA,0.456621004566198,NA
33,54,220,NA,NA,0,NA,NA,0,NA,NA,0,NA,566.09756097561,NA,0,NA,0,NA
34,55,221,NA,NA,1,NA,NA,0.454545454545455,NA,NA,0.454545454545455,NA,568.670731707317,NA,2.57317073170736,NA,0.454545454545463,NA
35,56,221,NA,NA,0,NA,NA,0,NA,NA,0,NA,568.670731707317,NA,0,NA,0,NA
36,57,222,NA,NA,1,NA,NA,0.452488687782805,NA,NA,0.452488687782805,NA,571.243902439025,NA,2.57317073170736,NA,0.452488687782814,NA
