"daysFromToday","Day","Korea","Italy","X","dif.Korea","dif.Italy","dif.X","growth.Korea","growth.Italy","growth.X","prj.grKO.X","prj.grIT.X","grKO.prj.tot.X","grIT.prj.tot.X","dif.grKO.prj.tot.X","dif.grIT.prj.tot.X","growth.grKO.prj.tot.X","growth.grIT.prj.tot.X"
-73,NA,NA,NA,114,NA,NA,NA,NA,NA,NA,NA,NA,NA,NA,NA,NA,NA,NA
-72,NA,NA,NA,133,NA,NA,19,NA,NA,16.6666666666667,NA,NA,NA,NA,NA,NA,NA,NA
-71,NA,NA,NA,157,NA,NA,24,NA,NA,18.0451127819549,NA,NA,NA,NA,NA,NA,NA,NA
-70,NA,NA,NA,202,NA,NA,45,NA,NA,28.6624203821656,NA,NA,NA,NA,NA,NA,NA,NA
-69,NA,NA,NA,202,NA,NA,0,NA,NA,0,NA,NA,NA,NA,NA,NA,NA,NA
-68,NA,NA,NA,252,NA,NA,50,NA,NA,24.7524752475248,NA,NA,NA,NA,NA,NA,NA,NA
-67,NA,NA,NA,293,NA,NA,41,NA,NA,16.2698412698413,NA,NA,NA,NA,NA,NA,NA,NA
-66,NA,NA,NA,335,NA,NA,42,NA,NA,14.3344709897611,NA,NA,NA,NA,NA,NA,NA,NA
-65,NA,NA,NA,483,NA,NA,148,NA,NA,44.1791044776119,NA,NA,NA,NA,NA,NA,NA,NA
-64,NA,NA,NA,611,NA,NA,128,NA,NA,26.5010351966874,NA,NA,NA,NA,NA,NA,NA,NA
-63,NA,NA,NA,924,NA,NA,313,NA,NA,51.227495908347,NA,NA,NA,NA,NA,NA,NA,NA
-62,NA,NA,NA,1063,NA,NA,139,NA,NA,15.04329004329,NA,NA,NA,NA,NA,NA,NA,NA
-61,NA,NA,NA,1279,NA,NA,216,NA,NA,20.3198494825964,NA,NA,NA,NA,NA,NA,NA,NA
-60,NA,NA,NA,1536,NA,NA,257,NA,NA,20.0938232994527,NA,NA,NA,NA,NA,NA,NA,NA
-59,NA,NA,NA,1733,NA,NA,197,NA,NA,12.8255208333333,NA,NA,NA,NA,NA,NA,NA,NA
-58,NA,NA,NA,2102,NA,NA,369,NA,NA,21.2925562608194,NA,NA,NA,NA,NA,NA,NA,NA
-57,NA,NA,NA,2355,NA,NA,253,NA,NA,12.0361560418649,NA,NA,NA,NA,NA,NA,NA,NA
-56,NA,NA,NA,3006,NA,NA,651,NA,NA,27.6433121019108,NA,NA,NA,NA,NA,NA,NA,NA
-55,NA,NA,NA,3879,NA,NA,873,NA,NA,29.0419161676647,NA,NA,NA,NA,NA,NA,NA,NA
-54,NA,NA,101,4643,NA,NA,764,NA,NA,19.6957978860531,NA,NA,NA,NA,NA,NA,NA,NA
-53,NA,NA,150,5708,NA,49,1065,NA,48.5148514851485,22.9377557613612,NA,NA,NA,NA,NA,NA,NA,NA
-52,NA,NA,210,6447,NA,60,739,NA,40,12.9467414155571,NA,NA,NA,NA,NA,NA,NA,NA
-51,NA,NA,296,7482,NA,86,1035,NA,40.9523809523809,16.0539785946952,NA,NA,NA,NA,NA,NA,NA,NA
-50,NA,NA,428,8155,NA,132,673,NA,44.5945945945946,8.99492114407912,NA,NA,NA,NA,NA,NA,NA,NA
-49,NA,NA,580,9191,NA,152,1036,NA,35.5140186915888,12.7038626609442,NA,NA,NA,NA,NA,NA,NA,NA
-48,NA,NA,737,10701,NA,157,1510,NA,27.0689655172414,16.4291154390164,NA,NA,NA,NA,NA,NA,NA,NA
-47,NA,NA,1107,12026,NA,370,1325,NA,50.2035278154681,12.3820203719279,NA,NA,NA,NA,NA,NA,NA,NA
-46,NA,NA,1331,13438,NA,224,1412,NA,20.2348690153568,11.7412273407617,NA,NA,NA,NA,NA,NA,NA,NA
-45,NA,NA,1635,14336,NA,304,898,NA,22.839969947408,6.68254204494716,NA,NA,NA,NA,NA,NA,NA,NA
-44,NA,NA,2019,15865,NA,384,1529,NA,23.4862385321101,10.6654575892857,NA,NA,NA,NA,NA,NA,NA,NA
-43,NA,NA,2521,16957,NA,502,1092,NA,24.8637939574047,6.88307595335645,NA,NA,NA,NA,NA,NA,NA,NA
-42,NA,NA,3030,18309,NA,509,1352,NA,20.1904006346688,7.97310845078728,NA,NA,NA,NA,NA,NA,NA,NA
-41,NA,NA,3845,19472,NA,815,1163,NA,26.8976897689769,6.35206728931127,NA,NA,NA,NA,NA,NA,NA,NA
-40,NA,NA,4820,20615,NA,975,1143,NA,25.3576072821847,5.86996713229252,NA,NA,NA,NA,NA,NA,NA,NA
-39,NA,NA,5994,21794,NA,1174,1179,NA,24.356846473029,5.71913655105506,NA,NA,NA,NA,NA,NA,NA,NA
-38,NA,NA,6632,22348,NA,638,554,NA,10.643977310644,2.54198403230247,NA,NA,NA,NA,NA,NA,NA,NA
-37,NA,NA,8144,23338,NA,1512,990,NA,22.7985524728589,4.42992661535708,NA,NA,NA,NA,NA,NA,NA,NA
-36,NA,NA,9876,24424,NA,1732,1086,NA,21.2671905697446,4.65335504327706,NA,NA,NA,NA,NA,NA,NA,NA
-35,NA,NA,11541,26182,NA,1665,1758,NA,16.8590522478736,7.19783819194235,NA,NA,NA,NA,NA,NA,NA,NA
-34,NA,NA,13826,27528,NA,2285,1346,NA,19.7989775582705,5.14093652127416,NA,NA,NA,NA,NA,NA,NA,NA
-33,NA,NA,16172,28963,NA,2346,1435,NA,16.9680312454795,5.21287416448707,NA,NA,NA,NA,NA,NA,NA,NA
-32,NA,NA,18285,30333,NA,2113,1370,NA,13.0657927281721,4.73017297931844,NA,NA,NA,NA,NA,NA,NA,NA
-31,NA,NA,20589,30978,NA,2304,645,NA,12.6004922067268,2.12639699337355,NA,NA,NA,NA,NA,NA,NA,NA
-30,NA,NA,23339,33261,NA,2750,2283,NA,13.3566467531206,7.36974627154755,NA,NA,NA,NA,NA,NA,NA,NA
-29,NA,NA,26817,35396,NA,3478,2135,NA,14.9020952054501,6.41892907609513,NA,NA,NA,NA,NA,NA,NA,NA
-28,NA,NA,30729,37369,NA,3912,1973,NA,14.5877614945743,5.57407616679851,NA,NA,NA,NA,NA,NA,NA,NA
-27,NA,NA,35014,39254,NA,4285,1885,NA,13.9444824107521,5.04428804624154,NA,NA,NA,NA,NA,NA,NA,NA
-26,NA,NA,38647,41137,NA,3633,1883,NA,10.3758496601359,4.79696336679065,NA,NA,NA,NA,NA,NA,NA,NA
-25,NA,NA,41777,42164,NA,3130,1027,NA,8.09894687815354,2.49653596518949,NA,NA,NA,NA,NA,NA,NA,NA
-24,NA,NA,45207,43464,NA,3430,1300,NA,8.21025923354956,3.08319893748221,NA,NA,NA,NA,NA,NA,NA,NA
-23,NA,NA,48612,45031,NA,3405,1567,NA,7.53201937753003,3.60528253267072,NA,NA,NA,NA,NA,NA,NA,NA
-22,NA,NA,52665,46500,NA,4053,1469,NA,8.33744754381634,3.26219715307233,NA,NA,NA,NA,NA,NA,NA,NA
-21,0,80,56527,48917,NA,3862,2417,NA,7.33314345390677,5.19784946236559,NA,NA,NA,NA,NA,NA,NA,NA
-20,1,157,60431,50442,77,3904,1525,96.25,6.90643409344207,3.11752560459554,NA,NA,NA,NA,NA,NA,NA,NA
-19,2,334,63840,52197,177,3409,1755,112.738853503185,5.6411444457315,3.47924348756988,NA,NA,NA,NA,NA,NA,NA,NA
-18,3,464,66487,53616,130,2647,1419,38.9221556886228,4.14630325814536,2.7185470429335,NA,NA,NA,NA,NA,NA,NA,NA
-17,4,642,69136,54937,178,2649,1321,38.3620689655172,3.98423752011671,2.4638167711131,NA,NA,NA,NA,NA,NA,NA,NA
-16,5,753,72261,56212,111,3125,1275,17.2897196261682,4.52007637121037,2.32084023517848,NA,NA,NA,NA,NA,NA,NA,NA
-15,6,972,75311,58815,219,3050,2603,29.0836653386454,4.22081067242358,4.63068383974952,NA,NA,NA,NA,NA,NA,NA,NA
-14,7,1361,78308,60614,389,2997,1799,40.0205761316872,3.97949834685504,3.05874351781008,NA,NA,NA,NA,NA,NA,NA,NA
-13,8,1801,81448,62512,440,3140,1898,32.3291697281411,4.0098074270828,3.13128980103606,NA,NA,NA,NA,NA,NA,NA,NA
-12,9,2428,84268,64561,627,2820,2049,34.8139922265408,3.4623317945192,3.27777066803174,NA,NA,NA,NA,NA,NA,NA,NA
-11,10,2879,86620,66680,451,2352,2119,18.5749588138385,2.79109507760953,3.28216725267576,NA,NA,NA,NA,NA,NA,NA,NA
-10,11,3341,88606,67939,462,1986,1259,16.0472386245224,2.29277303163242,1.88812237552489,NA,NA,NA,NA,NA,NA,NA,NA
-9,12,3997,91113,69382,656,2507,1443,19.6348398683029,2.82937950025958,2.12396414430592,NA,NA,NA,NA,NA,NA,NA,NA
-8,13,4332,93861,71141,335,2748,1759,8.38128596447335,3.01603503342004,2.53523968752702,NA,NA,NA,NA,NA,NA,NA,NA
-7,14,4692,96443,73164,360,2582,2023,8.31024930747922,2.75087629579911,2.84364852897766,NA,NA,NA,NA,NA,NA,NA,NA
-6,15,5081,99510,74936,389,3067,1772,8.29070758738278,3.18011675290068,2.42195615329944,NA,NA,NA,NA,NA,NA,NA,NA
-5,16,5426,102184,76793,345,2674,1857,6.79000196811651,2.68716711888252,2.47811465784136,NA,NA,NA,NA,NA,NA,NA,NA
-4,17,5637,104245,78839,211,2061,2046,3.88868411352746,2.01694981601816,2.6643053403305,NA,NA,NA,NA,NA,NA,NA,NA
-3,18,5763,106187,80430,126,1942,1591,2.23523150612028,1.86291908484819,2.01803675845711,NA,NA,NA,NA,NA,NA,NA,NA
-2,19,5790,107930,81795,27,1743,1365,0.468505986465383,1.64144386789343,1.69712793733681,NA,NA,NA,NA,NA,NA,NA,NA
-1,20,5977,110404,84057,187,2474,2262,3.22970639032815,2.29222644306495,2.76545021089309,NA,NA,NA,NA,NA,NA,NA,NA
0,21,6064,112687,86197,87,2283,2140,1.4555797222687,2.06785986014999,2.54589147840156,NA,NA,86197,86197,2140,2140,NA,NA
1,22,6149,114968,NA,85,2281,NA,1.40171503957784,2.02419090045879,NA,1.40171503957784,2.02419090045879,87405.2363126649,87941.7918304685,1208.23631266491,1744.79183046847,1.40171503957784,2.0241909004588
2,23,6232,116959,NA,83,1991,NA,1.34981297771995,1.73178623617006,NA,1.34981297771995,1.73178623617006,88585.04353562,89464.7556772299,1179.80722295513,1522.9638467614,1.34981297771994,1.73178623617008
3,24,6290,118434,NA,58,1475,NA,0.930680359435173,1.26112569361913,NA,0.930680359435173,1.26112569361913,89409.4871372032,90593.018697809,824.443601583116,1128.26302057914,0.930680359435176,1.26112569361914
4,25,6347,120217,NA,57,1783,NA,0.906200317965024,1.50547984531469,NA,0.906200317965024,1.50547984531469,90219.7161939314,91956.8783355667,810.229056728233,1363.85963775768,0.906200317965024,1.50547984531468
5,26,6412,122419,NA,65,2202,NA,1.02410587679219,1.83168769807931,NA,1.02410587679219,1.83168769807931,91143.6616094987,93641.241163577,923.945415567272,1684.36282801033,1.02410587679217,1.83168769807931
6,27,6484,124149,NA,72,1730,NA,1.12289457267623,1.4131793267385,NA,1.12289457267623,1.4131793267385,92167.1088390501,94964.559825002,1023.44722955144,1323.31866142502,1.12289457267622,1.4131793267385
7,28,6601,126123,NA,117,1974,NA,1.80444170265268,1.59002488944736,NA,1.80444170265268,1.59002488944736,93830.2105870712,96474.5199623737,1663.1017480211,1509.96013737166,1.80444170265268,1.59002488944736
8,29,6668,127663,NA,67,1540,NA,1.01499772761703,1.22103026410726,NA,1.01499772761703,1.22103026410726,94782.5850923483,97652.5030482665,952.374505277039,1177.98308589279,1.01499772761702,1.22103026410727
9,30,6781,129182,NA,113,1519,NA,1.69466106778644,1.18985140565395,NA,1.69466106778644,1.18985140565395,96388.8286609498,98814.4227284425,1606.24356860158,1161.91968017607,1.69466106778644,1.18985140565396
10,31,6857,130318,NA,76,1136,NA,1.12077864621737,0.879379480113329,NA,1.12077864621737,0.879379480113329,97469.1340699208,99683.3764853089,1080.30540897098,868.953756866351,1.12077864621737,0.879379480113314
11,32,6906,131685,NA,49,1367,NA,0.714598220796267,1.04897251339032,NA,0.714598220796267,1.04897251339032,98165.64676781,100729.027705059,696.512697889179,1045.65121975027,0.714598220796263,1.04897251339031
12,33,6965,133048,NA,59,1363,NA,0.854329568491167,1.03504575312298,NA,0.854329568491167,1.03504575312298,99004.304914248,101771.619228482,838.658146437985,1042.5915234233,0.854329568491158,1.03504575312299
13,34,7042,134271,NA,77,1223,NA,1.10552763819095,0.919217124646744,NA,1.10552763819095,0.919217124646744,100098.824868074,102707.121380461,1094.51995382586,935.502151978493,1.10552763819096,0.919217124646748
14,35,7122,135556,NA,80,1285,NA,1.13604089747231,0.957019758548011,NA,1.13604089747231,0.957019758548011,101235.988456464,103690.048825508,1137.1635883905,982.927445046895,1.1360408974723,0.957019758548006
15,36,7192,136797,NA,70,1241,NA,0.9828699803426,0.91548880167606,NA,0.9828699803426,0.91548880167606,102231.006596306,104639.319610958,995.01813984169,949.270785449975,0.982869980342602,0.915488801676071
16,37,7305,137705,NA,113,908,NA,1.57119021134594,0.663757246138439,NA,1.57119021134594,0.663757246138439,103837.250164908,105333.870677186,1606.24356860157,694.551066227679,1.57119021134592,0.663757246138426
17,38,7385,138503,NA,80,798,NA,1.09514031485284,0.579499655059729,NA,1.09514031485284,0.579499655059729,104974.413753298,105944.280094421,1137.16358839051,610.409417235351,1.09514031485285,0.579499655059729
18,39,7446,139205,NA,61,702,NA,0.825998645903859,0.506848227114214,NA,0.825998645903859,0.506848227114214,105841.500989446,106481.256799808,867.087236147767,536.976705387497,0.825998645903869,0.506848227114221
19,40,7542,140149,NA,96,944,NA,1.28928283642224,0.678136561186739,NA,1.28928283642224,0.678136561186739,107206.097295514,107203.345132979,1364.5963060686,722.088333170643,1.28928283642224,0.678136561186741
20,41,7620,141065,NA,78,916,NA,1.03420843277645,0.653590107671121,NA,1.03420843277645,0.653590107671121,108314.831794195,107904.015591861,1108.73449868074,700.670458881679,1.03420843277646,0.653590107671119
21,42,7688,141932,NA,68,867,NA,0.89238845144357,0.614610286038351,NA,0.89238845144357,0.614610286038351,109281.420844327,108567.204770737,966.589050131923,663.189178875997,0.892388451443567,0.614610286038346
22,43,7755,142640,NA,67,708,NA,0.871488033298647,0.498830425837725,NA,0.871488033298647,0.498830425837725,110233.795349604,109108.771020615,952.374505277039,541.566249877971,0.871488033298642,0.498830425837716
23,44,7827,143164,NA,72,524,NA,0.928433268858801,0.367358384744812,NA,0.928433268858801,0.367358384744812,111257.242579156,109509.591239451,1023.44722955146,400.820218836248,0.928433268858806,0.367358384744815
24,45,7889,143650,NA,62,486,NA,0.792129807078063,0.339470816685759,NA,0.792129807078063,0.339470816685759,112138.544360158,109881.344343181,881.301781002636,371.753103729789,0.792129807078061,0.339470816685748
25,46,7926,144566,NA,37,916,NA,0.469007478767905,0.637660981552384,NA,0.469007478767905,0.637660981552384,112664.482519789,110582.014802062,525.938159630605,700.670458881679,0.469007478767903,0.637660981552382
26,47,7962,145147,NA,36,581,NA,0.454201362604088,0.401892561183127,NA,0.454201362604088,0.401892561183127,113176.206134565,111026.435693558,511.723614775721,444.420891495916,0.454201362604084,0.40189256118313
27,48,8003,145795,NA,41,648,NA,0.514945993468978,0.446443949926626,NA,0.514945993468978,0.446443949926626,113759.002473615,111522.106498531,582.796339050125,495.670804973081,0.514945993468971,0.446443949926638
28,49,8033,146310,NA,30,515,NA,0.374859427714607,0.353235707671731,NA,0.374859427714607,0.353235707671731,114185.438819261,111916.042400632,426.436345646434,393.935902100522,0.374859427714604,0.353235707671743
29,50,8054,146882,NA,21,572,NA,0.261421635752521,0.390950721071697,NA,0.261421635752521,0.390950721071697,114483.944261214,112353.578975392,298.505441952497,437.536574760175,0.261421635752512,0.390950721071696
30,51,8077,147323,NA,23,441,NA,0.285572386391855,0.300241009790172,NA,0.285572386391855,0.300241009790172,114810.878792876,112690.910495443,326.934531662278,337.331520051128,0.285572386391863,0.300241009790183
31,52,8101,147618,NA,24,295,NA,0.297140027237836,0.200240288346015,NA,0.297140027237836,0.200240288346015,115152.027869393,112916.563099559,341.149076517162,225.652604115836,0.297140027237846,0.200240288346025
32,53,8121,148149,NA,20,531,NA,0.246883100851747,0.359712230215827,NA,0.246883100851747,0.359712230215827,115436.318766491,113322.737786967,284.290897097628,406.174687408478,0.246883100851749,0.359712230215821
33,54,8141,148584,NA,20,435,NA,0.24627508927472,0.293623311665958,NA,0.24627508927472,0.293623311665958,115720.609663588,113655.479762528,284.290897097628,332.741975560624,0.246275089274722,0.293623311665958
34,55,8162,149003,NA,21,419,NA,0.257953568357696,0.28199536962257,NA,0.257953568357696,0.28199536962257,116019.115105541,113975.982952781,298.505441952511,320.503190252639,0.2579535683577,0.281995369622563
35,56,8179,NA,NA,17,NA,NA,0.208282283753982,NA,NA,0.208282283753982,NA,116260.762368074,NA,241.647262532977,NA,0.208282283753978,NA
36,57,8196,NA,NA,17,NA,NA,0.207849370338672,NA,NA,0.207849370338672,NA,116502.409630607,NA,241.647262532977,NA,0.207849370338668,NA
37,58,8210,NA,NA,14,NA,NA,0.170815031722792,NA,NA,0.170815031722792,NA,116701.413258575,NA,199.003627968326,NA,0.170815031722782,NA
38,59,8216,NA,NA,6,NA,NA,0.0730816077953715,NA,NA,0.0730816077953715,NA,116786.700527704,NA,85.2872691293014,NA,0.0730816077953834,NA
39,60,8226,NA,NA,10,NA,NA,0.121713729308666,NA,NA,0.121713729308666,NA,116928.845976253,NA,142.145448548821,NA,0.121713729308673,NA
40,61,8233,NA,NA,7,NA,NA,0.0850960369559932,NA,NA,0.0850960369559932,NA,117028.347790237,NA,99.5018139841704,NA,0.0850960369559946,NA
41,62,8242,NA,NA,9,NA,NA,0.109316166646423,NA,NA,0.109316166646423,NA,117156.278693931,NA,127.930903693938,NA,0.109316166646428,NA
42,63,8252,NA,NA,10,NA,NA,0.12132977432662,NA,NA,0.12132977432662,NA,117298.42414248,NA,142.145448548807,NA,0.121329774326615,NA
43,64,8260,NA,NA,8,NA,NA,0.0969461948618517,NA,NA,0.0969461948618517,NA,117412.140501319,NA,113.716358839039,NA,0.0969461948618426,NA
44,65,8268,NA,NA,8,NA,NA,0.0968523002421307,NA,NA,0.0968523002421307,NA,117525.856860158,NA,113.716358839039,NA,0.0968523002421217,NA
45,66,8276,NA,NA,8,NA,NA,0.0967585873246251,NA,NA,0.0967585873246251,NA,117639.573218997,NA,113.716358839054,NA,0.0967585873246284,NA
46,67,8286,NA,NA,10,NA,NA,0.120831319478009,NA,NA,0.120831319478009,NA,117781.718667546,NA,142.145448548807,NA,0.120831319478004,NA
47,68,8293,NA,NA,7,NA,NA,0.0844798455225682,NA,NA,0.0844798455225682,NA,117881.22048153,NA,99.501813984185,NA,0.0844798455225819,NA
48,69,8296,NA,NA,3,NA,NA,0.0361750874231279,NA,NA,0.0361750874231279,NA,117923.864116095,NA,42.6436345646507,NA,0.0361750874231338,NA
49,70,8303,NA,NA,7,NA,NA,0.0843780135004822,NA,NA,0.0843780135004822,NA,118023.365930079,NA,99.5018139841559,NA,0.0843780135004712,NA
50,71,8308,NA,NA,5,NA,NA,0.0602191978802842,NA,NA,0.0602191978802842,NA,118094.438654354,NA,71.0727242744033,NA,0.0602191978802817,NA
51,72,8318,NA,NA,10,NA,NA,0.120365912373616,NA,NA,0.120365912373616,NA,118236.584102902,NA,142.145448548807,NA,0.120365912373611,NA
52,73,8324,NA,NA,6,NA,NA,0.0721327242125511,NA,NA,0.0721327242125511,NA,118321.871372032,NA,85.2872691293014,NA,0.0721327242125628,NA
53,74,8326,NA,NA,2,NA,NA,0.0240269101393561,NA,NA,0.0240269101393561,NA,118350.300461741,NA,28.4290897097671,NA,0.02402691013936,NA
54,75,8328,NA,NA,2,NA,NA,0.0240211386019697,NA,NA,0.0240211386019697,NA,118378.729551451,NA,28.4290897097526,NA,0.0240211386019613,NA
55,76,8331,NA,NA,3,NA,NA,0.0360230547550432,NA,NA,0.0360230547550432,NA,118421.373186016,NA,42.6436345646507,NA,0.0360230547550491,NA
56,77,8340,NA,NA,9,NA,NA,0.108030248469571,NA,NA,0.108030248469571,NA,118549.30408971,NA,127.930903693923,NA,0.108030248469564,NA
57,78,8354,NA,NA,14,NA,NA,0.167865707434053,NA,NA,0.167865707434053,NA,118748.307717678,NA,199.003627968341,NA,0.167865707434055,NA
58,79,8380,NA,NA,26,NA,NA,0.311228154177639,NA,NA,0.311228154177639,NA,119117.885883905,NA,369.5781662269,NA,0.311228154177629,NA
59,80,8407,NA,NA,27,NA,NA,0.322195704057279,NA,NA,0.322195704057279,NA,119501.678594987,NA,383.792711081784,NA,0.322195704057271,NA
60,81,8428,NA,NA,21,NA,NA,0.249791840133222,NA,NA,0.249791840133222,NA,119800.184036939,NA,298.505441952511,NA,0.249791840133226,NA
61,82,8448,NA,NA,20,NA,NA,0.237304224015187,NA,NA,0.237304224015187,NA,120084.474934037,NA,284.290897097613,NA,0.237304224015177,NA
62,83,8471,NA,NA,23,NA,NA,0.272253787878788,NA,NA,0.272253787878788,NA,120411.409465699,NA,326.934531662264,NA,0.272253787878784,NA
63,84,8491,NA,NA,20,NA,NA,0.236099634045567,NA,NA,0.236099634045567,NA,120695.700362797,NA,284.290897097613,NA,0.236099634045557,NA
64,85,8506,NA,NA,15,NA,NA,0.176657637498528,NA,NA,0.176657637498528,NA,120908.91853562,NA,213.21817282321,NA,0.17665763749852,NA
65,86,8516,NA,NA,10,NA,NA,0.117564072419469,NA,NA,0.117564072419469,NA,121051.063984169,NA,142.145448548821,NA,0.117564072419476,NA
66,87,8528,NA,NA,12,NA,NA,0.140911225927666,NA,NA,0.140911225927666,NA,121221.638522427,NA,170.574538258588,NA,0.140911225927677,NA
67,88,8538,NA,NA,10,NA,NA,0.117260787992495,NA,NA,0.117260787992495,NA,121363.783970976,NA,142.145448548821,NA,0.117260787992502,NA
68,89,8562,NA,NA,24,NA,NA,0.28109627547435,NA,NA,0.28109627547435,NA,121704.933047493,NA,341.149076517147,NA,0.281096275474348,NA
69,90,8572,NA,NA,10,NA,NA,0.116795141322121,NA,NA,0.116795141322121,NA,121847.078496042,NA,142.145448548821,NA,0.116795141322128,NA
70,91,8587,NA,NA,15,NA,NA,0.174988334111059,NA,NA,0.174988334111059,NA,122060.296668865,NA,213.218172823239,NA,0.174988334111076,NA
