"daysFromToday","Day","Korea","Italy","X","dif.Korea","dif.Italy","dif.X","growth.Korea","growth.Italy","growth.X","prj.grKO.X","prj.grIT.X","grKO.prj.tot.X","grIT.prj.tot.X","dif.grKO.prj.tot.X","dif.grIT.prj.tot.X","growth.grKO.prj.tot.X","growth.grIT.prj.tot.X"
-79,NA,NA,0,NA,NA,NA,NA,NA,NA,NA,NA,NA,NA,NA,NA,NA,NA,NA
-78,NA,NA,0,NA,NA,0,NA,NA,NA,NA,NA,NA,NA,NA,NA,NA,NA,NA
-77,NA,NA,0,NA,NA,0,NA,NA,NA,NA,NA,NA,NA,NA,NA,NA,NA,NA
-76,NA,NA,0,NA,NA,0,NA,NA,NA,NA,NA,NA,NA,NA,NA,NA,NA,NA
-75,NA,NA,1,NA,NA,1,NA,NA,Inf,NA,NA,NA,NA,NA,NA,NA,NA,NA
-74,NA,NA,1,NA,NA,0,NA,NA,0,NA,NA,NA,NA,NA,NA,NA,NA,NA
-73,NA,NA,1,NA,NA,0,NA,NA,0,NA,NA,NA,NA,NA,NA,NA,NA,NA
-72,NA,NA,1,NA,NA,0,NA,NA,0,NA,NA,NA,NA,NA,NA,NA,NA,NA
-71,NA,NA,2,NA,NA,1,NA,NA,100,NA,NA,NA,NA,NA,NA,NA,NA,NA
-70,NA,NA,2,NA,NA,0,NA,NA,0,NA,NA,NA,NA,NA,NA,NA,NA,NA
-69,NA,NA,3,NA,NA,1,NA,NA,50,NA,NA,NA,NA,NA,NA,NA,NA,NA
-68,NA,NA,4,NA,NA,1,NA,NA,33.3333333333333,NA,NA,NA,NA,NA,NA,NA,NA,NA
-67,NA,NA,5,58,NA,1,NA,NA,25,NA,NA,NA,NA,NA,NA,NA,NA,NA
-66,NA,NA,6,67,NA,1,9,NA,20,15.5172413793103,NA,NA,NA,NA,NA,NA,NA,NA
-65,NA,NA,7,68,NA,1,1,NA,16.6666666666667,1.49253731343284,NA,NA,NA,NA,NA,NA,NA,NA
-64,NA,NA,9,77,NA,2,9,NA,28.5714285714286,13.2352941176471,NA,NA,NA,NA,NA,NA,NA,NA
-63,NA,NA,11,73,NA,2,-4,NA,22.2222222222222,-5.19480519480519,NA,NA,NA,NA,NA,NA,NA,NA
-62,NA,NA,12,95,NA,1,22,NA,9.09090909090909,30.1369863013699,NA,NA,NA,NA,NA,NA,NA,NA
-61,NA,NA,15,95,NA,3,0,NA,25,0,NA,NA,NA,NA,NA,NA,NA,NA
-60,NA,NA,18,136,NA,3,41,NA,20,43.1578947368421,NA,NA,NA,NA,NA,NA,NA,NA
-59,NA,NA,21,151,NA,3,15,NA,16.6666666666667,11.0294117647059,NA,NA,NA,NA,NA,NA,NA,NA
-58,NA,NA,25,164,NA,4,13,NA,19.047619047619,8.60927152317881,NA,NA,NA,NA,NA,NA,NA,NA
-57,NA,NA,30,164,NA,5,0,NA,20,0,NA,NA,NA,NA,NA,NA,NA,NA
-56,NA,NA,34,192,NA,4,28,NA,13.3333333333333,17.0731707317073,NA,NA,NA,NA,NA,NA,NA,NA
-55,NA,NA,38,200,NA,4,8,NA,11.7647058823529,4.16666666666667,NA,NA,NA,NA,NA,NA,NA,NA
-54,NA,NA,43,212,NA,5,12,NA,13.1578947368421,6,NA,NA,NA,NA,NA,NA,NA,NA
-53,NA,NA,49,245,NA,6,33,NA,13.953488372093,15.5660377358491,NA,NA,NA,NA,NA,NA,NA,NA
-52,NA,NA,56,269,NA,7,24,NA,14.2857142857143,9.79591836734694,NA,NA,NA,NA,NA,NA,NA,NA
-51,NA,NA,64,269,NA,8,0,NA,14.2857142857143,0,NA,NA,NA,NA,NA,NA,NA,NA
-50,NA,NA,71,298,NA,7,29,NA,10.9375,10.7806691449814,NA,NA,NA,NA,NA,NA,NA,NA
-49,NA,NA,77,298,NA,6,0,NA,8.45070422535211,0,NA,NA,NA,NA,NA,NA,NA,NA
-48,NA,NA,83,293,NA,6,-5,NA,7.79220779220779,-1.67785234899329,NA,NA,NA,NA,NA,NA,NA,NA
-47,NA,NA,89,303,NA,6,10,NA,7.2289156626506,3.41296928327645,NA,NA,NA,NA,NA,NA,NA,NA
-46,NA,NA,97,315,NA,8,12,NA,8.98876404494382,3.96039603960396,NA,NA,NA,NA,NA,NA,NA,NA
-45,NA,NA,104,332,NA,7,17,NA,7.21649484536082,5.3968253968254,NA,NA,NA,NA,NA,NA,NA,NA
-44,NA,NA,111,337,NA,7,5,NA,6.73076923076923,1.50602409638554,NA,NA,NA,NA,NA,NA,NA,NA
-43,NA,NA,117,340,NA,6,3,NA,5.40540540540541,0.890207715133531,NA,NA,NA,NA,NA,NA,NA,NA
-42,NA,NA,122,342,NA,5,2,NA,4.27350427350427,0.588235294117647,NA,NA,NA,NA,NA,NA,NA,NA
-41,NA,NA,127,342,NA,5,0,NA,4.0983606557377,0,NA,NA,NA,NA,NA,NA,NA,NA
-40,NA,NA,133,393,NA,6,51,NA,4.7244094488189,14.9122807017544,NA,NA,NA,NA,NA,NA,NA,NA
-39,NA,NA,138,363,NA,5,-30,NA,3.7593984962406,-7.63358778625954,NA,NA,NA,NA,NA,NA,NA,NA
-38,NA,NA,144,373,NA,6,10,NA,4.34782608695652,2.75482093663912,NA,NA,NA,NA,NA,NA,NA,NA
-37,NA,NA,149,405,NA,5,32,NA,3.47222222222222,8.57908847184987,NA,NA,NA,NA,NA,NA,NA,NA
-36,NA,NA,155,421,NA,6,16,NA,4.02684563758389,3.95061728395062,NA,NA,NA,NA,NA,NA,NA,NA
-35,NA,NA,159,423,NA,4,2,NA,2.58064516129032,0.475059382422803,NA,NA,NA,NA,NA,NA,NA,NA
-34,NA,NA,163,442,NA,4,19,NA,2.51572327044025,4.49172576832151,NA,NA,NA,NA,NA,NA,NA,NA
-33,NA,NA,167,552,NA,4,110,NA,2.45398773006135,24.8868778280543,NA,NA,NA,NA,NA,NA,NA,NA
-32,NA,NA,172,430,NA,5,-122,NA,2.9940119760479,-22.1014492753623,NA,NA,NA,NA,NA,NA,NA,NA
-31,NA,NA,177,430,NA,5,0,NA,2.90697674418605,0,NA,NA,NA,NA,NA,NA,NA,NA
-30,NA,NA,183,462,NA,6,32,NA,3.38983050847458,7.44186046511628,NA,NA,NA,NA,NA,NA,NA,NA
-29,NA,NA,187,474,NA,4,12,NA,2.18579234972678,2.5974025974026,NA,NA,NA,NA,NA,NA,NA,NA
-28,NA,NA,191,475,NA,4,1,NA,2.13903743315508,0.210970464135021,NA,NA,NA,NA,NA,NA,NA,NA
-27,NA,NA,195,475,NA,4,0,NA,2.09424083769634,0,NA,NA,NA,NA,NA,NA,NA,NA
-26,NA,NA,198,716,NA,3,241,NA,1.53846153846154,50.7368421052632,NA,NA,NA,NA,NA,NA,NA,NA
-25,NA,NA,203,869,NA,5,153,NA,2.52525252525253,21.3687150837989,NA,NA,NA,NA,NA,NA,NA,NA
-24,NA,NA,207,869,NA,4,0,NA,1.97044334975369,0,NA,NA,NA,NA,NA,NA,NA,NA
-23,NA,NA,211,945,NA,4,76,NA,1.93236714975845,8.74568469505178,NA,NA,NA,NA,NA,NA,NA,NA
-22,NA,NA,215,1455,NA,4,510,NA,1.8957345971564,53.968253968254,NA,NA,NA,NA,NA,NA,NA,NA
-21,NA,NA,217,1456,NA,2,1,NA,0.930232558139535,0.0687285223367698,NA,NA,NA,NA,NA,NA,NA,NA
-20,NA,NA,221,1574,NA,4,118,NA,1.84331797235023,8.1043956043956,NA,NA,NA,NA,NA,NA,NA,NA
-19,NA,NA,225,1730,NA,4,156,NA,1.80995475113122,9.91105463786531,NA,NA,NA,NA,NA,NA,NA,NA
-18,NA,NA,228,1801,NA,3,71,NA,1.33333333333333,4.10404624277457,NA,NA,NA,NA,NA,NA,NA,NA
-17,NA,NA,231,1843,NA,3,42,NA,1.31578947368421,2.33203775680178,NA,NA,NA,NA,NA,NA,NA,NA
-16,NA,NA,234,1850,NA,3,7,NA,1.2987012987013,0.379815518176886,NA,NA,NA,NA,NA,NA,NA,NA
-15,NA,NA,237,1851,NA,3,1,NA,1.28205128205128,0.0540540540540541,NA,NA,NA,NA,NA,NA,NA,NA
-14,NA,NA,239,1851,NA,2,0,NA,0.843881856540084,0,NA,NA,NA,NA,NA,NA,NA,NA
-13,NA,NA,242,1868,NA,3,17,NA,1.25523012552301,0.918422474338196,NA,NA,NA,NA,NA,NA,NA,NA
-12,NA,NA,244,1842,NA,2,-26,NA,0.826446280991736,-1.39186295503212,NA,NA,NA,NA,NA,NA,NA,NA
-11,NA,NA,246,1866,NA,2,24,NA,0.819672131147541,1.30293159609121,NA,NA,NA,NA,NA,NA,NA,NA
-10,NA,NA,249,1868,NA,3,2,NA,1.21951219512195,0.107181136120043,NA,NA,NA,NA,NA,NA,NA,NA
-9,NA,NA,251,1870,NA,2,2,NA,0.803212851405622,0.107066381156317,NA,NA,NA,NA,NA,NA,NA,NA
-8,NA,NA,253,1871,NA,2,1,NA,0.796812749003984,0.053475935828877,NA,NA,NA,NA,NA,NA,NA,NA
-7,NA,NA,254,1878,NA,1,7,NA,0.395256916996047,0.374131480491716,NA,NA,NA,NA,NA,NA,NA,NA
-6,NA,NA,255,1873,NA,1,-5,NA,0.393700787401575,-0.266240681576145,NA,NA,NA,NA,NA,NA,NA,NA
-5,0,0,257,1879,NA,2,6,NA,0.784313725490196,0.320341697810998,NA,NA,NA,NA,NA,NA,NA,NA
-4,1,0,259,1885,0,2,6,NA,0.778210116731518,0.319318786588611,NA,NA,NA,NA,NA,NA,NA,NA
-3,2,1,260,1890,1,1,5,Inf,0.386100386100386,0.26525198938992,NA,NA,NA,NA,NA,NA,NA,NA
-2,3,1,262,1905,0,2,15,0,0.769230769230769,0.793650793650794,NA,NA,NA,NA,NA,NA,NA,NA
-1,4,1,263,1912,0,1,7,0,0.381679389312977,0.36745406824147,NA,NA,NA,NA,NA,NA,NA,NA
0,5,1,264,1912,0,1,0,0,0.380228136882129,0,NA,NA,1912,1912,0,0,NA,NA
1,6,2,265,NA,1,1,NA,100,0.378787878787879,NA,100,0.378787878787879,3824,1919.24242424242,1912,7.24242424242448,100,0.378787878787891
2,7,2,266,NA,0,1,NA,0,0.377358490566038,NA,0,0.377358490566038,3824,1926.48484848485,0,7.24242424242425,0,0.377358490566038
3,8,3,267,NA,1,1,NA,50,0.37593984962406,NA,50,0.37593984962406,5736,1933.72727272727,1912,7.24242424242402,50,0.375939849624049
4,9,4,268,NA,1,1,NA,33.3333333333333,0.374531835205993,NA,33.3333333333333,0.374531835205993,7648,1940.9696969697,1912,7.24242424242425,33.3333333333333,0.374531835205993
5,10,5,269,NA,1,1,NA,25,0.373134328358209,NA,25,0.373134328358209,9560,1948.21212121212,1912,7.24242424242448,25,0.373134328358221
6,11,6,270,NA,1,1,NA,20,0.371747211895911,NA,20,0.371747211895911,11472,1955.45454545455,1912,7.24242424242402,20,0.371747211895899
7,12,7,271,NA,1,1,NA,16.6666666666667,0.37037037037037,NA,16.6666666666667,0.37037037037037,13384,1962.69696969697,1912,7.24242424242425,16.6666666666667,0.370370370370371
8,13,8,272,NA,1,1,NA,14.2857142857143,0.3690036900369,NA,14.2857142857143,0.3690036900369,15296,1969.93939393939,1912,7.24242424242425,14.2857142857143,0.369003690036901
9,14,9,273,NA,1,1,NA,12.5,0.367647058823529,NA,12.5,0.367647058823529,17208,1977.18181818182,1912,7.24242424242425,12.5,0.36764705882353
10,15,9,273,NA,0,0,NA,0,0,NA,0,0,17208,1977.18181818182,0,0,0,0
11,16,10,274,NA,1,1,NA,11.1111111111111,0.366300366300366,NA,11.1111111111111,0.366300366300366,19120,1984.42424242424,1912,7.24242424242425,11.1111111111111,0.366300366300367
12,17,10,275,NA,0,1,NA,0,0.364963503649635,NA,0,0.364963503649635,19120,1991.66666666667,0,7.24242424242402,0,0.364963503649624
13,18,11,276,NA,1,1,NA,10,0.363636363636364,NA,10,0.363636363636364,21032,1998.90909090909,1912,7.24242424242425,10,0.363636363636364
14,19,11,276,NA,0,0,NA,0,0,NA,0,0,21032,1998.90909090909,0,0,0,0
15,20,11,276,NA,0,0,NA,0,0,NA,0,0,21032,1998.90909090909,0,0,0,0
16,21,11,277,NA,0,1,NA,0,0.36231884057971,NA,0,0.36231884057971,21032,2006.15151515152,0,7.24242424242425,0,0.36231884057971
17,22,11,278,NA,0,1,NA,0,0.36101083032491,NA,0,0.36101083032491,21032,2013.39393939394,0,7.24242424242425,0,0.36101083032491
18,23,11,278,NA,0,0,NA,0,0,NA,0,0,21032,2013.39393939394,0,0,0,0
19,24,12,279,NA,1,1,NA,9.09090909090909,0.359712230215827,NA,9.09090909090909,0.359712230215827,22944,2020.63636363636,1912,7.24242424242425,9.09090909090907,0.359712230215828
20,25,12,279,NA,0,0,NA,0,0,NA,0,0,22944,2020.63636363636,0,0,0,0
21,26,12,280,NA,0,1,NA,0,0.3584229390681,NA,0,0.3584229390681,22944,2027.87878787879,0,7.24242424242402,0,0.358422939068089
22,27,12,280,NA,0,0,NA,0,0,NA,0,0,22944,2027.87878787879,0,0,0,0
23,28,12,280,NA,0,0,NA,0,0,NA,0,0,22944,2027.87878787879,0,0,0,0
24,29,12,281,NA,0,1,NA,0,0.357142857142857,NA,0,0.357142857142857,22944,2035.12121212121,0,7.24242424242425,0,0.357142857142858
25,30,12,281,NA,0,0,NA,0,0,NA,0,0,22944,2035.12121212121,0,0,0,0
26,31,13,281,NA,1,0,NA,8.33333333333333,0,NA,8.33333333333333,0,24856,2035.12121212121,1912,0,8.33333333333332,0
27,32,13,282,NA,0,1,NA,0,0.355871886120996,NA,0,0.355871886120996,24856,2042.36363636364,0,7.24242424242448,0,0.355871886121008
28,33,13,282,NA,0,0,NA,0,0,NA,0,0,24856,2042.36363636364,0,0,0,0
29,34,13,282,NA,0,0,NA,0,0,NA,0,0,24856,2042.36363636364,0,0,0,0
30,35,13,283,NA,0,1,NA,0,0.354609929078014,NA,0,0.354609929078014,24856,2049.60606060606,0,7.24242424242425,0,0.354609929078015
31,36,13,283,NA,0,0,NA,0,0,NA,0,0,24856,2049.60606060606,0,0,0,0
32,37,13,283,NA,0,0,NA,0,0,NA,0,0,24856,2049.60606060606,0,0,0,0
33,38,14,284,NA,1,1,NA,7.69230769230769,0.353356890459364,NA,7.69230769230769,0.353356890459364,26768,2056.84848484848,1912,7.24242424242448,7.69230769230768,0.353356890459375
34,39,14,284,NA,0,0,NA,0,0,NA,0,0,26768,2056.84848484848,0,0,0,0
35,40,14,284,NA,0,0,NA,0,0,NA,0,0,26768,2056.84848484848,0,0,0,0
36,41,14,285,NA,0,1,NA,0,0.352112676056338,NA,0,0.352112676056338,26768,2064.09090909091,0,7.24242424242448,0,0.352112676056349
37,42,14,285,NA,0,0,NA,0,0,NA,0,0,26768,2064.09090909091,0,0,0,0
38,43,14,285,NA,0,0,NA,0,0,NA,0,0,26768,2064.09090909091,0,0,0,0
39,44,14,285,NA,0,0,NA,0,0,NA,0,0,26768,2064.09090909091,0,0,0,0
40,45,14,286,NA,0,1,NA,0,0.350877192982456,NA,0,0.350877192982456,26768,2071.33333333333,0,7.24242424242448,0,0.350877192982467
41,46,15,286,NA,1,0,NA,7.14285714285714,0,NA,7.14285714285714,0,28680,2071.33333333333,1912,0,7.14285714285713,0
42,47,15,286,NA,0,0,NA,0,0,NA,0,0,28680,2071.33333333333,0,0,0,0
43,48,15,NA,NA,0,NA,NA,0,NA,NA,0,NA,28680,NA,0,NA,0,NA
44,49,15,NA,NA,0,NA,NA,0,NA,NA,0,NA,28680,NA,0,NA,0,NA
45,50,15,NA,NA,0,NA,NA,0,NA,NA,0,NA,28680,NA,0,NA,0,NA
46,51,15,NA,NA,0,NA,NA,0,NA,NA,0,NA,28680,NA,0,NA,0,NA
47,52,15,NA,NA,0,NA,NA,0,NA,NA,0,NA,28680,NA,0,NA,0,NA
48,53,15,NA,NA,0,NA,NA,0,NA,NA,0,NA,28680,NA,0,NA,0,NA
49,54,15,NA,NA,0,NA,NA,0,NA,NA,0,NA,28680,NA,0,NA,0,NA
50,55,15,NA,NA,0,NA,NA,0,NA,NA,0,NA,28680,NA,0,NA,0,NA
51,56,15,NA,NA,0,NA,NA,0,NA,NA,0,NA,28680,NA,0,NA,0,NA
52,57,15,NA,NA,0,NA,NA,0,NA,NA,0,NA,28680,NA,0,NA,0,NA
53,58,15,NA,NA,0,NA,NA,0,NA,NA,0,NA,28680,NA,0,NA,0,NA
54,59,15,NA,NA,0,NA,NA,0,NA,NA,0,NA,28680,NA,0,NA,0,NA
55,60,15,NA,NA,0,NA,NA,0,NA,NA,0,NA,28680,NA,0,NA,0,NA
56,61,15,NA,NA,0,NA,NA,0,NA,NA,0,NA,28680,NA,0,NA,0,NA
57,62,15,NA,NA,0,NA,NA,0,NA,NA,0,NA,28680,NA,0,NA,0,NA
58,63,15,NA,NA,0,NA,NA,0,NA,NA,0,NA,28680,NA,0,NA,0,NA
59,64,15,NA,NA,0,NA,NA,0,NA,NA,0,NA,28680,NA,0,NA,0,NA
60,65,15,NA,NA,0,NA,NA,0,NA,NA,0,NA,28680,NA,0,NA,0,NA
61,66,15,NA,NA,0,NA,NA,0,NA,NA,0,NA,28680,NA,0,NA,0,NA
62,67,15,NA,NA,0,NA,NA,0,NA,NA,0,NA,28680,NA,0,NA,0,NA
63,68,15,NA,NA,0,NA,NA,0,NA,NA,0,NA,28680,NA,0,NA,0,NA
64,69,15,NA,NA,0,NA,NA,0,NA,NA,0,NA,28680,NA,0,NA,0,NA
65,70,15,NA,NA,0,NA,NA,0,NA,NA,0,NA,28680,NA,0,NA,0,NA
66,71,15,NA,NA,0,NA,NA,0,NA,NA,0,NA,28680,NA,0,NA,0,NA
67,72,15,NA,NA,0,NA,NA,0,NA,NA,0,NA,28680,NA,0,NA,0,NA
68,73,15,NA,NA,0,NA,NA,0,NA,NA,0,NA,28680,NA,0,NA,0,NA
69,74,15,NA,NA,0,NA,NA,0,NA,NA,0,NA,28680,NA,0,NA,0,NA
70,75,15,NA,NA,0,NA,NA,0,NA,NA,0,NA,28680,NA,0,NA,0,NA
71,76,15,NA,NA,0,NA,NA,0,NA,NA,0,NA,28680,NA,0,NA,0,NA
72,77,15,NA,NA,0,NA,NA,0,NA,NA,0,NA,28680,NA,0,NA,0,NA
73,78,15,NA,NA,0,NA,NA,0,NA,NA,0,NA,28680,NA,0,NA,0,NA
74,79,15,NA,NA,0,NA,NA,0,NA,NA,0,NA,28680,NA,0,NA,0,NA
75,80,15,NA,NA,0,NA,NA,0,NA,NA,0,NA,28680,NA,0,NA,0,NA
76,81,15,NA,NA,0,NA,NA,0,NA,NA,0,NA,28680,NA,0,NA,0,NA
77,82,15,NA,NA,0,NA,NA,0,NA,NA,0,NA,28680,NA,0,NA,0,NA
78,83,16,NA,NA,1,NA,NA,6.66666666666667,NA,NA,6.66666666666667,NA,30592,NA,1912,NA,6.66666666666667,NA
79,84,16,NA,NA,0,NA,NA,0,NA,NA,0,NA,30592,NA,0,NA,0,NA
80,85,16,NA,NA,0,NA,NA,0,NA,NA,0,NA,30592,NA,0,NA,0,NA
81,86,16,NA,NA,0,NA,NA,0,NA,NA,0,NA,30592,NA,0,NA,0,NA
82,87,16,NA,NA,0,NA,NA,0,NA,NA,0,NA,30592,NA,0,NA,0,NA
83,88,16,NA,NA,0,NA,NA,0,NA,NA,0,NA,30592,NA,0,NA,0,NA
84,89,16,NA,NA,0,NA,NA,0,NA,NA,0,NA,30592,NA,0,NA,0,NA
85,90,16,NA,NA,0,NA,NA,0,NA,NA,0,NA,30592,NA,0,NA,0,NA
86,91,16,NA,NA,0,NA,NA,0,NA,NA,0,NA,30592,NA,0,NA,0,NA
87,92,16,NA,NA,0,NA,NA,0,NA,NA,0,NA,30592,NA,0,NA,0,NA
88,93,16,NA,NA,0,NA,NA,0,NA,NA,0,NA,30592,NA,0,NA,0,NA
89,94,16,NA,NA,0,NA,NA,0,NA,NA,0,NA,30592,NA,0,NA,0,NA
90,95,16,NA,NA,0,NA,NA,0,NA,NA,0,NA,30592,NA,0,NA,0,NA
91,96,16,NA,NA,0,NA,NA,0,NA,NA,0,NA,30592,NA,0,NA,0,NA
92,97,16,NA,NA,0,NA,NA,0,NA,NA,0,NA,30592,NA,0,NA,0,NA
93,98,16,NA,NA,0,NA,NA,0,NA,NA,0,NA,30592,NA,0,NA,0,NA
94,99,16,NA,NA,0,NA,NA,0,NA,NA,0,NA,30592,NA,0,NA,0,NA
95,100,16,NA,NA,0,NA,NA,0,NA,NA,0,NA,30592,NA,0,NA,0,NA
96,101,16,NA,NA,0,NA,NA,0,NA,NA,0,NA,30592,NA,0,NA,0,NA
97,102,16,NA,NA,0,NA,NA,0,NA,NA,0,NA,30592,NA,0,NA,0,NA
98,103,16,NA,NA,0,NA,NA,0,NA,NA,0,NA,30592,NA,0,NA,0,NA
99,104,16,NA,NA,0,NA,NA,0,NA,NA,0,NA,30592,NA,0,NA,0,NA
100,105,16,NA,NA,0,NA,NA,0,NA,NA,0,NA,30592,NA,0,NA,0,NA
101,106,17,NA,NA,1,NA,NA,6.25,NA,NA,6.25,NA,32504,NA,1912,NA,6.25,NA
102,107,17,NA,NA,0,NA,NA,0,NA,NA,0,NA,32504,NA,0,NA,0,NA
103,108,17,NA,NA,0,NA,NA,0,NA,NA,0,NA,32504,NA,0,NA,0,NA
104,109,17,NA,NA,0,NA,NA,0,NA,NA,0,NA,32504,NA,0,NA,0,NA
105,110,17,NA,NA,0,NA,NA,0,NA,NA,0,NA,32504,NA,0,NA,0,NA
106,111,17,NA,NA,0,NA,NA,0,NA,NA,0,NA,32504,NA,0,NA,0,NA
107,112,17,NA,NA,0,NA,NA,0,NA,NA,0,NA,32504,NA,0,NA,0,NA
108,113,17,NA,NA,0,NA,NA,0,NA,NA,0,NA,32504,NA,0,NA,0,NA
109,114,17,NA,NA,0,NA,NA,0,NA,NA,0,NA,32504,NA,0,NA,0,NA
110,115,17,NA,NA,0,NA,NA,0,NA,NA,0,NA,32504,NA,0,NA,0,NA
111,116,17,NA,NA,0,NA,NA,0,NA,NA,0,NA,32504,NA,0,NA,0,NA
112,117,17,NA,NA,0,NA,NA,0,NA,NA,0,NA,32504,NA,0,NA,0,NA
113,118,17,NA,NA,0,NA,NA,0,NA,NA,0,NA,32504,NA,0,NA,0,NA
114,119,17,NA,NA,0,NA,NA,0,NA,NA,0,NA,32504,NA,0,NA,0,NA
115,120,17,NA,NA,0,NA,NA,0,NA,NA,0,NA,32504,NA,0,NA,0,NA
116,121,18,NA,NA,1,NA,NA,5.88235294117647,NA,NA,5.88235294117647,NA,34416,NA,1912,NA,5.88235294117646,NA
117,122,18,NA,NA,0,NA,NA,0,NA,NA,0,NA,34416,NA,0,NA,0,NA
118,123,18,NA,NA,0,NA,NA,0,NA,NA,0,NA,34416,NA,0,NA,0,NA
