"daysFromToday","Day","Korea","Italy","X","dif.Korea","dif.Italy","dif.X","growth.Korea","growth.Italy","growth.X","prj.grKO.X","prj.grIT.X","grKO.prj.tot.X","grIT.prj.tot.X","dif.grKO.prj.tot.X","dif.grIT.prj.tot.X","growth.grKO.prj.tot.X","growth.grIT.prj.tot.X"
-156,0,0,NA,NA,NA,NA,NA,NA,NA,NA,NA,NA,NA,NA,NA,NA,NA,NA
-155,1,0,NA,NA,0,NA,NA,NA,NA,NA,NA,NA,NA,NA,NA,NA,NA,NA
-154,2,1,NA,NA,1,NA,NA,Inf,NA,NA,NA,NA,NA,NA,NA,NA,NA,NA
-153,3,1,NA,NA,0,NA,NA,0,NA,NA,NA,NA,NA,NA,NA,NA,NA,NA
-152,4,2,NA,NA,1,NA,NA,100,NA,NA,NA,NA,NA,NA,NA,NA,NA,NA
-151,5,2,NA,NA,0,NA,NA,0,NA,NA,NA,NA,NA,NA,NA,NA,NA,NA
-150,6,3,NA,NA,1,NA,NA,50,NA,NA,NA,NA,NA,NA,NA,NA,NA,NA
-149,7,4,NA,NA,1,NA,NA,33.3333333333333,NA,NA,NA,NA,NA,NA,NA,NA,NA,NA
-148,8,5,NA,NA,1,NA,NA,25,NA,NA,NA,NA,NA,NA,NA,NA,NA,NA
-147,9,7,NA,NA,2,NA,NA,40,NA,NA,NA,NA,NA,NA,NA,NA,NA,NA
-146,10,9,NA,NA,2,NA,NA,28.5714285714286,NA,NA,NA,NA,NA,NA,NA,NA,NA,NA
-145,11,10,NA,NA,1,NA,NA,11.1111111111111,NA,NA,NA,NA,NA,NA,NA,NA,NA,NA
-144,12,12,NA,NA,2,NA,NA,20,NA,NA,NA,NA,NA,NA,NA,NA,NA,NA
-143,13,13,NA,NA,1,NA,NA,8.33333333333333,NA,NA,NA,NA,NA,NA,NA,NA,NA,NA
-142,14,14,NA,NA,1,NA,NA,7.69230769230769,NA,NA,NA,NA,NA,NA,NA,NA,NA,NA
-141,15,15,NA,NA,1,NA,NA,7.14285714285714,NA,NA,NA,NA,NA,NA,NA,NA,NA,NA
-140,16,16,NA,NA,1,NA,NA,6.66666666666667,NA,NA,NA,NA,NA,NA,NA,NA,NA,NA
-139,17,17,NA,NA,1,NA,NA,6.25,NA,NA,NA,NA,NA,NA,NA,NA,NA,NA
-138,18,17,NA,NA,0,NA,NA,0,NA,NA,NA,NA,NA,NA,NA,NA,NA,NA
-137,19,17,NA,NA,0,NA,NA,0,NA,NA,NA,NA,NA,NA,NA,NA,NA,NA
-136,20,18,NA,NA,1,NA,NA,5.88235294117647,NA,NA,NA,NA,NA,NA,NA,NA,NA,NA
-135,21,18,NA,NA,0,NA,NA,0,NA,NA,NA,NA,NA,NA,NA,NA,NA,NA
-134,22,18,NA,NA,0,NA,NA,0,NA,NA,NA,NA,NA,NA,NA,NA,NA,NA
-133,23,19,NA,NA,1,NA,NA,5.55555555555556,NA,NA,NA,NA,NA,NA,NA,NA,NA,NA
-132,24,19,NA,NA,0,NA,NA,0,NA,NA,NA,NA,NA,NA,NA,NA,NA,NA
-131,25,19,NA,NA,0,NA,NA,0,NA,NA,NA,NA,NA,NA,NA,NA,NA,NA
-130,26,19,NA,NA,0,NA,NA,0,NA,NA,NA,NA,NA,NA,NA,NA,NA,NA
-129,27,19,NA,NA,0,NA,NA,0,NA,NA,NA,NA,NA,NA,NA,NA,NA,NA
-128,28,20,NA,NA,1,NA,NA,5.26315789473684,NA,NA,NA,NA,NA,NA,NA,NA,NA,NA
-127,29,20,NA,NA,0,NA,NA,0,NA,NA,NA,NA,NA,NA,NA,NA,NA,NA
-126,30,20,NA,NA,0,NA,NA,0,NA,NA,NA,NA,NA,NA,NA,NA,NA,NA
-125,31,21,NA,NA,1,NA,NA,5,NA,NA,NA,NA,NA,NA,NA,NA,NA,NA
-124,32,21,NA,NA,0,NA,NA,0,NA,NA,NA,NA,NA,NA,NA,NA,NA,NA
-123,33,21,NA,NA,0,NA,NA,0,NA,NA,NA,NA,NA,NA,NA,NA,NA,NA
-122,34,21,NA,NA,0,NA,NA,0,NA,NA,NA,NA,NA,NA,NA,NA,NA,NA
-121,35,21,NA,NA,0,NA,NA,0,NA,NA,NA,NA,NA,NA,NA,NA,NA,NA
-120,36,22,NA,NA,1,NA,NA,4.76190476190476,NA,NA,NA,NA,NA,NA,NA,NA,NA,NA
-119,37,22,NA,NA,0,NA,NA,0,NA,NA,NA,NA,NA,NA,NA,NA,NA,NA
-118,38,22,NA,NA,0,NA,NA,0,NA,NA,NA,NA,NA,NA,NA,NA,NA,NA
-117,39,22,NA,NA,0,NA,NA,0,NA,NA,NA,NA,NA,NA,NA,NA,NA,NA
-116,40,23,NA,NA,1,NA,NA,4.54545454545455,NA,NA,NA,NA,NA,NA,NA,NA,NA,NA
-115,41,23,NA,NA,0,NA,NA,0,NA,NA,NA,NA,NA,NA,NA,NA,NA,NA
-114,42,23,NA,NA,0,NA,NA,0,NA,NA,NA,NA,NA,NA,NA,NA,NA,NA
-113,43,23,NA,NA,0,NA,NA,0,NA,NA,NA,NA,NA,NA,NA,NA,NA,NA
-112,44,23,NA,NA,0,NA,NA,0,NA,NA,NA,NA,NA,NA,NA,NA,NA,NA
-111,45,24,NA,NA,1,NA,NA,4.34782608695652,NA,NA,NA,NA,NA,NA,NA,NA,NA,NA
-110,46,24,NA,NA,0,NA,NA,0,NA,NA,NA,NA,NA,NA,NA,NA,NA,NA
-109,47,24,NA,NA,0,NA,NA,0,NA,NA,NA,NA,NA,NA,NA,NA,NA,NA
-108,48,24,NA,NA,0,NA,NA,0,NA,NA,NA,NA,NA,NA,NA,NA,NA,NA
-107,49,24,NA,NA,0,NA,NA,0,NA,NA,NA,NA,NA,NA,NA,NA,NA,NA
-106,50,24,NA,NA,0,NA,NA,0,NA,NA,NA,NA,NA,NA,NA,NA,NA,NA
-105,51,24,NA,NA,0,NA,NA,0,NA,NA,NA,NA,NA,NA,NA,NA,NA,NA
-104,52,24,NA,NA,0,NA,NA,0,NA,NA,NA,NA,NA,NA,NA,NA,NA,NA
-103,53,24,NA,NA,0,NA,NA,0,NA,NA,NA,NA,NA,NA,NA,NA,NA,NA
-102,54,24,NA,NA,0,NA,NA,0,NA,NA,NA,NA,NA,NA,NA,NA,NA,NA
-101,55,24,NA,NA,0,NA,NA,0,NA,NA,NA,NA,NA,NA,NA,NA,NA,NA
-100,56,24,NA,NA,0,NA,NA,0,NA,NA,NA,NA,NA,NA,NA,NA,NA,NA
-99,57,25,NA,NA,1,NA,NA,4.16666666666667,NA,NA,NA,NA,NA,NA,NA,NA,NA,NA
-98,58,25,NA,NA,0,NA,NA,0,NA,NA,NA,NA,NA,NA,NA,NA,NA,NA
-97,59,25,NA,NA,0,NA,NA,0,NA,NA,NA,NA,NA,NA,NA,NA,NA,NA
-96,60,25,NA,NA,0,NA,NA,0,NA,NA,NA,NA,NA,NA,NA,NA,NA,NA
-95,61,25,NA,NA,0,NA,NA,0,NA,NA,NA,NA,NA,NA,NA,NA,NA,NA
-94,62,25,NA,53,0,NA,NA,0,NA,NA,NA,NA,NA,NA,NA,NA,NA,NA
-93,63,25,NA,53,0,NA,0,0,NA,0,NA,NA,NA,NA,NA,NA,NA,NA
-92,64,25,NA,78,0,NA,25,0,NA,47.1698113207547,NA,NA,NA,NA,NA,NA,NA,NA
-91,65,25,NA,79,0,NA,1,0,NA,1.28205128205128,NA,NA,NA,NA,NA,NA,NA,NA
-90,66,25,NA,79,0,NA,0,0,NA,0,NA,NA,NA,NA,NA,NA,NA,NA
-89,67,25,NA,83,0,NA,4,0,NA,5.06329113924051,NA,NA,NA,NA,NA,NA,NA,NA
-88,68,25,NA,84,0,NA,1,0,NA,1.20481927710843,NA,NA,NA,NA,NA,NA,NA,NA
-87,69,25,NA,84,0,NA,0,0,NA,0,NA,NA,NA,NA,NA,NA,NA,NA
-86,70,25,NA,84,0,NA,0,0,NA,0,NA,NA,NA,NA,NA,NA,NA,NA
-85,71,25,NA,84,0,NA,0,0,NA,0,NA,NA,NA,NA,NA,NA,NA,NA
-84,72,25,NA,84,0,NA,0,0,NA,0,NA,NA,NA,NA,NA,NA,NA,NA
-83,73,25,NA,84,0,NA,0,0,NA,0,NA,NA,NA,NA,NA,NA,NA,NA
-82,74,25,NA,84,0,NA,0,0,NA,0,NA,NA,NA,NA,NA,NA,NA,NA
-81,75,25,NA,85,0,NA,1,0,NA,1.19047619047619,NA,NA,NA,NA,NA,NA,NA,NA
-80,76,25,NA,86,0,NA,1,0,NA,1.17647058823529,NA,NA,NA,NA,NA,NA,NA,NA
-79,77,25,NA,86,0,NA,0,0,NA,0,NA,NA,NA,NA,NA,NA,NA,NA
-78,78,25,NA,86,0,NA,0,0,NA,0,NA,NA,NA,NA,NA,NA,NA,NA
-77,79,25,NA,87,0,NA,1,0,NA,1.16279069767442,NA,NA,NA,NA,NA,NA,NA,NA
-76,80,25,NA,87,0,NA,0,0,NA,0,NA,NA,NA,NA,NA,NA,NA,NA
-75,81,25,NA,88,0,NA,1,0,NA,1.14942528735632,NA,NA,NA,NA,NA,NA,NA,NA
-74,82,25,NA,89,0,NA,1,0,NA,1.13636363636364,NA,NA,NA,NA,NA,NA,NA,NA
-73,83,25,NA,90,0,NA,1,0,NA,1.12359550561798,NA,NA,NA,NA,NA,NA,NA,NA
-72,84,25,NA,90,0,NA,0,0,NA,0,NA,NA,NA,NA,NA,NA,NA,NA
-71,85,25,NA,90,0,NA,0,0,NA,0,NA,NA,NA,NA,NA,NA,NA,NA
-70,86,25,NA,90,0,NA,0,0,NA,0,NA,NA,NA,NA,NA,NA,NA,NA
-69,87,26,NA,90,1,NA,0,4,NA,0,NA,NA,NA,NA,NA,NA,NA,NA
-68,88,26,NA,93,0,NA,3,0,NA,3.33333333333333,NA,NA,NA,NA,NA,NA,NA,NA
-67,89,26,NA,93,0,NA,0,0,NA,0,NA,NA,NA,NA,NA,NA,NA,NA
-66,90,26,NA,93,0,NA,0,0,NA,0,NA,NA,NA,NA,NA,NA,NA,NA
-65,91,26,NA,99,0,NA,6,0,NA,6.45161290322581,NA,NA,NA,NA,NA,NA,NA,NA
-64,92,26,NA,100,0,NA,1,0,NA,1.01010101010101,NA,NA,NA,NA,NA,NA,NA,NA
-63,93,26,NA,106,0,NA,6,0,NA,6,NA,NA,NA,NA,NA,NA,NA,NA
-62,94,26,0,106,0,NA,0,0,NA,0,NA,NA,NA,NA,NA,NA,NA,NA
-61,95,26,0,107,0,0,1,0,NA,0.943396226415094,NA,NA,NA,NA,NA,NA,NA,NA
-60,96,26,0,109,0,0,2,0,NA,1.86915887850467,NA,NA,NA,NA,NA,NA,NA,NA
-59,97,26,1,109,0,1,0,0,Inf,0,NA,NA,NA,NA,NA,NA,NA,NA
-58,98,26,1,111,0,0,2,0,0,1.8348623853211,NA,NA,NA,NA,NA,NA,NA,NA
-57,99,26,1,111,0,0,0,0,0,0,NA,NA,NA,NA,NA,NA,NA,NA
-56,100,26,2,111,0,1,0,0,100,0,NA,NA,NA,NA,NA,NA,NA,NA
-55,101,27,2,119,1,0,8,3.84615384615385,0,7.20720720720721,NA,NA,NA,NA,NA,NA,NA,NA
-54,102,27,3,122,0,1,3,0,50,2.52100840336134,NA,NA,NA,NA,NA,NA,NA,NA
-53,103,27,4,122,0,1,0,0,33.3333333333333,0,NA,NA,NA,NA,NA,NA,NA,NA
-52,104,27,5,137,0,1,15,0,25,12.2950819672131,NA,NA,NA,NA,NA,NA,NA,NA
-51,105,27,6,146,0,1,9,0,20,6.56934306569343,NA,NA,NA,NA,NA,NA,NA,NA
-50,106,27,8,146,0,2,0,0,33.3333333333333,0,NA,NA,NA,NA,NA,NA,NA,NA
-49,107,27,9,164,0,1,18,0,12.5,12.3287671232877,NA,NA,NA,NA,NA,NA,NA,NA
-48,108,27,11,164,0,2,0,0,22.2222222222222,0,NA,NA,NA,NA,NA,NA,NA,NA
-47,109,27,14,164,0,3,0,0,27.2727272727273,0,NA,NA,NA,NA,NA,NA,NA,NA
-46,110,27,18,214,0,4,50,0,28.5714285714286,30.4878048780488,NA,NA,NA,NA,NA,NA,NA,NA
-45,111,28,20,223,1,2,9,3.7037037037037,11.1111111111111,4.20560747663551,NA,NA,NA,NA,NA,NA,NA,NA
-44,112,28,24,232,0,4,9,0,20,4.03587443946188,NA,NA,NA,NA,NA,NA,NA,NA
-43,113,28,30,239,0,6,7,0,25,3.01724137931034,NA,NA,NA,NA,NA,NA,NA,NA
-42,114,28,35,250,0,5,11,0,16.6666666666667,4.60251046025105,NA,NA,NA,NA,NA,NA,NA,NA
-41,115,28,41,256,0,6,6,0,17.1428571428571,2.4,NA,NA,NA,NA,NA,NA,NA,NA
-40,116,28,48,272,0,7,16,0,17.0731707317073,6.25,NA,NA,NA,NA,NA,NA,NA,NA
-39,117,28,55,282,0,7,10,0,14.5833333333333,3.67647058823529,NA,NA,NA,NA,NA,NA,NA,NA
-38,118,28,62,311,0,7,29,0,12.7272727272727,10.2836879432624,NA,NA,NA,NA,NA,NA,NA,NA
-37,119,28,70,342,0,8,31,0,12.9032258064516,9.96784565916399,NA,NA,NA,NA,NA,NA,NA,NA
-36,120,29,80,358,1,10,16,3.57142857142857,14.2857142857143,4.67836257309941,NA,NA,NA,NA,NA,NA,NA,NA
-35,121,29,92,379,0,12,21,0,15,5.8659217877095,NA,NA,NA,NA,NA,NA,NA,NA
-34,122,29,105,394,0,13,15,0,14.1304347826087,3.95778364116095,NA,NA,NA,NA,NA,NA,NA,NA
-33,123,29,116,423,0,11,29,0,10.4761904761905,7.36040609137056,NA,NA,NA,NA,NA,NA,NA,NA
-32,124,29,125,463,0,9,40,0,7.75862068965517,9.45626477541371,NA,NA,NA,NA,NA,NA,NA,NA
-31,125,29,135,504,0,10,41,0,8,8.85529157667387,NA,NA,NA,NA,NA,NA,NA,NA
-30,126,29,145,539,0,10,35,0,7.40740740740741,6.94444444444444,NA,NA,NA,NA,NA,NA,NA,NA
-29,127,29,158,623,0,13,84,0,8.96551724137931,15.5844155844156,NA,NA,NA,NA,NA,NA,NA,NA
-28,128,29,169,644,0,11,21,0,6.9620253164557,3.37078651685393,NA,NA,NA,NA,NA,NA,NA,NA
-27,129,29,181,711,0,12,67,0,7.10059171597633,10.4037267080745,NA,NA,NA,NA,NA,NA,NA,NA
-26,130,30,191,726,1,10,15,3.44827586206897,5.52486187845304,2.10970464135021,NA,NA,NA,NA,NA,NA,NA,NA
-25,131,30,199,770,0,8,44,0,4.18848167539267,6.06060606060606,NA,NA,NA,NA,NA,NA,NA,NA
-24,132,30,207,807,0,8,37,0,4.02010050251256,4.80519480519481,NA,NA,NA,NA,NA,NA,NA,NA
-23,133,30,216,919,0,9,112,0,4.34782608695652,13.8785625774473,NA,NA,NA,NA,NA,NA,NA,NA
-22,134,30,225,975,0,9,56,0,4.16666666666667,6.09357997823721,NA,NA,NA,NA,NA,NA,NA,NA
-21,135,30,234,1065,0,9,90,0,4,9.23076923076923,NA,NA,NA,NA,NA,NA,NA,NA
-20,136,30,244,1160,0,10,95,0,4.27350427350427,8.92018779342723,NA,NA,NA,NA,NA,NA,NA,NA
-19,137,30,252,1265,0,8,105,0,3.27868852459016,9.05172413793103,NA,NA,NA,NA,NA,NA,NA,NA
-18,138,31,259,1343,1,7,78,3.33333333333333,2.77777777777778,6.16600790513834,NA,NA,NA,NA,NA,NA,NA,NA
-17,139,31,265,1419,0,6,76,0,2.31660231660232,5.65897244973939,NA,NA,NA,NA,NA,NA,NA,NA
-16,140,31,273,1455,0,8,36,0,3.0188679245283,2.5369978858351,NA,NA,NA,NA,NA,NA,NA,NA
-15,141,31,281,1497,0,8,42,0,2.93040293040293,2.88659793814433,NA,NA,NA,NA,NA,NA,NA,NA
-14,142,31,288,1560,0,7,63,0,2.49110320284698,4.20841683366733,NA,NA,NA,NA,NA,NA,NA,NA
-13,143,31,298,1635,0,10,75,0,3.47222222222222,4.80769230769231,NA,NA,NA,NA,NA,NA,NA,NA
-12,144,31,306,1690,0,8,55,0,2.68456375838926,3.36391437308868,NA,NA,NA,NA,NA,NA,NA,NA
-11,145,31,312,1773,0,6,83,0,1.96078431372549,4.9112426035503,NA,NA,NA,NA,NA,NA,NA,NA
-10,146,31,318,1875,0,6,102,0,1.92307692307692,5.75296108291032,NA,NA,NA,NA,NA,NA,NA,NA
-9,147,32,323,1922,1,5,47,3.2258064516129,1.57232704402516,2.50666666666667,NA,NA,NA,NA,NA,NA,NA,NA
-8,148,32,330,1965,0,7,43,0,2.1671826625387,2.2372528616025,NA,NA,NA,NA,NA,NA,NA,NA
-7,149,32,337,2046,0,7,81,0,2.12121212121212,4.12213740458015,NA,NA,NA,NA,NA,NA,NA,NA
-6,150,32,344,2082,0,7,36,0,2.07715133531157,1.75953079178886,NA,NA,NA,NA,NA,NA,NA,NA
-5,151,32,350,2131,0,6,49,0,1.74418604651163,2.35350624399616,NA,NA,NA,NA,NA,NA,NA,NA
-4,152,32,354,2175,0,4,44,0,1.14285714285714,2.06475832942281,NA,NA,NA,NA,NA,NA,NA,NA
-3,153,32,360,2310,0,6,135,0,1.69491525423729,6.20689655172414,NA,NA,NA,NA,NA,NA,NA,NA
-2,154,32,366,2343,0,6,33,0,1.66666666666667,1.42857142857143,NA,NA,NA,NA,NA,NA,NA,NA
-1,155,32,371,2374,0,5,31,0,1.36612021857923,1.32309005548442,NA,NA,NA,NA,NA,NA,NA,NA
0,156,33,377,2421,1,6,47,3.125,1.61725067385445,1.97978096040438,NA,NA,2421,2421,47,47,NA,NA
1,157,33,382,NA,0,5,NA,0,1.3262599469496,NA,0,1.3262599469496,2421,2453.10875331565,0,32.1087533156497,0,1.32625994694959
2,158,33,386,NA,0,4,NA,0,1.04712041884817,NA,0,1.04712041884817,2421,2478.79575596817,0,25.6870026525198,0,1.04712041884816
3,159,33,390,NA,0,4,NA,0,1.03626943005181,NA,0,1.03626943005181,2421,2504.48275862069,0,25.6870026525198,0,1.03626943005181
4,160,33,394,NA,0,4,NA,0,1.02564102564103,NA,0,1.02564102564103,2421,2530.16976127321,0,25.6870026525198,0,1.02564102564102
5,161,33,398,NA,0,4,NA,0,1.01522842639594,NA,0,1.01522842639594,2421,2555.85676392573,0,25.6870026525198,0,1.01522842639594
6,162,33,402,NA,0,4,NA,0,1.00502512562814,NA,0,1.00502512562814,2421,2581.54376657825,0,25.6870026525198,0,1.00502512562814
7,163,33,405,NA,0,3,NA,0,0.746268656716418,NA,0,0.746268656716418,2421,2600.80901856764,0,19.2652519893895,0,0.746268656716403
8,164,33,409,NA,0,4,NA,0,0.987654320987654,NA,0,0.987654320987654,2421,2626.49602122016,0,25.6870026525203,0,0.987654320987669
9,165,33,412,NA,0,3,NA,0,0.733496332518337,NA,0,0.733496332518337,2421,2645.76127320955,0,19.26525198939,0,0.73349633251834
10,NA,NA,414,NA,NA,2,NA,NA,0.485436893203883,NA,NA,0.485436893203883,NA,2658.60477453581,NA,12.8435013262601,NA,0.485436893203891
11,NA,NA,416,NA,NA,2,NA,NA,0.483091787439614,NA,NA,0.483091787439614,NA,2671.44827586207,NA,12.8435013262601,NA,0.483091787439621
12,NA,NA,419,NA,NA,3,NA,NA,0.721153846153846,NA,NA,0.721153846153846,NA,2690.71352785146,NA,19.26525198939,NA,0.721153846153848
13,NA,NA,422,NA,NA,3,NA,NA,0.715990453460621,NA,NA,0.715990453460621,NA,2709.97877984085,NA,19.26525198939,NA,0.715990453460623
14,NA,NA,425,NA,NA,3,NA,NA,0.710900473933649,NA,NA,0.710900473933649,NA,2729.24403183024,NA,19.26525198939,NA,0.710900473933652
15,NA,NA,427,NA,NA,2,NA,NA,0.470588235294118,NA,NA,0.470588235294118,NA,2742.0875331565,NA,12.8435013262597,NA,0.470588235294108
16,NA,NA,428,NA,NA,1,NA,NA,0.234192037470726,NA,NA,0.234192037470726,NA,2748.50928381963,NA,6.42175066312984,NA,0.234192037470721
17,NA,NA,430,NA,NA,2,NA,NA,0.467289719626168,NA,NA,0.467289719626168,NA,2761.35278514589,NA,12.8435013262601,NA,0.467289719626175
18,NA,NA,432,NA,NA,2,NA,NA,0.465116279069767,NA,NA,0.465116279069767,NA,2774.19628647215,NA,12.8435013262601,NA,0.465116279069774
19,NA,NA,434,NA,NA,2,NA,NA,0.462962962962963,NA,NA,0.462962962962963,NA,2787.03978779841,NA,12.8435013262597,NA,0.462962962962953
20,NA,NA,436,NA,NA,2,NA,NA,0.460829493087558,NA,NA,0.460829493087558,NA,2799.88328912467,NA,12.8435013262601,NA,0.460829493087565
21,NA,NA,438,NA,NA,2,NA,NA,0.458715596330275,NA,NA,0.458715596330275,NA,2812.72679045093,NA,12.8435013262601,NA,0.458715596330282
22,NA,NA,439,NA,NA,1,NA,NA,0.228310502283105,NA,NA,0.228310502283105,NA,2819.14854111406,NA,6.4217506631303,NA,0.228310502283117
23,NA,NA,441,NA,NA,2,NA,NA,0.455580865603645,NA,NA,0.455580865603645,NA,2831.99204244032,NA,12.8435013262601,NA,0.455580865603651
24,NA,NA,442,NA,NA,1,NA,NA,0.226757369614512,NA,NA,0.226757369614512,NA,2838.41379310345,NA,6.42175066312984,NA,0.226757369614508
25,NA,NA,443,NA,NA,1,NA,NA,0.226244343891403,NA,NA,0.226244343891403,NA,2844.83554376658,NA,6.42175066312984,NA,0.226244343891398
26,NA,NA,444,NA,NA,1,NA,NA,0.225733634311512,NA,NA,0.225733634311512,NA,2851.25729442971,NA,6.42175066312984,NA,0.225733634311508
27,NA,NA,446,NA,NA,2,NA,NA,0.45045045045045,NA,NA,0.45045045045045,NA,2864.10079575597,NA,12.8435013262597,NA,0.450450450450441
28,NA,NA,447,NA,NA,1,NA,NA,0.224215246636771,NA,NA,0.224215246636771,NA,2870.5225464191,NA,6.42175066312984,NA,0.224215246636767
29,NA,NA,448,NA,NA,1,NA,NA,0.223713646532438,NA,NA,0.223713646532438,NA,2876.94429708223,NA,6.4217506631303,NA,0.22371364653245
30,NA,NA,449,NA,NA,1,NA,NA,0.223214285714286,NA,NA,0.223214285714286,NA,2883.36604774536,NA,6.42175066312984,NA,0.223214285714281
31,NA,NA,450,NA,NA,1,NA,NA,0.22271714922049,NA,NA,0.22271714922049,NA,2889.78779840849,NA,6.42175066312984,NA,0.222717149220485
32,NA,NA,451,NA,NA,1,NA,NA,0.222222222222222,NA,NA,0.222222222222222,NA,2896.20954907162,NA,6.42175066312984,NA,0.222222222222218
33,NA,NA,452,NA,NA,1,NA,NA,0.221729490022173,NA,NA,0.221729490022173,NA,2902.63129973475,NA,6.42175066312984,NA,0.221729490022168
34,NA,NA,453,NA,NA,1,NA,NA,0.221238938053097,NA,NA,0.221238938053097,NA,2909.05305039788,NA,6.4217506631303,NA,0.221238938053108
35,NA,NA,454,NA,NA,1,NA,NA,0.22075055187638,NA,NA,0.22075055187638,NA,2915.47480106101,NA,6.42175066312984,NA,0.220750551876375
36,NA,NA,455,NA,NA,1,NA,NA,0.220264317180617,NA,NA,0.220264317180617,NA,2921.89655172414,NA,6.42175066312984,NA,0.220264317180612
37,NA,NA,455,NA,NA,0,NA,NA,0,NA,NA,0,NA,2921.89655172414,NA,0,NA,0
38,NA,NA,456,NA,NA,1,NA,NA,0.21978021978022,NA,NA,0.21978021978022,NA,2928.31830238727,NA,6.42175066312984,NA,0.219780219780215
39,NA,NA,456,NA,NA,0,NA,NA,0,NA,NA,0,NA,2928.31830238727,NA,0,NA,0
