"daysFromToday","Day","Korea","Italy","X","dif.Korea","dif.Italy","dif.X","growth.Korea","growth.Italy","growth.X","prj.grKO.X","prj.grIT.X","grKO.prj.tot.X","grIT.prj.tot.X","dif.grKO.prj.tot.X","dif.grIT.prj.tot.X","growth.grKO.prj.tot.X","growth.grIT.prj.tot.X"
-52,NA,NA,2,NA,NA,NA,NA,NA,NA,NA,NA,NA,NA,NA,NA,NA,NA,NA
-51,NA,NA,5,NA,NA,3,NA,NA,150,NA,NA,NA,NA,NA,NA,NA,NA,NA
-50,NA,NA,8,NA,NA,3,NA,NA,60,NA,NA,NA,NA,NA,NA,NA,NA,NA
-49,NA,NA,11,NA,NA,3,NA,NA,37.5,NA,NA,NA,NA,NA,NA,NA,NA,NA
-48,NA,NA,15,NA,NA,4,NA,NA,36.3636363636364,NA,NA,NA,NA,NA,NA,NA,NA,NA
-47,NA,NA,22,NA,NA,7,NA,NA,46.6666666666667,NA,NA,NA,NA,NA,NA,NA,NA,NA
-46,NA,NA,29,NA,NA,7,NA,NA,31.8181818181818,NA,NA,NA,NA,NA,NA,NA,NA,NA
-45,NA,NA,37,NA,NA,8,NA,NA,27.5862068965517,NA,NA,NA,NA,NA,NA,NA,NA,NA
-44,NA,NA,56,NA,NA,19,NA,NA,51.3513513513513,NA,NA,NA,NA,NA,NA,NA,NA,NA
-43,NA,NA,67,NA,NA,11,NA,NA,19.6428571428571,NA,NA,NA,NA,NA,NA,NA,NA,NA
-42,NA,NA,82,NA,NA,15,NA,NA,22.3880597014925,NA,NA,NA,NA,NA,NA,NA,NA,NA
-41,NA,NA,101,NA,NA,19,NA,NA,23.1707317073171,NA,NA,NA,NA,NA,NA,NA,NA,NA
-40,NA,NA,127,NA,NA,26,NA,NA,25.7425742574257,NA,NA,NA,NA,NA,NA,NA,NA,NA
-39,NA,NA,152,NA,NA,25,NA,NA,19.6850393700787,NA,NA,NA,NA,NA,NA,NA,NA,NA
-38,NA,NA,193,NA,NA,41,NA,NA,26.9736842105263,NA,NA,NA,NA,NA,NA,NA,NA,NA
-37,NA,NA,242,NA,NA,49,NA,NA,25.3886010362694,NA,NA,NA,NA,NA,NA,NA,NA,NA
-36,NA,NA,301,NA,NA,59,NA,NA,24.3801652892562,NA,NA,NA,NA,NA,NA,NA,NA,NA
-35,NA,NA,333,NA,NA,32,NA,NA,10.6312292358804,NA,NA,NA,NA,NA,NA,NA,NA,NA
-34,NA,NA,409,NA,NA,76,NA,NA,22.8228228228228,NA,NA,NA,NA,NA,NA,NA,NA,NA
-33,NA,NA,496,NA,NA,87,NA,NA,21.2713936430318,NA,NA,NA,NA,NA,NA,NA,NA,NA
-32,NA,NA,580,NA,NA,84,NA,NA,16.9354838709677,NA,NA,NA,NA,NA,NA,NA,NA,NA
-31,NA,NA,695,NA,NA,115,NA,NA,19.8275862068966,NA,NA,NA,NA,NA,NA,NA,NA,NA
-30,NA,NA,813,NA,NA,118,NA,NA,16.9784172661871,NA,NA,NA,NA,NA,NA,NA,NA,NA
-29,NA,NA,919,NA,NA,106,NA,NA,13.0381303813038,NA,NA,NA,NA,NA,NA,NA,NA,NA
-28,NA,NA,1035,NA,NA,116,NA,NA,12.6224156692057,NA,NA,NA,NA,NA,NA,NA,NA,NA
-27,NA,NA,1173,68,NA,138,NA,NA,13.3333333333333,NA,NA,NA,NA,NA,NA,NA,NA,NA
-26,NA,NA,1348,69,NA,175,1,NA,14.9190110826939,1.47058823529412,NA,NA,NA,NA,NA,NA,NA,NA
-25,NA,NA,1545,84,NA,197,15,NA,14.6142433234421,21.7391304347826,NA,NA,NA,NA,NA,NA,NA,NA
-24,NA,NA,1760,113,NA,215,29,NA,13.915857605178,34.5238095238095,NA,NA,NA,NA,NA,NA,NA,NA
-23,NA,NA,1943,125,NA,183,12,NA,10.3977272727273,10.6194690265487,NA,NA,NA,NA,NA,NA,NA,NA
-22,0,4,2100,140,NA,157,15,NA,8.0802882141019,12,NA,NA,NA,NA,NA,NA,NA,NA
-21,1,8,2272,157,4,172,17,100,8.19047619047619,12.1428571428571,NA,NA,NA,NA,NA,NA,NA,NA
-20,2,17,2443,207,9,171,50,112.5,7.52640845070423,31.8471337579618,NA,NA,NA,NA,NA,NA,NA,NA
-19,3,23,2647,229,6,204,22,35.2941176470588,8.35038886614818,10.6280193236715,NA,NA,NA,NA,NA,NA,NA,NA
-18,4,32,2841,254,9,194,25,39.1304347826087,7.3290517567057,10.9170305676856,NA,NA,NA,NA,NA,NA,NA,NA
-17,5,38,3038,342,6,197,88,18.75,6.9341781063006,34.6456692913386,NA,NA,NA,NA,NA,NA,NA,NA
-16,6,49,3209,395,11,171,53,28.9473684210526,5.62870309414088,15.4970760233918,NA,NA,NA,NA,NA,NA,NA,NA
-15,7,68,3342,421,19,133,26,38.7755102040816,4.14459333125584,6.58227848101266,NA,NA,NA,NA,NA,NA,NA,NA
-14,8,91,3475,467,23,133,46,33.8235294117647,3.97965290245362,10.9263657957245,NA,NA,NA,NA,NA,NA,NA,NA
-13,9,122,3632,514,31,157,47,34.0659340659341,4.51798561151079,10.0642398286938,NA,NA,NA,NA,NA,NA,NA,NA
-12,10,145,3785,514,23,153,0,18.8524590163934,4.21255506607929,0,NA,NA,NA,NA,NA,NA,NA,NA
-11,11,168,3936,626,23,151,112,15.8620689655172,3.9894319682959,21.7898832684825,NA,NA,NA,NA,NA,NA,NA,NA
-10,12,201,4094,676,33,158,50,19.6428571428571,4.01422764227642,7.98722044728434,NA,NA,NA,NA,NA,NA,NA,NA
-9,13,218,4236,723,17,142,47,8.45771144278607,3.46849047386419,6.95266272189349,NA,NA,NA,NA,NA,NA,NA,NA
-8,14,236,4354,734,18,118,11,8.25688073394496,2.78564683663834,1.52143845089903,NA,NA,NA,NA,NA,NA,NA,NA
-7,15,255,4454,783,19,100,49,8.05084745762712,2.29673863114378,6.67574931880109,NA,NA,NA,NA,NA,NA,NA,NA
-6,16,273,4580,805,18,126,22,7.05882352941176,2.82891782667265,2.80970625798212,NA,NA,NA,NA,NA,NA,NA,NA
-5,17,283,4718,901,10,138,96,3.66300366300366,3.01310043668122,11.9254658385093,NA,NA,NA,NA,NA,NA,NA,NA
-4,18,290,4848,901,7,130,0,2.47349823321555,2.75540483255617,0,NA,NA,NA,NA,NA,NA,NA,NA
-3,19,291,5002,970,1,154,69,0.344827586206897,3.17656765676568,7.65815760266371,NA,NA,NA,NA,NA,NA,NA,NA
-2,20,300,5136,1003,9,134,33,3.09278350515464,2.67892842862855,3.4020618556701,NA,NA,NA,NA,NA,NA,NA,NA
-1,21,305,5240,1015,5,104,12,1.66666666666667,2.02492211838006,1.19641076769691,NA,NA,NA,NA,NA,NA,NA,NA
0,22,309,5337,1040,4,97,25,1.31147540983607,1.85114503816794,2.46305418719212,NA,NA,1040,1040,25,25,NA,NA
1,23,313,5425,NA,4,88,NA,1.29449838187702,1.64886640434701,NA,1.29449838187702,1.64886640434701,1053.46278317152,1057.14821060521,13.4627831715211,17.1482106052088,1.29449838187703,1.648866404347
2,24,316,5549,NA,3,124,NA,0.958466453674121,2.28571428571429,NA,0.958466453674121,2.28571428571429,1063.55987055016,1081.31159827619,10.0970873786407,24.1633876709764,0.958466453674115,2.2857142857143
3,25,319,5664,NA,3,115,NA,0.949367088607595,2.07244548567309,NA,0.949367088607595,2.07244548567309,1073.6569579288,1103.72119168072,10.0970873786409,22.4095934045345,0.94936708860761,2.0724454856731
4,26,322,5779,NA,3,115,NA,0.940438871473354,2.03036723163842,NA,0.940438871473354,2.03036723163842,1083.75404530744,1126.13078508525,10.0970873786407,22.4095934045342,0.940438871473348,2.0303672316384
5,27,326,5879,NA,4,100,NA,1.24223602484472,1.73040318394186,NA,1.24223602484472,1.73040318394186,1097.21682847896,1145.61738804572,13.4627831715211,19.4866029604648,1.24223602484473,1.73040318394187
6,28,332,5953,NA,6,74,NA,1.84049079754601,1.25871746895731,NA,1.84049079754601,1.25871746895731,1117.41100323625,1160.03747423646,20.1941747572814,14.4200861907441,1.840490797546,1.25871746895733
7,29,335,NA,NA,3,NA,NA,0.903614457831325,NA,NA,0.903614457831325,NA,1127.50809061489,NA,10.0970873786407,NA,0.903614457831319,NA
8,30,341,NA,NA,6,NA,NA,1.7910447761194,NA,NA,1.7910447761194,NA,1147.70226537217,NA,20.1941747572814,NA,1.79104477611939,NA
9,31,345,NA,NA,4,NA,NA,1.17302052785924,NA,NA,1.17302052785924,NA,1161.16504854369,NA,13.4627831715211,NA,1.17302052785924,NA
10,32,347,NA,NA,2,NA,NA,0.579710144927536,NA,NA,0.579710144927536,NA,1167.89644012945,NA,6.73139158576032,NA,0.579710144927519,NA
11,33,350,NA,NA,3,NA,NA,0.864553314121038,NA,NA,0.864553314121038,NA,1177.99352750809,NA,10.0970873786407,NA,0.864553314121032,NA
12,34,354,NA,NA,4,NA,NA,1.14285714285714,NA,NA,1.14285714285714,NA,1191.45631067961,NA,13.4627831715209,NA,1.14285714285713,NA
13,35,358,NA,NA,4,NA,NA,1.12994350282486,NA,NA,1.12994350282486,NA,1204.91909385113,NA,13.4627831715209,NA,1.12994350282485,NA
14,36,361,NA,NA,3,NA,NA,0.837988826815642,NA,NA,0.837988826815642,NA,1215.01618122977,NA,10.0970873786409,NA,0.837988826815656,NA
15,37,367,NA,NA,6,NA,NA,1.66204986149584,NA,NA,1.66204986149584,NA,1235.21035598705,NA,20.1941747572816,NA,1.66204986149585,NA
16,38,371,NA,NA,4,NA,NA,1.08991825613079,NA,NA,1.08991825613079,NA,1248.67313915858,NA,13.4627831715209,NA,1.08991825613078,NA
17,39,374,NA,NA,3,NA,NA,0.808625336927224,NA,NA,0.808625336927224,NA,1258.77022653722,NA,10.0970873786407,NA,0.808625336927219,NA
18,40,379,NA,NA,5,NA,NA,1.33689839572193,NA,NA,1.33689839572193,NA,1275.59870550162,NA,16.8284789644013,NA,1.33689839572192,NA
19,41,383,NA,NA,4,NA,NA,1.05540897097625,NA,NA,1.05540897097625,NA,1289.06148867314,NA,13.4627831715209,NA,1.05540897097624,NA
20,42,386,NA,NA,3,NA,NA,0.783289817232376,NA,NA,0.783289817232376,NA,1299.15857605178,NA,10.0970873786407,NA,0.783289817232371,NA
21,43,390,NA,NA,4,NA,NA,1.03626943005181,NA,NA,1.03626943005181,NA,1312.6213592233,NA,13.4627831715211,NA,1.03626943005182,NA
22,44,393,NA,NA,3,NA,NA,0.769230769230769,NA,NA,0.769230769230769,NA,1322.71844660194,NA,10.0970873786407,NA,0.769230769230765,NA
23,45,397,NA,NA,4,NA,NA,1.01781170483461,NA,NA,1.01781170483461,NA,1336.18122977346,NA,13.4627831715211,NA,1.01781170483461,NA
24,46,398,NA,NA,1,NA,NA,0.251889168765743,NA,NA,0.251889168765743,NA,1339.54692556634,NA,3.36569579288039,NA,0.251889168765753,NA
25,47,400,NA,NA,2,NA,NA,0.50251256281407,NA,NA,0.50251256281407,NA,1346.2783171521,NA,6.73139158576032,NA,0.502512562814056,NA
26,48,402,NA,NA,2,NA,NA,0.5,NA,NA,0.5,NA,1353.00970873786,NA,6.73139158576032,NA,0.499999999999986,NA
27,49,404,NA,NA,2,NA,NA,0.497512437810945,NA,NA,0.497512437810945,NA,1359.74110032362,NA,6.73139158576055,NA,0.497512437810948,NA
28,50,405,NA,NA,1,NA,NA,0.247524752475248,NA,NA,0.247524752475248,NA,1363.1067961165,NA,3.36569579288016,NA,0.247524752475241,NA
29,51,406,NA,NA,1,NA,NA,0.246913580246914,NA,NA,0.246913580246914,NA,1366.47249190938,NA,3.36569579288016,NA,0.246913580246907,NA
30,52,407,NA,NA,1,NA,NA,0.246305418719212,NA,NA,0.246305418719212,NA,1369.83818770226,NA,3.36569579288039,NA,0.246305418719221,NA
31,53,408,NA,NA,1,NA,NA,0.245700245700246,NA,NA,0.245700245700246,NA,1373.20388349514,NA,3.36569579288039,NA,0.245700245700255,NA
32,54,409,NA,NA,1,NA,NA,0.245098039215686,NA,NA,0.245098039215686,NA,1376.56957928802,NA,3.36569579288016,NA,0.245098039215679,NA
33,55,410,NA,NA,1,NA,NA,0.244498777506112,NA,NA,0.244498777506112,NA,1379.93527508091,NA,3.36569579288039,NA,0.244498777506122,NA
34,56,411,NA,NA,1,NA,NA,0.24390243902439,NA,NA,0.24390243902439,NA,1383.30097087379,NA,3.36569579288016,NA,0.243902439024383,NA
35,57,412,NA,NA,1,NA,NA,0.24330900243309,NA,NA,0.24330900243309,NA,1386.66666666667,NA,3.36569579288039,NA,0.2433090024331,NA
36,58,413,NA,NA,1,NA,NA,0.242718446601942,NA,NA,0.242718446601942,NA,1390.03236245955,NA,3.36569579288039,NA,0.242718446601951,NA
37,59,413,NA,NA,0,NA,NA,0,NA,NA,0,NA,1390.03236245955,NA,0,NA,0,NA
38,60,413,NA,NA,0,NA,NA,0,NA,NA,0,NA,1390.03236245955,NA,0,NA,0,NA
