"daysFromToday","Day","Korea","Italy","X","dif.Korea","dif.Italy","dif.X","growth.Korea","growth.Italy","growth.X","prj.grKO.X","prj.grIT.X","grKO.prj.tot.X","grIT.prj.tot.X","dif.grKO.prj.tot.X","dif.grIT.prj.tot.X","growth.grKO.prj.tot.X","growth.grIT.prj.tot.X"
-140,0,1,NA,NA,NA,NA,NA,NA,NA,NA,NA,NA,NA,NA,NA,NA,NA,NA
-139,1,3,NA,NA,2,NA,NA,200,NA,NA,NA,NA,NA,NA,NA,NA,NA,NA
-138,2,6,NA,NA,3,NA,NA,100,NA,NA,NA,NA,NA,NA,NA,NA,NA,NA
-137,3,8,NA,NA,2,NA,NA,33.3333333333333,NA,NA,NA,NA,NA,NA,NA,NA,NA,NA
-136,4,11,NA,NA,3,NA,NA,37.5,NA,NA,NA,NA,NA,NA,NA,NA,NA,NA
-135,5,13,NA,NA,2,NA,NA,18.1818181818182,NA,NA,NA,NA,NA,NA,NA,NA,NA,NA
-134,6,17,NA,NA,4,NA,NA,30.7692307692308,NA,NA,NA,NA,NA,NA,NA,NA,NA,NA
-133,7,24,NA,NA,7,NA,NA,41.1764705882353,NA,NA,NA,NA,NA,NA,NA,NA,NA,NA
-132,8,32,NA,NA,8,NA,NA,33.3333333333333,NA,NA,NA,NA,NA,NA,NA,NA,NA,NA
-131,9,43,NA,NA,11,NA,NA,34.375,NA,NA,NA,NA,NA,NA,NA,NA,NA,NA
-130,10,51,NA,NA,8,NA,NA,18.6046511627907,NA,NA,NA,NA,NA,NA,NA,NA,NA,NA
-129,11,60,NA,NA,9,NA,NA,17.6470588235294,NA,NA,NA,NA,NA,NA,NA,NA,NA,NA
-128,12,71,NA,NA,11,NA,NA,18.3333333333333,NA,NA,NA,NA,NA,NA,NA,NA,NA,NA
-127,13,77,NA,NA,6,NA,NA,8.45070422535211,NA,NA,NA,NA,NA,NA,NA,NA,NA,NA
-126,14,84,NA,NA,7,NA,NA,9.09090909090909,NA,NA,NA,NA,NA,NA,NA,NA,NA,NA
-125,15,91,NA,NA,7,NA,NA,8.33333333333333,NA,NA,NA,NA,NA,NA,NA,NA,NA,NA
-124,16,97,NA,NA,6,NA,NA,6.59340659340659,NA,NA,NA,NA,NA,NA,NA,NA,NA,NA
-123,17,101,NA,NA,4,NA,NA,4.12371134020619,NA,NA,NA,NA,NA,NA,NA,NA,NA,NA
-122,18,103,NA,NA,2,NA,NA,1.98019801980198,NA,NA,NA,NA,NA,NA,NA,NA,NA,NA
-121,19,103,NA,NA,0,NA,NA,0,NA,NA,NA,NA,NA,NA,NA,NA,NA,NA
-120,20,107,NA,NA,4,NA,NA,3.88349514563107,NA,NA,NA,NA,NA,NA,NA,NA,NA,NA
-119,21,108,NA,NA,1,NA,NA,0.934579439252336,NA,NA,NA,NA,NA,NA,NA,NA,NA,NA
-118,22,110,NA,NA,2,NA,NA,1.85185185185185,NA,NA,NA,NA,NA,NA,NA,NA,NA,NA
-117,23,111,NA,NA,1,NA,NA,0.909090909090909,NA,NA,NA,NA,NA,NA,NA,NA,NA,NA
-116,24,112,NA,NA,1,NA,NA,0.900900900900901,NA,NA,NA,NA,NA,NA,NA,NA,NA,NA
-115,25,113,NA,NA,1,NA,NA,0.892857142857143,NA,NA,NA,NA,NA,NA,NA,NA,NA,NA
-114,26,115,NA,NA,2,NA,NA,1.76991150442478,NA,NA,NA,NA,NA,NA,NA,NA,NA,NA
-113,27,116,NA,116,1,NA,NA,0.869565217391304,NA,NA,NA,NA,NA,NA,NA,NA,NA,NA
-112,28,118,NA,137,2,NA,21,1.72413793103448,NA,18.1034482758621,NA,NA,NA,NA,NA,NA,NA,NA
-111,29,119,NA,183,1,NA,46,0.847457627118644,NA,33.5766423357664,NA,NA,NA,NA,NA,NA,NA,NA
-110,30,121,NA,231,2,NA,48,1.68067226890756,NA,26.2295081967213,NA,NA,NA,NA,NA,NA,NA,NA
-109,31,122,NA,267,1,NA,36,0.826446280991736,NA,15.5844155844156,NA,NA,NA,NA,NA,NA,NA,NA
-108,32,123,NA,304,1,NA,37,0.819672131147541,NA,13.8576779026217,NA,NA,NA,NA,NA,NA,NA,NA
-107,33,124,NA,342,1,NA,38,0.813008130081301,NA,12.5,NA,NA,NA,NA,NA,NA,NA,NA
-106,34,126,NA,401,2,NA,59,1.61290322580645,NA,17.2514619883041,NA,NA,NA,NA,NA,NA,NA,NA
-105,35,127,NA,495,1,NA,94,0.793650793650794,NA,23.4413965087282,NA,NA,NA,NA,NA,NA,NA,NA
-104,36,128,NA,586,1,NA,91,0.78740157480315,NA,18.3838383838384,NA,NA,NA,NA,NA,NA,NA,NA
-103,37,130,NA,653,2,NA,67,1.5625,NA,11.4334470989761,NA,NA,NA,NA,NA,NA,NA,NA
-102,38,132,NA,757,2,NA,104,1.53846153846154,NA,15.9264931087289,NA,NA,NA,NA,NA,NA,NA,NA
-101,39,133,NA,902,1,NA,145,0.757575757575758,NA,19.1545574636724,NA,NA,NA,NA,NA,NA,NA,NA
-100,40,135,NA,998,2,NA,96,1.50375939849624,NA,10.6430155210643,NA,NA,NA,NA,NA,NA,NA,NA
-99,41,136,NA,1097,1,NA,99,0.740740740740741,NA,9.91983967935872,NA,NA,NA,NA,NA,NA,NA,NA
-98,42,137,NA,1211,1,NA,114,0.735294117647059,NA,10.3919781221513,NA,NA,NA,NA,NA,NA,NA,NA
-97,43,139,NA,1440,2,NA,229,1.45985401459854,NA,18.9099917423617,NA,NA,NA,NA,NA,NA,NA,NA
-96,44,140,NA,1523,1,NA,83,0.719424460431655,NA,5.76388888888889,NA,NA,NA,NA,NA,NA,NA,NA
-95,45,141,NA,1660,1,NA,137,0.714285714285714,NA,8.99540380827314,NA,NA,NA,NA,NA,NA,NA,NA
-94,46,142,NA,1778,1,NA,118,0.709219858156028,NA,7.10843373493976,NA,NA,NA,NA,NA,NA,NA,NA
-93,47,142,NA,1875,0,NA,97,0,NA,5.45556805399325,NA,NA,NA,NA,NA,NA,NA,NA
-92,48,143,NA,1955,1,NA,80,0.704225352112676,NA,4.26666666666667,NA,NA,NA,NA,NA,NA,NA,NA
-91,49,143,NA,2058,0,NA,103,0,NA,5.26854219948849,NA,NA,NA,NA,NA,NA,NA,NA
-90,50,144,NA,2197,1,NA,139,0.699300699300699,NA,6.75413022351798,NA,NA,NA,NA,NA,NA,NA,NA
-89,51,144,NA,2350,0,NA,153,0,NA,6.96404187528448,NA,NA,NA,NA,NA,NA,NA,NA
-88,52,145,NA,2476,1,NA,126,0.694444444444444,NA,5.36170212765957,NA,NA,NA,NA,NA,NA,NA,NA
-87,53,145,NA,2666,0,NA,190,0,NA,7.67366720516963,NA,NA,NA,NA,NA,NA,NA,NA
-86,54,145,NA,2793,0,NA,127,0,NA,4.76369092273068,NA,NA,NA,NA,NA,NA,NA,NA
-85,55,146,NA,2927,1,NA,134,0.689655172413793,NA,4.79770855710705,NA,NA,NA,NA,NA,NA,NA,NA
-84,56,146,NA,3098,0,NA,171,0,NA,5.84215920737957,NA,NA,NA,NA,NA,NA,NA,NA
-83,57,146,NA,3206,0,NA,108,0,NA,3.48612007746934,NA,NA,NA,NA,NA,NA,NA,NA
-82,58,147,2,3361,1,NA,155,0.684931506849315,NA,4.83468496568933,NA,NA,NA,NA,NA,NA,NA,NA
-81,59,147,3,3528,0,1,167,0,50,4.96875929782803,NA,NA,NA,NA,NA,NA,NA,NA
-80,60,147,4,3699,0,1,171,0,33.3333333333333,4.8469387755102,NA,NA,NA,NA,NA,NA,NA,NA
-79,61,147,5,3841,0,1,142,0,25,3.83887537172209,NA,NA,NA,NA,NA,NA,NA,NA
-78,62,147,8,3892,0,3,51,0,60,1.32777922416037,NA,NA,NA,NA,NA,NA,NA,NA
-77,63,147,10,3994,0,2,102,0,25,2.6207605344296,NA,NA,NA,NA,NA,NA,NA,NA
-76,64,148,13,4106,1,3,112,0.680272108843537,30,2.8042063094642,NA,NA,NA,NA,NA,NA,NA,NA
-75,65,148,20,4323,0,7,217,0,53.8461538461538,5.28494885533366,NA,NA,NA,NA,NA,NA,NA,NA
-74,66,148,24,4658,0,4,335,0,20,7.74924820726347,NA,NA,NA,NA,NA,NA,NA,NA
-73,67,148,29,4797,0,5,139,0,20.8333333333333,2.98411335337055,NA,NA,NA,NA,NA,NA,NA,NA
-72,68,148,36,5016,0,7,219,0,24.1379310344828,4.56535334584115,NA,NA,NA,NA,NA,NA,NA,NA
-71,69,148,45,5170,0,9,154,0,25,3.07017543859649,NA,NA,NA,NA,NA,NA,NA,NA
-70,70,148,54,5322,0,9,152,0,20,2.94003868471954,NA,NA,NA,NA,NA,NA,NA,NA
-69,71,148,69,5461,0,15,139,0,27.7777777777778,2.61180007515971,NA,NA,NA,NA,NA,NA,NA,NA
-68,72,149,86,5654,1,17,193,0.675675675675676,24.6376811594203,3.53415125434902,NA,NA,NA,NA,NA,NA,NA,NA
-67,73,149,107,5899,0,21,245,0,24.4186046511628,4.33321542270959,NA,NA,NA,NA,NA,NA,NA,NA
-66,74,149,118,6102,0,11,203,0,10.2803738317757,3.44126123071707,NA,NA,NA,NA,NA,NA,NA,NA
-65,75,149,145,6272,0,27,170,0,22.8813559322034,2.78597181252049,NA,NA,NA,NA,NA,NA,NA,NA
-64,76,149,176,6389,0,31,117,0,21.3793103448276,1.86543367346939,NA,NA,NA,NA,NA,NA,NA,NA
-63,77,149,206,6485,0,30,96,0,17.0454545454545,1.5025825637815,NA,NA,NA,NA,NA,NA,NA,NA
-62,78,149,247,6584,0,41,99,0,19.9029126213592,1.526599845798,NA,NA,NA,NA,NA,NA,NA,NA
-61,79,150,289,6736,1,42,152,0.671140939597315,17.0040485829959,2.3086269744836,NA,NA,NA,NA,NA,NA,NA,NA
-60,80,150,327,6871,0,38,135,0,13.1487889273356,2.0041567695962,NA,NA,NA,NA,NA,NA,NA,NA
-59,81,151,368,7042,1,41,171,0.666666666666667,12.5382262996942,2.48872071023141,NA,NA,NA,NA,NA,NA,NA,NA
-58,82,151,417,7123,0,49,81,0,13.3152173913043,1.15024140869071,NA,NA,NA,NA,NA,NA,NA,NA
-57,83,151,479,7270,0,62,147,0,14.8681055155875,2.06373718938649,NA,NA,NA,NA,NA,NA,NA,NA
-56,84,152,549,7434,1,70,164,0.662251655629139,14.6137787056367,2.25584594222834,NA,NA,NA,NA,NA,NA,NA,NA
-55,85,152,625,7551,0,76,117,0,13.8433515482696,1.57384987893462,NA,NA,NA,NA,NA,NA,NA,NA
-54,86,152,690,7788,0,65,237,0,10.4,3.13865713150576,NA,NA,NA,NA,NA,NA,NA,NA
-53,87,152,746,7893,0,56,105,0,8.11594202898551,1.3482280431433,NA,NA,NA,NA,NA,NA,NA,NA
-52,88,152,807,7966,0,61,73,0,8.1769436997319,0.924870138097048,NA,NA,NA,NA,NA,NA,NA,NA
-51,89,153,868,7966,1,61,0,0.657894736842105,7.55885997521685,0,NA,NA,NA,NA,NA,NA,NA,NA
-50,90,153,941,8225,0,73,259,0,8.41013824884793,3.25131810193322,NA,NA,NA,NA,NA,NA,NA,NA
-49,91,153,1010,8334,0,69,109,0,7.33262486716259,1.32522796352584,NA,NA,NA,NA,NA,NA,NA,NA
-48,92,154,1079,8406,1,69,72,0.65359477124183,6.83168316831683,0.863930885529158,NA,NA,NA,NA,NA,NA,NA,NA
-47,93,154,1140,8492,0,61,86,0,5.6533827618165,1.02307875327147,NA,NA,NA,NA,NA,NA,NA,NA
-46,94,154,1188,8538,0,48,46,0,4.21052631578947,0.54168629298163,NA,NA,NA,NA,NA,NA,NA,NA
-45,95,155,1235,8717,1,47,179,0.649350649350649,3.95622895622896,2.09650972124619,NA,NA,NA,NA,NA,NA,NA,NA
-44,96,155,1291,8801,0,56,84,0,4.53441295546559,0.963634277847883,NA,NA,NA,NA,NA,NA,NA,NA
-43,97,156,1345,8857,1,54,56,0.645161290322581,4.18280402788536,0.636291330530622,NA,NA,NA,NA,NA,NA,NA,NA
-42,98,157,1399,8886,1,54,29,0.641025641025641,4.01486988847584,0.327424635881224,NA,NA,NA,NA,NA,NA,NA,NA
-41,99,157,1455,9016,0,56,130,0,4.00285918513224,1.46297546702678,NA,NA,NA,NA,NA,NA,NA,NA
-40,100,158,1505,9120,1,50,104,0.636942675159236,3.43642611683849,1.15350488021295,NA,NA,NA,NA,NA,NA,NA,NA
-39,101,158,1547,9199,0,42,79,0,2.7906976744186,0.866228070175439,NA,NA,NA,NA,NA,NA,NA,NA
-38,102,159,1583,9269,1,36,70,0.632911392405063,2.32708468002586,0.760952277421459,NA,NA,NA,NA,NA,NA,NA,NA
-37,103,160,1627,9332,1,44,63,0.628930817610063,2.77953253316488,0.679684971410077,NA,NA,NA,NA,NA,NA,NA,NA
-36,104,160,1676,9389,0,49,57,0,3.01167793484942,0.610801543077582,NA,NA,NA,NA,NA,NA,NA,NA
-35,105,161,1723,9474,1,47,85,0.625,2.80429594272076,0.905314730003195,NA,NA,NA,NA,NA,NA,NA,NA
-34,106,161,1777,9537,0,54,63,0,3.13406848520023,0.664977834072198,NA,NA,NA,NA,NA,NA,NA,NA
-33,107,162,1825,9589,1,48,52,0.62111801242236,2.70118176702307,0.545244835902275,NA,NA,NA,NA,NA,NA,NA,NA
-32,108,163,1862,9654,1,37,65,0.617283950617284,2.02739726027397,0.677860047971634,NA,NA,NA,NA,NA,NA,NA,NA
-31,109,163,1897,9709,0,35,55,0,1.8796992481203,0.56971203646157,NA,NA,NA,NA,NA,NA,NA,NA
-30,110,164,1928,9767,1,31,58,0.613496932515337,1.63415919873484,0.597383870635493,NA,NA,NA,NA,NA,NA,NA,NA
-29,111,164,1972,9799,0,44,32,0,2.28215767634855,0.327633869151224,NA,NA,NA,NA,NA,NA,NA,NA
-28,112,165,2013,9818,1,41,19,0.609756097560976,2.07910750507099,0.193897336462904,NA,NA,NA,NA,NA,NA,NA,NA
-27,113,166,2054,9847,1,41,29,0.606060606060606,2.0367610531545,0.295375840293339,NA,NA,NA,NA,NA,NA,NA,NA
-26,114,166,2089,9903,0,35,56,0,1.70399221032132,0.568701127246877,NA,NA,NA,NA,NA,NA,NA,NA
-25,115,167,2115,9952,1,26,49,0.602409638554217,1.24461464815701,0.494799555690195,NA,NA,NA,NA,NA,NA,NA,NA
-24,116,167,2147,9984,0,32,32,0,1.51300236406619,0.321543408360129,NA,NA,NA,NA,NA,NA,NA,NA
-23,117,168,2187,10020,1,40,36,0.598802395209581,1.86306474149977,0.360576923076923,NA,NA,NA,NA,NA,NA,NA,NA
-22,118,169,2217,10058,1,30,38,0.595238095238095,1.37174211248285,0.379241516966068,NA,NA,NA,NA,NA,NA,NA,NA
-21,119,169,2253,10094,0,36,36,0,1.62381596752368,0.357924040564725,NA,NA,NA,NA,NA,NA,NA,NA
-20,120,170,2280,10128,1,27,34,0.591715976331361,1.19840213049268,0.336833762631266,NA,NA,NA,NA,NA,NA,NA,NA
-19,121,171,2307,10159,1,27,31,0.588235294117647,1.18421052631579,0.30608214849921,NA,NA,NA,NA,NA,NA,NA,NA
-18,122,171,2328,10185,0,21,26,0,0.910273081924577,0.255930701840732,NA,NA,NA,NA,NA,NA,NA,NA
-17,123,172,2352,10216,1,24,31,0.584795321637427,1.03092783505155,0.304369170348552,NA,NA,NA,NA,NA,NA,NA,NA
-16,124,173,2376,10248,1,24,32,0.581395348837209,1.02040816326531,0.313234142521535,NA,NA,NA,NA,NA,NA,NA,NA
-15,125,173,2398,10292,0,22,44,0,0.925925925925926,0.429352068696331,NA,NA,NA,NA,NA,NA,NA,NA
-14,126,173,2421,10327,0,23,35,0,0.959132610508757,0.340069957248348,NA,NA,NA,NA,NA,NA,NA,NA
-13,127,174,2443,10365,1,22,38,0.578034682080925,0.908715406856671,0.367967463929505,NA,NA,NA,NA,NA,NA,NA,NA
-12,128,175,2460,10390,1,17,25,0.574712643678161,0.695865738845681,0.241196333815726,NA,NA,NA,NA,NA,NA,NA,NA
-11,129,176,2474,10435,1,14,45,0.571428571428571,0.569105691056911,0.433108758421559,NA,NA,NA,NA,NA,NA,NA,NA
-10,130,176,2486,10447,0,12,12,0,0.485044462409054,0.114997604216579,NA,NA,NA,NA,NA,NA,NA,NA
-9,131,177,2503,10482,1,17,35,0.568181818181818,0.683829444891392,0.335024408921221,NA,NA,NA,NA,NA,NA,NA,NA
-8,132,178,2520,10515,1,17,33,0.564971751412429,0.679184978026368,0.314825414997138,NA,NA,NA,NA,NA,NA,NA,NA
-7,133,178,2535,10569,0,15,54,0,0.595238095238095,0.513552068473609,NA,NA,NA,NA,NA,NA,NA,NA
-6,134,179,2548,10642,1,13,73,0.561797752808989,0.512820512820513,0.690699214684454,NA,NA,NA,NA,NA,NA,NA,NA
-5,135,180,2557,10679,1,9,37,0.558659217877095,0.353218210361068,0.347679007705319,NA,NA,NA,NA,NA,NA,NA,NA
-4,136,181,2566,10743,1,9,64,0.555555555555556,0.351974970668752,0.599307051222025,NA,NA,NA,NA,NA,NA,NA,NA
-3,137,181,2582,10801,0,16,58,0,0.623538581449727,0.53988643768035,NA,NA,NA,NA,NA,NA,NA,NA
-2,138,182,2593,10847,1,11,46,0.552486187845304,0.426026336173509,0.425886491991482,NA,NA,NA,NA,NA,NA,NA,NA
-1,139,183,2604,10906,1,11,59,0.549450549450549,0.42421905129194,0.543929197012999,NA,NA,NA,NA,NA,NA,NA,NA
0,140,184,2613,10946,1,9,40,0.546448087431694,0.345622119815668,0.366770584999083,NA,NA,10946,10946,40,40,NA,NA
1,141,184,2624,NA,0,11,NA,0,0.420972062763108,NA,0,0.420972062763108,10946,10992.07960199,0,46.0796019900499,0,0.420972062763109
2,142,185,2631,NA,1,7,NA,0.543478260869565,0.266768292682927,NA,0.543478260869565,0.266768292682927,11005.4891304348,11021.4029850746,59.4891304347821,29.3233830845766,0.54347826086956,0.266768292682922
3,143,186,2637,NA,1,6,NA,0.540540540540541,0.228050171037628,NA,0.540540540540541,0.228050171037628,11064.9782608696,11046.5373134328,59.4891304347821,25.1343283582082,0.540540540540536,0.228050171037622
4,144,186,2646,NA,0,9,NA,0,0.341296928327645,NA,0,0.341296928327645,11064.9782608696,11084.2388059701,0,37.7014925373132,0,0.341296928327643
5,145,187,2654,NA,1,8,NA,0.537634408602151,0.302343159486017,NA,0.537634408602151,0.302343159486017,11124.4673913043,11117.7512437811,59.4891304347821,33.5124378109449,0.537634408602146,0.302343159486013
6,NA,NA,2661,NA,NA,7,NA,NA,0.263752825923135,NA,NA,0.263752825923135,NA,11147.0746268657,NA,29.3233830845766,NA,0.26375282592313
7,NA,NA,2669,NA,NA,8,NA,NA,0.300638857572341,NA,NA,0.300638857572341,NA,11180.5870646766,NA,33.5124378109449,NA,0.300638857572338
8,NA,NA,2677,NA,NA,8,NA,NA,0.299737729486699,NA,NA,0.299737729486699,NA,11214.0995024876,NA,33.5124378109467,NA,0.299737729486712
9,NA,NA,2683,NA,NA,6,NA,NA,0.224131490474412,NA,NA,0.224131490474412,NA,11239.2338308458,NA,25.13432835821,NA,0.224131490474421
10,NA,NA,2687,NA,NA,4,NA,NA,0.149086843086098,NA,NA,0.149086843086098,NA,11255.9900497512,NA,16.7562189054734,NA,0.149086843086104
11,NA,NA,2691,NA,NA,4,NA,NA,0.148864905098623,NA,NA,0.148864905098623,NA,11272.7462686567,NA,16.7562189054734,NA,0.148864905098629
12,NA,NA,2698,NA,NA,7,NA,NA,0.260126347082869,NA,NA,0.260126347082869,NA,11302.0696517413,NA,29.3233830845784,NA,0.26012634708288
13,NA,NA,2705,NA,NA,7,NA,NA,0.259451445515196,NA,NA,0.259451445515196,NA,11331.3930348259,NA,29.3233830845784,NA,0.259451445515208
14,NA,NA,2711,NA,NA,6,NA,NA,0.22181146025878,NA,NA,0.22181146025878,NA,11356.5273631841,NA,25.1343283582082,NA,0.221811460258774
15,NA,NA,2716,NA,NA,5,NA,NA,0.184433788270011,NA,NA,0.184433788270011,NA,11377.4726368159,NA,20.9452736318417,NA,0.184433788270019
16,NA,NA,2720,NA,NA,4,NA,NA,0.147275405007364,NA,NA,0.147275405007364,NA,11394.2288557214,NA,16.7562189054734,NA,0.14727540500737
17,NA,NA,2722,NA,NA,2,NA,NA,0.0735294117647059,NA,NA,0.0735294117647059,NA,11402.6069651741,NA,8.37810945273668,NA,0.073529411764709
18,NA,NA,2726,NA,NA,4,NA,NA,0.14695077149155,NA,NA,0.14695077149155,NA,11419.3631840796,NA,16.7562189054734,NA,0.146950771491557
19,NA,NA,2729,NA,NA,3,NA,NA,0.110051357300073,NA,NA,0.110051357300073,NA,11431.9303482587,NA,12.5671641791032,NA,0.110051357300062
20,NA,NA,2732,NA,NA,3,NA,NA,0.109930377427629,NA,NA,0.109930377427629,NA,11444.4975124378,NA,12.567164179105,NA,0.109930377427634
21,NA,NA,2738,NA,NA,6,NA,NA,0.219619326500732,NA,NA,0.219619326500732,NA,11469.631840796,NA,25.13432835821,NA,0.219619326500741
22,NA,NA,2741,NA,NA,3,NA,NA,0.109569028487947,NA,NA,0.109569028487947,NA,11482.1990049751,NA,12.567164179105,NA,0.109569028487952
23,NA,NA,2743,NA,NA,2,NA,NA,0.0729660707770887,NA,NA,0.0729660707770887,NA,11490.5771144279,NA,8.37810945273668,NA,0.0729660707770918
24,NA,NA,2746,NA,NA,3,NA,NA,0.1093693036821,NA,NA,0.1093693036821,NA,11503.144278607,NA,12.567164179105,NA,0.109369303682105
25,NA,NA,2750,NA,NA,4,NA,NA,0.145666423889294,NA,NA,0.145666423889294,NA,11519.9004975124,NA,16.7562189054715,NA,0.145666423889284
26,NA,NA,2752,NA,NA,2,NA,NA,0.0727272727272727,NA,NA,0.0727272727272727,NA,11528.2786069652,NA,8.37810945273668,NA,0.0727272727272758
27,NA,NA,2756,NA,NA,4,NA,NA,0.145348837209302,NA,NA,0.145348837209302,NA,11545.0348258707,NA,16.7562189054715,NA,0.145348837209293
28,NA,NA,2758,NA,NA,2,NA,NA,0.0725689404934688,NA,NA,0.0725689404934688,NA,11553.4129353234,NA,8.37810945273668,NA,0.0725689404934719
29,NA,NA,2762,NA,NA,4,NA,NA,0.145032632342277,NA,NA,0.145032632342277,NA,11570.1691542289,NA,16.7562189054715,NA,0.145032632342267
30,NA,NA,2766,NA,NA,4,NA,NA,0.144822592324403,NA,NA,0.144822592324403,NA,11586.9253731343,NA,16.7562189054715,NA,0.144822592324393
31,NA,NA,2770,NA,NA,4,NA,NA,0.144613159797542,NA,NA,0.144613159797542,NA,11603.6815920398,NA,16.7562189054734,NA,0.144613159797548
32,NA,NA,2772,NA,NA,2,NA,NA,0.0722021660649819,NA,NA,0.0722021660649819,NA,11612.0597014925,NA,8.37810945273668,NA,0.072202166064985
33,NA,NA,2776,NA,NA,4,NA,NA,0.144300144300144,NA,NA,0.144300144300144,NA,11628.815920398,NA,16.7562189054715,NA,0.144300144300135
