"daysFromToday","Day","Korea","Italy","X","dif.Korea","dif.Italy","dif.X","growth.Korea","growth.Italy","growth.X","prj.grKO.X","prj.grIT.X","grKO.prj.tot.X","grIT.prj.tot.X","dif.grKO.prj.tot.X","dif.grIT.prj.tot.X","growth.grKO.prj.tot.X","growth.grIT.prj.tot.X"
-64,NA,NA,NA,103,NA,NA,NA,NA,NA,NA,NA,NA,NA,NA,NA,NA,NA,NA
-63,NA,NA,NA,103,NA,NA,0,NA,NA,0,NA,NA,NA,NA,NA,NA,NA,NA
-62,NA,NA,NA,118,NA,NA,15,NA,NA,14.5631067961165,NA,NA,NA,NA,NA,NA,NA,NA
-61,NA,NA,NA,171,NA,NA,53,NA,NA,44.9152542372881,NA,NA,NA,NA,NA,NA,NA,NA
-60,NA,NA,NA,171,NA,NA,0,NA,NA,0,NA,NA,NA,NA,NA,NA,NA,NA
-59,NA,NA,NA,274,NA,NA,103,NA,NA,60.233918128655,NA,NA,NA,NA,NA,NA,NA,NA
-58,NA,NA,NA,344,NA,NA,70,NA,NA,25.5474452554745,NA,NA,NA,NA,NA,NA,NA,NA
-57,NA,NA,NA,392,NA,NA,48,NA,NA,13.953488372093,NA,NA,NA,NA,NA,NA,NA,NA
-56,NA,NA,NA,511,NA,NA,119,NA,NA,30.3571428571429,NA,NA,NA,NA,NA,NA,NA,NA
-55,NA,NA,NA,562,NA,NA,51,NA,NA,9.98043052837573,NA,NA,NA,NA,NA,NA,NA,NA
-54,NA,NA,NA,767,NA,NA,205,NA,NA,36.4768683274021,NA,NA,NA,NA,NA,NA,NA,NA
-53,NA,NA,NA,900,NA,NA,133,NA,NA,17.3402868318123,NA,NA,NA,NA,NA,NA,NA,NA
-52,NA,NA,NA,1012,NA,NA,112,NA,NA,12.4444444444444,NA,NA,NA,NA,NA,NA,NA,NA
-51,NA,NA,NA,1104,NA,NA,92,NA,NA,9.09090909090909,NA,NA,NA,NA,NA,NA,NA,NA
-50,NA,NA,NA,1203,NA,NA,99,NA,NA,8.96739130434783,NA,NA,NA,NA,NA,NA,NA,NA
-49,NA,NA,NA,1299,NA,NA,96,NA,NA,7.98004987531172,NA,NA,NA,NA,NA,NA,NA,NA
-48,NA,NA,NA,1453,NA,NA,154,NA,NA,11.855273287144,NA,NA,NA,NA,NA,NA,NA,NA
-47,NA,NA,NA,1563,NA,NA,110,NA,NA,7.5705437026841,NA,NA,NA,NA,NA,NA,NA,NA
-46,NA,NA,NA,1720,NA,NA,157,NA,NA,10.0447856685861,NA,NA,NA,NA,NA,NA,NA,NA
-45,NA,NA,NA,1885,NA,NA,165,NA,NA,9.59302325581395,NA,NA,NA,NA,NA,NA,NA,NA
-44,NA,NA,NA,2039,NA,NA,154,NA,NA,8.16976127320955,NA,NA,NA,NA,NA,NA,NA,NA
-43,NA,NA,NA,2179,NA,NA,140,NA,NA,6.8661108386464,NA,NA,NA,NA,NA,NA,NA,NA
-42,NA,NA,NA,2402,NA,NA,223,NA,NA,10.2340523175769,NA,NA,NA,NA,NA,NA,NA,NA
-41,NA,NA,NA,2605,NA,NA,203,NA,NA,8.45129059117402,NA,NA,NA,NA,NA,NA,NA,NA
-40,NA,NA,NA,2795,NA,NA,190,NA,NA,7.2936660268714,NA,NA,NA,NA,NA,NA,NA,NA
-39,NA,NA,88,2932,NA,NA,137,NA,NA,4.90161001788909,NA,NA,NA,NA,NA,NA,NA,NA
-38,NA,NA,130,3287,NA,42,355,NA,47.7272727272727,12.1077762619372,NA,NA,NA,NA,NA,NA,NA,NA
-37,NA,NA,182,3651,NA,52,364,NA,40,11.0739275935503,NA,NA,NA,NA,NA,NA,NA,NA
-36,NA,NA,256,4033,NA,74,382,NA,40.6593406593407,10.4628868803068,NA,NA,NA,NA,NA,NA,NA,NA
-35,NA,NA,371,4462,NA,115,429,NA,44.921875,10.6372427473345,NA,NA,NA,NA,NA,NA,NA,NA
-34,NA,NA,503,4934,NA,132,472,NA,35.5795148247978,10.5782160466159,NA,NA,NA,NA,NA,NA,NA,NA
-33,NA,NA,638,5369,NA,135,435,NA,26.8389662027833,8.81637616538306,NA,NA,NA,NA,NA,NA,NA,NA
-32,NA,NA,959,5862,NA,321,493,NA,50.3134796238245,9.18234308064816,NA,NA,NA,NA,NA,NA,NA,NA
-31,NA,NA,1152,6380,NA,193,518,NA,20.1251303441084,8.83657454793586,NA,NA,NA,NA,NA,NA,NA,NA
-30,NA,NA,1416,7142,NA,264,762,NA,22.9166666666667,11.9435736677116,NA,NA,NA,NA,NA,NA,NA,NA
-29,NA,NA,1748,8274,NA,332,1132,NA,23.4463276836158,15.8499019882386,NA,NA,NA,NA,NA,NA,NA,NA
-28,NA,NA,2183,9362,NA,435,1088,NA,24.8855835240275,13.1496253323664,NA,NA,NA,NA,NA,NA,NA,NA
-27,NA,NA,2624,10484,NA,441,1122,NA,20.2015574896931,11.9846186712241,NA,NA,NA,NA,NA,NA,NA,NA
-26,NA,NA,3330,11631,NA,706,1147,NA,26.905487804878,10.9404807325448,NA,NA,NA,NA,NA,NA,NA,NA
-25,NA,NA,4174,12772,NA,844,1141,NA,25.3453453453453,9.80999054251569,NA,NA,NA,NA,NA,NA,NA,NA
-24,NA,NA,5191,13930,NA,1017,1158,NA,24.3651173933876,9.06670842467899,NA,NA,NA,NA,NA,NA,NA,NA
-23,NA,NA,5744,15102,NA,553,1172,NA,10.6530533615874,8.41349605168701,NA,NA,NA,NA,NA,NA,NA,NA
-22,NA,NA,7053,16299,NA,1309,1197,NA,22.7889972144847,7.92610250297974,NA,NA,NA,NA,NA,NA,NA,NA
-21,NA,NA,8553,17522,NA,1500,1223,NA,21.2675457252233,7.50352782379287,NA,NA,NA,NA,NA,NA,NA,NA
-20,NA,NA,9995,18811,NA,1442,1289,NA,16.8595814334152,7.35646615683141,NA,NA,NA,NA,NA,NA,NA,NA
-19,NA,NA,11974,20077,NA,1979,1266,NA,19.799899949975,6.73010472595822,NA,NA,NA,NA,NA,NA,NA,NA
-18,NA,NA,14006,21402,NA,2032,1325,NA,16.9701018874228,6.59959157244608,NA,NA,NA,NA,NA,NA,NA,NA
-17,0,70,15835,22753,NA,1829,1351,NA,13.0586891332286,6.31249415942435,NA,NA,NA,NA,NA,NA,NA,NA
-16,1,136,17831,24097,66,1996,1344,94.2857142857143,12.6049889485317,5.90691337406056,NA,NA,NA,NA,NA,NA,NA,NA
-15,2,290,20212,25459,154,2381,1362,113.235294117647,13.3531490101509,5.65215587002531,NA,NA,NA,NA,NA,NA,NA,NA
-14,3,403,23224,27011,113,3012,1552,38.9655172413793,14.9020383930338,6.09607604383519,NA,NA,NA,NA,NA,NA,NA,NA
-13,4,557,26612,28656,154,3388,1645,38.2133995037221,14.5883568722012,6.0901114360816,NA,NA,NA,NA,NA,NA,NA,NA
-12,5,654,30323,30251,97,3711,1595,17.4147217235188,13.9448369156771,5.56602456728085,NA,NA,NA,NA,NA,NA,NA,NA
-11,6,844,33469,31938,190,3146,1687,29.0519877675841,10.3749628994493,5.57667515123467,NA,NA,NA,NA,NA,NA,NA,NA
-10,7,1181,36180,33731,337,2711,1793,39.9289099526066,8.10003286623443,5.61400212912518,NA,NA,NA,NA,NA,NA,NA,NA
-9,8,1563,39150,35432,382,2970,1701,32.3454699407282,8.2089552238806,5.04283893154665,NA,NA,NA,NA,NA,NA,NA,NA
-8,9,2107,42099,37136,544,2949,1704,34.8048624440179,7.53256704980843,4.8092120117408,NA,NA,NA,NA,NA,NA,NA,NA
-7,10,2499,45610,39048,392,3511,1912,18.6046511627907,8.33986555500131,5.14864282636794,NA,NA,NA,NA,NA,NA,NA,NA
-6,11,2900,48954,41014,401,3344,1966,16.046418567427,7.33172549879412,5.03482892849826,NA,NA,NA,NA,NA,NA,NA,NA
-5,12,3469,52335,42925,569,3381,1911,19.6206896551724,6.9064836377007,4.65938460038036,NA,NA,NA,NA,NA,NA,NA,NA
-4,13,3760,55287,44830,291,2952,1905,8.38858460651485,5.64058469475494,4.43797320908561,NA,NA,NA,NA,NA,NA,NA,NA
-3,14,4073,57580,46869,313,2293,2039,8.32446808510638,4.14744876734133,4.54829355342405,NA,NA,NA,NA,NA,NA,NA,NA
-2,15,4411,59873,49176,338,2293,2307,8.29855143628775,3.9822855158041,4.92223004544582,NA,NA,NA,NA,NA,NA,NA,NA
-1,16,4710,62580,52016,299,2707,2840,6.77850827476763,4.52123661750706,5.77517488205629,NA,NA,NA,NA,NA,NA,NA,NA
0,17,4893,65222,54752,183,2642,2736,3.88535031847134,4.22179610099073,5.25992002460781,NA,NA,54752,54752,2736,2736,NA,NA
1,18,5003,67816,NA,110,2594,NA,2.24810954424688,3.97718561221674,NA,2.24810954424688,3.97718561221674,55982.8849376661,56929.5886664009,1230.88493766605,2177.58866640091,2.24810954424688,3.97718561221674
2,19,5026,70536,NA,23,2720,NA,0.4597241655007,4.01085289607172,NA,0.4597241655007,4.01085289607172,56240.251788269,59212.950722149,257.366850602906,2283.36205574806,0.459724165500707,4.01085289607172
3,20,5188,72979,NA,162,2443,NA,3.22323915638679,3.46347964160145,NA,3.22323915638679,3.46347964160145,58053.009605559,61263.7792156021,1812.75781729,2050.82849345313,3.22323915638678,3.46347964160146
4,21,5264,75015,NA,76,2036,NA,1.46491904394757,2.78984365365379,NA,1.46491904394757,2.78984365365379,58903.4391988555,62972.9428720371,850.42959329654,1709.16365643495,1.46491904394756,2.7898436536538
5,22,5338,76735,NA,74,1720,NA,1.40577507598784,2.29287475838166,NA,1.40577507598784,2.29287475838166,59731.4890660127,64416.8335837601,828.04986715717,1443.89071172303,1.40577507598785,2.29287475838165
6,23,5409,78906,NA,71,2171,NA,1.33008617459723,2.82921743663257,NA,1.33008617459723,2.82921743663257,60525.9693439608,66239.3258716384,794.480277948089,1822.49228787833,1.33008617459723,2.82921743663257
7,24,5460,81286,NA,51,2380,NA,0.942872989462008,3.01624718018909,NA,0.942872989462008,3.01624718018909,61096.652360515,68237.267670418,570.683016554263,1997.94179877956,0.942872989462011,3.0162471801891
8,25,5510,83522,NA,50,2236,NA,0.915750915750916,2.75078119233324,NA,0.915750915750916,2.75078119233324,61656.1455139996,70114.3255956579,559.493153484567,1877.05792523996,0.915750915750912,2.75078119233326
9,26,5566,86178,NA,56,2656,NA,1.01633393829401,3.18000047891574,NA,1.01633393829401,3.18000047891574,62282.7778459023,72343.9614853884,626.632331902721,2229.63588973046,1.01633393829402,3.18000047891573
10,27,5628,88494,NA,62,2316,NA,1.11390585698886,2.68746083687252,NA,1.11390585698886,2.68746083687252,62976.5493562232,74288.1771181504,693.771510320861,1944.21563276196,1.11390585698885,2.68746083687253
11,28,5730,90279,NA,102,1785,NA,1.81236673773987,2.01708590412909,NA,1.81236673773987,2.01708590412909,64117.9153893317,75786.633467235,1141.36603310853,1498.45634908468,1.81236673773988,2.01708590412911
12,29,5788,91961,NA,58,1682,NA,1.01221640488656,1.86311323785155,NA,1.01221640488656,1.86311323785155,64766.9274473738,77198.6242678851,649.012058042099,1411.99080065009,1.01221640488656,1.86311323785155
13,30,5886,93470,NA,98,1509,NA,1.69315825846579,1.64091299572645,NA,1.69315825846579,1.64091299572645,65863.5340282035,78465.3865260189,1096.60658082975,1266.76225813375,1.69315825846578,1.64091299572644
14,31,5952,95613,NA,66,2143,NA,1.12130479102956,2.29271423986306,NA,1.12130479102956,2.29271423986306,66602.0649908032,80264.3736162645,738.530962599631,1798.98709024563,1.12130479102956,2.29271423986307
15,32,5995,97590,NA,43,1977,NA,0.72244623655914,2.06771045778294,NA,0.72244623655914,2.06771045778294,67083.2291027999,81924.008463402,481.164111996739,1659.63484713747,0.722446236559153,2.06771045778293
16,33,6046,99565,NA,51,1975,NA,0.850708924103419,2.02377292755405,NA,0.850708924103419,2.02377292755405,67653.9121193542,83581.9643678514,570.683016554263,1657.95590444941,0.850708924103423,2.02377292755404
17,34,6112,101290,NA,66,1725,NA,1.09163083030103,1.73253653392256,NA,1.09163083030103,1.73253653392256,68392.4430819538,85030.0524362945,738.530962599631,1448.08806844316,1.09163083030102,1.73253653392256
18,35,6182,102567,NA,70,1277,NA,1.14528795811518,1.26073649916083,NA,1.14528795811518,1.26073649916083,69175.7334968322,86102.0573426145,783.2904148784,1072.00490631995,1.14528795811519,1.26073649916083
19,36,6243,104111,NA,61,1544,NA,0.986735684244581,1.50535747365137,NA,0.986735684244581,1.50535747365137,69858.3151440834,87398.2010977891,682.58164725118,1296.14375517463,0.986735684244588,1.50535747365137
20,37,6341,106018,NA,98,1907,NA,1.5697581291046,1.83169885987071,NA,1.5697581291046,1.83169885987071,70954.9217249131,88999.0729508448,1096.60658082976,1600.87185305571,1.5697581291046,1.8316988598707
21,38,6411,107516,NA,70,1498,NA,1.10392682542186,1.4129676092739,NA,1.10392682542186,1.4129676092739,71738.2121397915,90256.6010241943,783.2904148784,1257.52807334949,1.10392682542186,1.4129676092739
22,39,6463,109226,NA,52,1710,NA,0.811105911714241,1.59046095464861,NA,0.811105911714241,1.59046095464861,72320.0850194155,91692.0970224771,581.872879623959,1435.49599828279,0.81110591171425,1.59046095464861
23,40,6547,110560,NA,84,1334,NA,1.29970601887668,1.22132093091388,NA,1.29970601887668,1.22132093091388,73260.0335172696,92811.9517954065,939.948497854071,1119.85477292939,1.29970601887667,1.2213209309139
24,41,6614,111875,NA,67,1315,NA,1.02336948220559,1.1893994211288,NA,1.02336948220559,1.1893994211288,74009.7543429389,93915.8566127994,749.720825669312,1103.90481739289,1.02336948220557,1.18939942112878
25,42,6674,112859,NA,60,984,NA,0.907166616268521,0.879553072625698,NA,0.907166616268521,0.879553072625698,74681.1461271204,94741.89641532,671.391784181484,826.039802520623,0.907166616268521,0.879553072625699
26,43,6731,114042,NA,57,1183,NA,0.854060533413245,1.04821059906609,NA,0.854060533413245,1.04821059906609,75318.9683220928,95734.9910153016,637.82219497241,993.094599981618,0.854060533413246,1.04821059906611
27,44,6794,115223,NA,63,1181,NA,0.935967909671668,1.03558338156118,NA,0.935967909671668,1.03558338156118,76023.9296954833,96726.4066725952,704.961373390557,991.415657293546,0.935967909671667,1.03558338156117
28,45,6848,116282,NA,54,1059,NA,0.794818957904033,0.919087334993881,NA,0.794818957904033,0.919087334993881,76628.1823012467,97615.4068259177,604.252605763337,889.0001533225,0.794818957904035,0.919087334993883
29,46,6880,117395,NA,32,1113,NA,0.467289719626168,0.957155879671832,NA,0.467289719626168,0.957155879671832,76986.2579194768,98549.7384318175,358.075618230127,934.331605899846,0.467289719626171,0.957155879671828
30,47,6911,118470,NA,31,1075,NA,0.450581395348837,0.915711912773116,NA,0.450581395348837,0.915711912773116,77333.1436746372,99452.1701266444,346.885755160431,902.431694826897,0.450581395348834,0.915711912773114
31,48,6947,119256,NA,36,786,NA,0.520908696281291,0.663459103570524,NA,0.520908696281291,0.663459103570524,77735.9787451461,100111.994603048,402.835070508896,659.824476403679,0.520908696281298,0.663459103570536
32,49,6973,119947,NA,26,691,NA,0.374262271484094,0.579425773126719,NA,0.374262271484094,0.579425773126719,78026.9151849581,100692.069301769,290.93643981198,580.074698721306,0.374262271484098,0.579425773126734
33,50,6991,120555,NA,18,608,NA,0.258138534346766,0.506890543323301,NA,0.258138534346766,0.506890543323301,78228.3327202126,101202.467878937,201.417535254455,510.398577167201,0.258138534346779,0.506890543323289
34,51,7011,121373,NA,20,818,NA,0.286082105564297,0.67852847248144,NA,0.286082105564297,0.67852847248144,78452.1299816064,101889.155438349,223.797261393818,686.687559412472,0.286082105564284,0.678528472481444
35,52,7032,122166,NA,21,793,NA,0.299529311082585,0.653357830819045,NA,0.299529311082585,0.653357830819045,78687.1171060699,102554.856214161,234.987124463529,665.700775811827,0.299529311082597,0.65335783081903
36,53,7049,122917,NA,17,751,NA,0.241751990898749,0.614737324623872,NA,0.241751990898749,0.614737324623872,78877.3447782547,103185.299193524,190.227672184759,630.442979362793,0.241751990898756,0.614737324623874
37,54,7067,123530,NA,18,613,NA,0.255355369555965,0.498710511971493,NA,0.255355369555965,0.498710511971493,79078.7623135091,103699.895127411,201.417535254441,514.595933887351,0.25535536955596,0.498710511971505
38,55,7085,123983,NA,18,453,NA,0.254704966746852,0.366712539464098,NA,0.254704966746852,0.366712539464098,79280.1798487636,104080.175646254,201.417535254441,380.280518843341,0.254704966746846,0.366712539464104
39,56,7100,124404,NA,15,421,NA,0.211714890613973,0.339562681980594,NA,0.211714890613973,0.339562681980594,79448.0277948089,104433.593082089,167.847946045382,353.417435834534,0.211714890613987,0.339562681980593
40,57,7115,125198,NA,15,794,NA,0.211267605633803,0.638243143307289,NA,0.211267605633803,0.638243143307289,79615.8757408543,105100.133329245,167.847946045382,666.540247155877,0.211267605633816,0.638243143307298
41,58,7127,125701,NA,12,503,NA,0.16865776528461,0.401763606447387,NA,0.16865776528461,0.401763606447387,79750.1540976906,105522.387415289,134.278356836294,422.254086044588,0.168657765284606,0.401763606447389
42,59,7132,126262,NA,5,561,NA,0.0701557457555774,0.446297165495899,NA,0.0701557457555774,0.446297165495899,79806.1034130391,105993.330839287,55.9493153484509,470.943423998033,0.0701557457555697,0.446297165495894
43,60,7141,126708,NA,9,446,NA,0.126191811553561,0.35323375203941,NA,0.126191811553561,0.35323375203941,79906.8121806663,106367.735058723,100.70876762722,374.404219435164,0.126191811553559,0.353233752039414
44,61,7147,127204,NA,6,496,NA,0.0840218456798768,0.391451210657575,NA,0.0840218456798768,0.391451210657575,79973.9513590844,106784.112845359,67.1391784181469,416.377786636411,0.0840218456798749,0.391451210657574
45,62,7154,127586,NA,7,382,NA,0.0979431929480901,0.300305021854659,NA,0.0979431929480901,0.300305021854659,80052.2804005723,107104.790898777,78.3290414878429,320.678053417549,0.097943192948094,0.300305021854649
46,63,7163,NA,NA,9,NA,NA,0.125803746155997,NA,NA,0.125803746155997,NA,80152.9891681995,NA,100.708767627235,NA,0.125803746156012,NA
47,64,7170,NA,NA,7,NA,NA,0.0977244171436549,NA,NA,0.0977244171436549,NA,80231.3182096873,NA,78.3290414878429,NA,0.0977244171436588,NA
48,65,7177,NA,NA,7,NA,NA,0.097629009762901,NA,NA,0.097629009762901,NA,80309.6472511752,NA,78.3290414878429,NA,0.0976290097629048,NA
49,66,7183,NA,NA,6,NA,NA,0.083600390135154,NA,NA,0.083600390135154,NA,80376.7864295933,NA,67.1391784181469,NA,0.0836003901351521,NA
50,67,7193,NA,NA,10,NA,NA,0.139217597104274,NA,NA,0.139217597104274,NA,80488.6850602903,NA,111.898630696916,NA,0.139217597104277,NA
51,68,7199,NA,NA,6,NA,NA,0.0834144306965105,NA,NA,0.0834144306965105,NA,80555.8242387084,NA,67.1391784181469,NA,0.0834144306965086,NA
52,69,7202,NA,NA,3,NA,NA,0.0416724545075705,NA,NA,0.0416724545075705,NA,80589.3938279175,NA,33.5695892090735,NA,0.0416724545075696,NA
53,70,7208,NA,NA,6,NA,NA,0.0833101916134407,NA,NA,0.0833101916134407,NA,80656.5330063356,NA,67.1391784181615,NA,0.0833101916134569,NA
54,71,7212,NA,NA,4,NA,NA,0.0554938956714761,NA,NA,0.0554938956714761,NA,80701.2924586144,NA,44.7594522787695,NA,0.0554938956714809,NA
55,72,7220,NA,NA,8,NA,NA,0.110926234054354,NA,NA,0.110926234054354,NA,80790.8113631719,NA,89.5189045575244,NA,0.110926234054345,NA
56,73,7226,NA,NA,6,NA,NA,0.0831024930747922,NA,NA,0.0831024930747922,NA,80857.9505415901,NA,67.1391784181469,NA,0.0831024930747904,NA
57,74,7228,NA,NA,2,NA,NA,0.0276778300581234,NA,NA,0.0276778300581234,NA,80880.3302677295,NA,22.379726139392,NA,0.0276778300581348,NA
58,75,7229,NA,NA,1,NA,NA,0.0138350857775318,NA,NA,0.0138350857775318,NA,80891.5201307992,NA,11.1898630696815,NA,0.0138350857775195,NA
59,76,7232,NA,NA,3,NA,NA,0.0414995158389819,NA,NA,0.0414995158389819,NA,80925.0897200082,NA,33.5695892090735,NA,0.0414995158389809,NA
60,77,7240,NA,NA,8,NA,NA,0.110619469026549,NA,NA,0.110619469026549,NA,81014.6086245658,NA,89.5189045575389,NA,0.110619469026558,NA
61,78,7252,NA,NA,12,NA,NA,0.165745856353591,NA,NA,0.165745856353591,NA,81148.8869814021,NA,134.278356836294,NA,0.165745856353587,NA
62,79,7274,NA,NA,22,NA,NA,0.303364589078875,NA,NA,0.303364589078875,NA,81395.0639689353,NA,246.17698753321,NA,0.303364589078874,NA
63,80,7298,NA,NA,24,NA,NA,0.329942260104482,NA,NA,0.329942260104482,NA,81663.6206826079,NA,268.556713672588,NA,0.329942260104474,NA
64,81,7316,NA,NA,18,NA,NA,0.246642915867361,NA,NA,0.246642915867361,NA,81865.0382178623,NA,201.417535254441,NA,0.246642915867355,NA
65,82,7333,NA,NA,17,NA,NA,0.23236741388737,NA,NA,0.23236741388737,NA,82055.2658900471,NA,190.227672184759,NA,0.232367413887377,NA
66,83,7353,NA,NA,20,NA,NA,0.272739669984999,NA,NA,0.272739669984999,NA,82279.0631514409,NA,223.797261393833,NA,0.272739669985005,NA
67,84,7371,NA,NA,18,NA,NA,0.244798041615667,NA,NA,0.244798041615667,NA,82480.4806866953,NA,201.417535254441,NA,0.244798041615662,NA
68,85,7383,NA,NA,12,NA,NA,0.162800162800163,NA,NA,0.162800162800163,NA,82614.7590435316,NA,134.278356836308,NA,0.162800162800177,NA
69,86,7392,NA,NA,9,NA,NA,0.121901665989435,NA,NA,0.121901665989435,NA,82715.4678111589,NA,100.708767627235,NA,0.12190166598945,NA
70,87,7402,NA,NA,10,NA,NA,0.135281385281385,NA,NA,0.135281385281385,NA,82827.3664418558,NA,111.898630696916,NA,0.135281385281388,NA
