"daysFromToday","Day","Korea","Italy","X","dif.Korea","dif.Italy","dif.X","growth.Korea","growth.Italy","growth.X","prj.grKO.X","prj.grIT.X","grKO.prj.tot.X","grIT.prj.tot.X","dif.grKO.prj.tot.X","dif.grIT.prj.tot.X","growth.grKO.prj.tot.X","growth.grIT.prj.tot.X"
-59,NA,NA,NA,58,NA,NA,NA,NA,NA,NA,NA,NA,NA,NA,NA,NA,NA,NA
-58,NA,NA,NA,66,NA,NA,8,NA,NA,13.7931034482759,NA,NA,NA,NA,NA,NA,NA,NA
-57,NA,NA,NA,66,NA,NA,0,NA,NA,0,NA,NA,NA,NA,NA,NA,NA,NA
-56,NA,NA,NA,70,NA,NA,4,NA,NA,6.06060606060606,NA,NA,NA,NA,NA,NA,NA,NA
-55,NA,NA,NA,70,NA,NA,0,NA,NA,0,NA,NA,NA,NA,NA,NA,NA,NA
-54,NA,NA,NA,79,NA,NA,9,NA,NA,12.8571428571429,NA,NA,NA,NA,NA,NA,NA,NA
-53,NA,NA,NA,79,NA,NA,0,NA,NA,0,NA,NA,NA,NA,NA,NA,NA,NA
-52,NA,NA,NA,92,NA,NA,13,NA,NA,16.4556962025316,NA,NA,NA,NA,NA,NA,NA,NA
-51,NA,NA,NA,101,NA,NA,9,NA,NA,9.78260869565217,NA,NA,NA,NA,NA,NA,NA,NA
-50,NA,NA,NA,110,NA,NA,9,NA,NA,8.91089108910891,NA,NA,NA,NA,NA,NA,NA,NA
-49,NA,NA,NA,130,NA,NA,20,NA,NA,18.1818181818182,NA,NA,NA,NA,NA,NA,NA,NA
-48,NA,NA,NA,142,NA,NA,12,NA,NA,9.23076923076923,NA,NA,NA,NA,NA,NA,NA,NA
-47,NA,NA,NA,160,NA,NA,18,NA,NA,12.6760563380282,NA,NA,NA,NA,NA,NA,NA,NA
-46,NA,NA,NA,204,NA,NA,44,NA,NA,27.5,NA,NA,NA,NA,NA,NA,NA,NA
-45,NA,NA,NA,221,NA,NA,17,NA,NA,8.33333333333333,NA,NA,NA,NA,NA,NA,NA,NA
-44,NA,NA,0,280,NA,NA,59,NA,NA,26.6968325791855,NA,NA,NA,NA,NA,NA,NA,NA
-43,NA,NA,0,326,NA,0,46,NA,NA,16.4285714285714,NA,NA,NA,NA,NA,NA,NA,NA
-42,NA,NA,0,333,NA,0,7,NA,NA,2.14723926380368,NA,NA,NA,NA,NA,NA,NA,NA
-41,NA,NA,1,396,NA,1,63,NA,Inf,18.9189189189189,NA,NA,NA,NA,NA,NA,NA,NA
-40,NA,NA,1,396,NA,0,0,NA,0,0,NA,NA,NA,NA,NA,NA,NA,NA
-39,NA,NA,1,499,NA,0,103,NA,0,26.010101010101,NA,NA,NA,NA,NA,NA,NA,NA
-38,NA,NA,2,572,NA,1,73,NA,100,14.6292585170341,NA,NA,NA,NA,NA,NA,NA,NA
-37,NA,NA,2,684,NA,0,112,NA,0,19.5804195804196,NA,NA,NA,NA,NA,NA,NA,NA
-36,NA,NA,3,766,NA,1,82,NA,50,11.9883040935673,NA,NA,NA,NA,NA,NA,NA,NA
-35,NA,NA,4,818,NA,1,52,NA,33.3333333333333,6.78851174934726,NA,NA,NA,NA,NA,NA,NA,NA
-34,NA,NA,5,876,NA,1,58,NA,25,7.09046454767726,NA,NA,NA,NA,NA,NA,NA,NA
-33,NA,NA,6,907,NA,1,31,NA,20,3.53881278538813,NA,NA,NA,NA,NA,NA,NA,NA
-32,NA,NA,8,971,NA,2,64,NA,33.3333333333333,7.05622932745314,NA,NA,NA,NA,NA,NA,NA,NA
-31,NA,NA,9,1027,NA,1,56,NA,12.5,5.76725025746653,NA,NA,NA,NA,NA,NA,NA,NA
-30,NA,NA,12,1101,NA,3,74,NA,33.3333333333333,7.20545277507303,NA,NA,NA,NA,NA,NA,NA,NA
-29,NA,NA,15,1101,NA,3,0,NA,25,0,NA,NA,NA,NA,NA,NA,NA,NA
-28,NA,NA,18,1124,NA,3,23,NA,20,2.08900999091735,NA,NA,NA,NA,NA,NA,NA,NA
-27,NA,NA,20,1179,NA,2,55,NA,11.1111111111111,4.8932384341637,NA,NA,NA,NA,NA,NA,NA,NA
-26,NA,NA,25,1327,NA,5,148,NA,25,12.5530110262935,NA,NA,NA,NA,NA,NA,NA,NA
-25,NA,NA,30,1421,NA,5,94,NA,20,7.08364732479277,NA,NA,NA,NA,NA,NA,NA,NA
-24,NA,NA,35,1462,NA,5,41,NA,16.6666666666667,2.88529204785362,NA,NA,NA,NA,NA,NA,NA,NA
-23,NA,NA,42,2080,NA,7,618,NA,20,42.2708618331053,NA,NA,NA,NA,NA,NA,NA,NA
-22,NA,NA,49,2129,NA,7,49,NA,16.6666666666667,2.35576923076923,NA,NA,NA,NA,NA,NA,NA,NA
-21,0,0,55,2129,NA,6,0,NA,12.2448979591837,0,NA,NA,NA,NA,NA,NA,NA,NA
-20,1,0,62,2145,0,7,16,NA,12.7272727272727,0.751526538280883,NA,NA,NA,NA,NA,NA,NA,NA
-19,2,1,71,2193,1,9,48,Inf,14.5161290322581,2.23776223776224,NA,NA,NA,NA,NA,NA,NA,NA
-18,3,1,81,2196,0,10,3,0,14.0845070422535,0.136798905608755,NA,NA,NA,NA,NA,NA,NA,NA
-17,4,2,93,2202,1,12,6,100,14.8148148148148,0.273224043715847,NA,NA,NA,NA,NA,NA,NA,NA
-16,5,2,106,2229,0,13,27,0,13.9784946236559,1.22615803814714,NA,NA,NA,NA,NA,NA,NA,NA
-15,6,3,117,2238,1,11,9,50,10.377358490566,0.403768506056528,NA,NA,NA,NA,NA,NA,NA,NA
-14,7,4,127,2238,1,10,0,33.3333333333333,8.54700854700855,0,NA,NA,NA,NA,NA,NA,NA,NA
-13,8,5,137,2238,1,10,0,25,7.8740157480315,0,NA,NA,NA,NA,NA,NA,NA,NA
-12,9,7,147,2251,2,10,13,40,7.2992700729927,0.580875781948168,NA,NA,NA,NA,NA,NA,NA,NA
-11,10,9,159,2266,2,12,15,28.5714285714286,8.16326530612245,0.666370501999112,NA,NA,NA,NA,NA,NA,NA,NA
-10,11,10,171,2276,1,12,10,11.1111111111111,7.54716981132075,0.441306266548985,NA,NA,NA,NA,NA,NA,NA,NA
-9,12,12,183,2317,2,12,41,20,7.01754385964912,1.80140597539543,NA,NA,NA,NA,NA,NA,NA,NA
-8,13,13,193,2321,1,10,4,8.33333333333333,5.46448087431694,0.172637030643073,NA,NA,NA,NA,NA,NA,NA,NA
-7,14,14,201,2321,1,8,0,7.69230769230769,4.14507772020725,0,NA,NA,NA,NA,NA,NA,NA,NA
-6,15,15,209,2354,1,8,33,7.14285714285714,3.98009950248756,1.4218009478673,NA,NA,NA,NA,NA,NA,NA,NA
-5,16,16,219,2432,1,10,78,6.66666666666667,4.78468899521531,3.31350892098556,NA,NA,NA,NA,NA,NA,NA,NA
-4,17,17,228,2488,1,9,56,6.25,4.10958904109589,2.30263157894737,NA,NA,NA,NA,NA,NA,NA,NA
-3,18,17,237,2488,0,9,0,0,3.94736842105263,0,NA,NA,NA,NA,NA,NA,NA,NA
-2,19,18,247,2754,1,10,266,5.88235294117647,4.21940928270042,10.6913183279743,NA,NA,NA,NA,NA,NA,NA,NA
-1,20,18,255,2756,0,8,2,0,3.23886639676113,0.0726216412490922,NA,NA,NA,NA,NA,NA,NA,NA
0,21,18,262,2756,0,7,0,0,2.74509803921569,0,NA,NA,2756,2756,0,0,NA,NA
1,22,19,268,NA,1,6,NA,5.55555555555556,2.29007633587786,NA,5.55555555555556,2.29007633587786,2909.11111111111,2819.11450381679,153.111111111111,63.1145038167938,5.55555555555556,2.29007633587786
2,23,19,276,NA,0,8,NA,0,2.98507462686567,NA,0,2.98507462686567,2909.11111111111,2903.26717557252,0,84.1526717557254,0,2.98507462686568
3,24,19,284,NA,0,8,NA,0,2.89855072463768,NA,0,2.89855072463768,2909.11111111111,2987.41984732824,0,84.1526717557249,0,2.89855072463767
4,25,19,292,NA,0,8,NA,0,2.8169014084507,NA,0,2.8169014084507,2909.11111111111,3071.57251908397,0,84.1526717557249,0,2.81690140845069
5,26,19,301,NA,0,9,NA,0,3.08219178082192,NA,0,3.08219178082192,2909.11111111111,3166.24427480916,0,94.6717557251909,0,3.08219178082192
6,27,20,309,NA,1,8,NA,5.26315789473684,2.6578073089701,NA,5.26315789473684,2.6578073089701,3062.22222222222,3250.39694656488,153.111111111111,84.1526717557249,5.26315789473683,2.65780730897009
7,28,20,316,NA,0,7,NA,0,2.26537216828479,NA,0,2.26537216828479,3062.22222222222,3324.03053435114,0,73.6335877862598,0,2.2653721682848
8,29,20,322,NA,0,6,NA,0,1.89873417721519,NA,0,1.89873417721519,3062.22222222222,3387.14503816794,0,63.1145038167942,0,1.8987341772152
9,30,21,327,NA,1,5,NA,5,1.5527950310559,NA,5,1.5527950310559,3215.33333333333,3439.74045801527,153.111111111111,52.5954198473282,5.00000000000001,1.5527950310559
10,31,21,334,NA,0,7,NA,0,2.14067278287462,NA,0,2.14067278287462,3215.33333333333,3513.37404580153,0,73.6335877862598,0,2.14067278287463
11,32,21,341,NA,0,7,NA,0,2.09580838323353,NA,0,2.09580838323353,3215.33333333333,3587.00763358779,0,73.6335877862593,0,2.09580838323353
12,33,21,348,NA,0,7,NA,0,2.05278592375367,NA,0,2.05278592375367,3215.33333333333,3660.64122137405,0,73.6335877862593,0,2.05278592375366
13,34,21,354,NA,0,6,NA,0,1.72413793103448,NA,0,1.72413793103448,3215.33333333333,3723.75572519084,0,63.1145038167938,0,1.72413793103448
14,35,22,359,NA,1,5,NA,4.76190476190476,1.41242937853107,NA,4.76190476190476,1.41242937853107,3368.44444444444,3776.35114503817,153.111111111111,52.5954198473282,4.76190476190477,1.41242937853107
15,36,22,364,NA,0,5,NA,0,1.39275766016713,NA,0,1.39275766016713,3368.44444444444,3828.9465648855,0,52.5954198473282,0,1.39275766016713
16,37,22,371,NA,0,7,NA,0,1.92307692307692,NA,0,1.92307692307692,3368.44444444444,3902.58015267176,0,73.6335877862593,0,1.92307692307692
17,38,22,376,NA,0,5,NA,0,1.34770889487871,NA,0,1.34770889487871,3368.44444444444,3955.17557251908,0,52.5954198473278,0,1.34770889487869
18,39,23,382,NA,1,6,NA,4.54545454545455,1.59574468085106,NA,4.54545454545455,1.59574468085106,3521.55555555556,4018.29007633588,153.111111111111,63.1145038167938,4.54545454545454,1.59574468085106
19,40,23,387,NA,0,5,NA,0,1.30890052356021,NA,0,1.30890052356021,3521.55555555556,4070.8854961832,0,52.5954198473282,0,1.30890052356021
20,41,23,391,NA,0,4,NA,0,1.03359173126615,NA,0,1.03359173126615,3521.55555555556,4112.96183206107,0,42.0763358778631,0,1.03359173126616
21,42,23,395,NA,0,4,NA,0,1.0230179028133,NA,0,1.0230179028133,3521.55555555556,4155.03816793893,0,42.0763358778622,0,1.02301790281329
22,43,23,399,NA,0,4,NA,0,1.0126582278481,NA,0,1.0126582278481,3521.55555555556,4197.11450381679,0,42.0763358778631,0,1.01265822784811
23,44,24,403,NA,1,4,NA,4.34782608695652,1.00250626566416,NA,4.34782608695652,1.00250626566416,3674.66666666667,4239.19083969466,153.111111111111,42.0763358778622,4.34782608695651,1.00250626566415
24,45,24,407,NA,0,4,NA,0,0.992555831265509,NA,0,0.992555831265509,3674.66666666667,4281.26717557252,0,42.0763358778631,0,0.992555831265521
25,46,24,410,NA,0,3,NA,0,0.737100737100737,NA,0,0.737100737100737,3674.66666666667,4312.82442748092,0,31.5572519083971,0,0.737100737100741
26,47,24,414,NA,0,4,NA,0,0.975609756097561,NA,0,0.975609756097561,3674.66666666667,4354.90076335878,0,42.0763358778622,0,0.975609756097552
27,48,24,417,NA,0,3,NA,0,0.72463768115942,NA,0,0.72463768115942,3674.66666666667,4386.45801526718,0,31.5572519083971,0,0.724637681159424
28,49,24,419,NA,0,2,NA,0,0.479616306954436,NA,0,0.479616306954436,3674.66666666667,4407.49618320611,0,21.0381679389311,0,0.479616306954432
29,50,24,422,NA,0,3,NA,0,0.715990453460621,NA,0,0.715990453460621,3674.66666666667,4439.0534351145,0,31.5572519083971,0,0.715990453460625
30,51,24,424,NA,0,2,NA,0,0.4739336492891,NA,0,0.4739336492891,3674.66666666667,4460.09160305343,0,21.0381679389311,0,0.473933649289095
31,52,25,427,NA,1,3,NA,4.16666666666667,0.707547169811321,NA,4.16666666666667,0.707547169811321,3827.77777777778,4491.64885496183,153.111111111111,31.5572519083971,4.16666666666667,0.707547169811325
32,53,25,430,NA,0,3,NA,0,0.702576112412178,NA,0,0.702576112412178,3827.77777777778,4523.20610687023,0,31.5572519083971,0,0.702576112412182
33,54,25,432,NA,0,2,NA,0,0.465116279069767,NA,0,0.465116279069767,3827.77777777778,4544.24427480916,0,21.038167938932,0,0.465116279069783
34,55,25,434,NA,0,2,NA,0,0.462962962962963,NA,0,0.462962962962963,3827.77777777778,4565.28244274809,0,21.0381679389311,0,0.462962962962959
35,56,25,435,NA,0,1,NA,0,0.230414746543779,NA,0,0.230414746543779,3827.77777777778,4575.80152671756,0,10.5190839694651,0,0.230414746543767
36,57,25,438,NA,0,3,NA,0,0.689655172413793,NA,0,0.689655172413793,3827.77777777778,4607.35877862595,0,31.5572519083971,0,0.689655172413797
37,58,25,440,NA,0,2,NA,0,0.45662100456621,NA,0,0.45662100456621,3827.77777777778,4628.39694656489,0,21.0381679389311,0,0.456621004566206
38,59,25,441,NA,0,1,NA,0,0.227272727272727,NA,0,0.227272727272727,3827.77777777778,4638.91603053435,0,10.5190839694651,0,0.227272727272715
39,60,25,443,NA,0,2,NA,0,0.453514739229025,NA,0,0.453514739229025,3827.77777777778,4659.95419847328,0,21.038167938932,0,0.453514739229041
40,61,25,445,NA,0,2,NA,0,0.451467268623025,NA,0,0.451467268623025,3827.77777777778,4680.99236641221,0,21.0381679389311,0,0.451467268623021
41,62,25,446,NA,0,1,NA,0,0.224719101123596,NA,0,0.224719101123596,3827.77777777778,4691.51145038168,0,10.519083969466,0,0.224719101123603
42,63,25,447,NA,0,1,NA,0,0.224215246636771,NA,0,0.224215246636771,3827.77777777778,4702.03053435114,0,10.5190839694651,0,0.22421524663676
43,64,25,449,NA,0,2,NA,0,0.447427293064877,NA,0,0.447427293064877,3827.77777777778,4723.06870229008,0,21.038167938932,0,0.447427293064892
44,65,25,450,NA,0,1,NA,0,0.22271714922049,NA,0,0.22271714922049,3827.77777777778,4733.58778625954,0,10.5190839694651,0,0.222717149220478
45,66,25,451,NA,0,1,NA,0,0.222222222222222,NA,0,0.222222222222222,3827.77777777778,4744.10687022901,0,10.5190839694651,0,0.222222222222211
46,67,25,452,NA,0,1,NA,0,0.221729490022173,NA,0,0.221729490022173,3827.77777777778,4754.62595419847,0,10.519083969466,0,0.221729490022181
47,68,25,454,NA,0,2,NA,0,0.442477876106195,NA,0,0.442477876106195,3827.77777777778,4775.6641221374,0,21.0381679389311,0,0.442477876106191
48,69,25,455,NA,0,1,NA,0,0.220264317180617,NA,0,0.220264317180617,3827.77777777778,4786.18320610687,0,10.5190839694651,0,0.220264317180605
49,70,25,455,NA,0,0,NA,0,0,NA,0,0,3827.77777777778,4786.18320610687,0,0,0,0
50,71,25,456,NA,0,1,NA,0,0.21978021978022,NA,0,0.21978021978022,3827.77777777778,4796.70229007633,0,10.519083969466,0,0.219780219780227
51,72,25,457,NA,0,1,NA,0,0.219298245614035,NA,0,0.219298245614035,3827.77777777778,4807.2213740458,0,10.519083969466,0,0.219298245614043
52,73,25,459,NA,0,2,NA,0,0.437636761487965,NA,0,0.437636761487965,3827.77777777778,4828.25954198473,0,21.0381679389311,0,0.437636761487961
53,74,25,460,NA,0,1,NA,0,0.217864923747277,NA,0,0.217864923747277,3827.77777777778,4838.7786259542,0,10.5190839694651,0,0.217864923747265
54,75,25,460,NA,0,0,NA,0,0,NA,0,0,3827.77777777778,4838.7786259542,0,0,0,0
55,76,25,461,NA,0,1,NA,0,0.217391304347826,NA,0,0.217391304347826,3827.77777777778,4849.29770992366,0,10.519083969466,0,0.217391304347834
56,77,25,461,NA,0,0,NA,0,0,NA,0,0,3827.77777777778,4849.29770992366,0,0,0,0
57,78,25,462,NA,0,1,NA,0,0.216919739696312,NA,0,0.216919739696312,3827.77777777778,4859.81679389313,0,10.5190839694651,0,0.216919739696301
58,79,25,463,NA,0,1,NA,0,0.216450216450216,NA,0,0.216450216450216,3827.77777777778,4870.33587786259,0,10.519083969466,0,0.216450216450224
59,80,25,463,NA,0,0,NA,0,0,NA,0,0,3827.77777777778,4870.33587786259,0,0,0,0
60,81,26,464,NA,1,1,NA,4,0.215982721382289,NA,4,0.215982721382289,3980.88888888889,4880.85496183206,153.111111111111,10.5190839694651,4.00000000000001,0.215982721382278
61,82,26,465,NA,0,1,NA,0,0.21551724137931,NA,0,0.21551724137931,3980.88888888889,4891.37404580153,0,10.519083969466,0,0.215517241379318
62,83,26,465,NA,0,0,NA,0,0,NA,0,0,3980.88888888889,4891.37404580153,0,0,0,0
63,84,26,NA,NA,0,NA,NA,0,NA,NA,0,NA,3980.88888888889,NA,0,NA,0,NA
64,85,26,NA,NA,0,NA,NA,0,NA,NA,0,NA,3980.88888888889,NA,0,NA,0,NA
65,86,26,NA,NA,0,NA,NA,0,NA,NA,0,NA,3980.88888888889,NA,0,NA,0,NA
66,87,26,NA,NA,0,NA,NA,0,NA,NA,0,NA,3980.88888888889,NA,0,NA,0,NA
67,88,26,NA,NA,0,NA,NA,0,NA,NA,0,NA,3980.88888888889,NA,0,NA,0,NA
68,89,26,NA,NA,0,NA,NA,0,NA,NA,0,NA,3980.88888888889,NA,0,NA,0,NA
69,90,26,NA,NA,0,NA,NA,0,NA,NA,0,NA,3980.88888888889,NA,0,NA,0,NA
70,91,26,NA,NA,0,NA,NA,0,NA,NA,0,NA,3980.88888888889,NA,0,NA,0,NA
71,92,26,NA,NA,0,NA,NA,0,NA,NA,0,NA,3980.88888888889,NA,0,NA,0,NA
72,93,26,NA,NA,0,NA,NA,0,NA,NA,0,NA,3980.88888888889,NA,0,NA,0,NA
73,94,26,NA,NA,0,NA,NA,0,NA,NA,0,NA,3980.88888888889,NA,0,NA,0,NA
74,95,26,NA,NA,0,NA,NA,0,NA,NA,0,NA,3980.88888888889,NA,0,NA,0,NA
75,96,26,NA,NA,0,NA,NA,0,NA,NA,0,NA,3980.88888888889,NA,0,NA,0,NA
76,97,26,NA,NA,0,NA,NA,0,NA,NA,0,NA,3980.88888888889,NA,0,NA,0,NA
77,98,27,NA,NA,1,NA,NA,3.84615384615385,NA,NA,3.84615384615385,NA,4134,NA,153.111111111112,NA,3.84615384615386,NA
78,99,27,NA,NA,0,NA,NA,0,NA,NA,0,NA,4134,NA,0,NA,0,NA
79,100,27,NA,NA,0,NA,NA,0,NA,NA,0,NA,4134,NA,0,NA,0,NA
80,101,27,NA,NA,0,NA,NA,0,NA,NA,0,NA,4134,NA,0,NA,0,NA
81,102,27,NA,NA,0,NA,NA,0,NA,NA,0,NA,4134,NA,0,NA,0,NA
82,103,27,NA,NA,0,NA,NA,0,NA,NA,0,NA,4134,NA,0,NA,0,NA
83,104,27,NA,NA,0,NA,NA,0,NA,NA,0,NA,4134,NA,0,NA,0,NA
84,105,27,NA,NA,0,NA,NA,0,NA,NA,0,NA,4134,NA,0,NA,0,NA
85,106,27,NA,NA,0,NA,NA,0,NA,NA,0,NA,4134,NA,0,NA,0,NA
86,107,27,NA,NA,0,NA,NA,0,NA,NA,0,NA,4134,NA,0,NA,0,NA
87,108,28,NA,NA,1,NA,NA,3.7037037037037,NA,NA,3.7037037037037,NA,4287.11111111111,NA,153.111111111111,NA,3.70370370370371,NA
