"daysFromToday","Day","Korea","Italy","X","dif.Korea","dif.Italy","dif.X","growth.Korea","growth.Italy","growth.X","prj.grKO.X","prj.grIT.X","grKO.prj.tot.X","grIT.prj.tot.X","dif.grKO.prj.tot.X","dif.grIT.prj.tot.X","growth.grKO.prj.tot.X","growth.grIT.prj.tot.X"
-91,NA,NA,23,NA,NA,NA,NA,NA,NA,NA,NA,NA,NA,NA,NA,NA,NA,NA
-90,NA,NA,34,NA,NA,11,NA,NA,47.8260869565217,NA,NA,NA,NA,NA,NA,NA,NA,NA
-89,NA,NA,47,NA,NA,13,NA,NA,38.2352941176471,NA,NA,NA,NA,NA,NA,NA,NA,NA
-88,NA,NA,67,178,NA,20,NA,NA,42.5531914893617,NA,NA,NA,NA,NA,NA,NA,NA,NA
-87,NA,NA,96,267,NA,29,89,NA,43.2835820895522,50,NA,NA,NA,NA,NA,NA,NA,NA
-86,NA,NA,130,427,NA,34,160,NA,35.4166666666667,59.9250936329588,NA,NA,NA,NA,NA,NA,NA,NA
-85,NA,NA,166,742,NA,36,315,NA,27.6923076923077,73.7704918032787,NA,NA,NA,NA,NA,NA,NA,NA
-84,NA,NA,249,890,NA,83,148,NA,50,19.9460916442049,NA,NA,NA,NA,NA,NA,NA,NA
-83,NA,NA,299,1327,NA,50,437,NA,20.0803212851406,49.1011235955056,NA,NA,NA,NA,NA,NA,NA,NA
-82,NA,NA,368,1914,NA,69,587,NA,23.0769230769231,44.2351168048229,NA,NA,NA,NA,NA,NA,NA,NA
-81,NA,NA,454,2844,NA,86,930,NA,23.3695652173913,48.58934169279,NA,NA,NA,NA,NA,NA,NA,NA
-80,NA,NA,567,3675,NA,113,831,NA,24.8898678414097,29.2194092827004,NA,NA,NA,NA,NA,NA,NA,NA
-79,NA,NA,681,4402,NA,114,727,NA,20.1058201058201,19.7823129251701,NA,NA,NA,NA,NA,NA,NA,NA
-78,NA,NA,864,6876,NA,183,2474,NA,26.8722466960352,56.20172648796,NA,NA,NA,NA,NA,NA,NA,NA
-77,NA,NA,1083,8825,NA,219,1949,NA,25.3472222222222,28.3449680046539,NA,NA,NA,NA,NA,NA,NA,NA
-76,NA,NA,1347,11124,NA,264,2299,NA,24.3767313019391,26.0509915014164,NA,NA,NA,NA,NA,NA,NA,NA
-75,NA,NA,1491,13386,NA,144,2262,NA,10.6904231625835,20.3344120819849,NA,NA,NA,NA,NA,NA,NA,NA
-74,NA,NA,1831,16636,NA,340,3250,NA,22.80348759222,24.2790975646198,NA,NA,NA,NA,NA,NA,NA,NA
-73,NA,NA,2220,18696,NA,389,2060,NA,21.2452211906062,12.3827843231546,NA,NA,NA,NA,NA,NA,NA,NA
-72,NA,NA,2594,22255,NA,374,3559,NA,16.8468468468468,19.0361574668378,NA,NA,NA,NA,NA,NA,NA,NA
-71,NA,NA,3108,25590,NA,514,3335,NA,19.8149575944487,14.9853965401033,NA,NA,NA,NA,NA,NA,NA,NA
-70,NA,NA,3635,29895,NA,527,4305,NA,16.956241956242,16.8229777256741,NA,NA,NA,NA,NA,NA,NA,NA
-69,NA,NA,4110,34124,NA,475,4229,NA,13.0674002751032,14.1461782906841,NA,NA,NA,NA,NA,NA,NA,NA
-68,NA,NA,4628,37505,NA,518,3381,NA,12.6034063260341,9.90798265150627,NA,NA,NA,NA,NA,NA,NA,NA
-67,NA,NA,5246,41090,NA,618,3585,NA,13.3535004321521,9.55872550326623,NA,NA,NA,NA,NA,NA,NA,NA
-66,NA,NA,6028,44416,NA,782,3326,NA,14.9065955013343,8.09442686785106,NA,NA,NA,NA,NA,NA,NA,NA
-65,NA,NA,6908,47437,NA,880,3021,NA,14.5985401459854,6.8016030259366,NA,NA,NA,NA,NA,NA,NA,NA
-64,NA,NA,7871,51027,NA,963,3590,NA,13.9403590040533,7.56793220481902,NA,NA,NA,NA,NA,NA,NA,NA
-63,NA,NA,8688,54588,NA,817,3561,NA,10.3798754923136,6.97865835734023,NA,NA,NA,NA,NA,NA,NA,NA
-62,NA,NA,9391,58151,NA,703,3563,NA,8.09162062615101,6.52707554773943,NA,NA,NA,NA,NA,NA,NA,NA
-61,NA,NA,10162,61850,NA,771,3699,NA,8.20998828665744,6.36102560575055,NA,NA,NA,NA,NA,NA,NA,NA
-60,NA,NA,10928,64584,NA,766,2734,NA,7.53788624286558,4.42037186742118,NA,NA,NA,NA,NA,NA,NA,NA
-59,NA,NA,11839,68824,NA,911,4240,NA,8.33638360175695,6.56509352161526,NA,NA,NA,NA,NA,NA,NA,NA
-58,NA,NA,12707,71030,NA,868,2206,NA,7.3317003125264,3.20527722887365,NA,NA,NA,NA,NA,NA,NA,NA
-57,NA,NA,13585,75317,NA,878,4287,NA,6.90957739828441,6.03547796705617,NA,NA,NA,NA,NA,NA,NA,NA
-56,NA,NA,14351,78467,NA,766,3150,NA,5.63857195436143,4.18232271598709,NA,NA,NA,NA,NA,NA,NA,NA
-55,NA,NA,14946,81420,NA,595,2953,NA,4.14605253989269,3.76336549122561,NA,NA,NA,NA,NA,NA,NA,NA
-54,NA,NA,15541,85301,NA,595,3881,NA,3.98099826040412,4.76664210267747,NA,NA,NA,NA,NA,NA,NA,NA
-53,0,18,16244,88806,NA,703,3505,NA,4.52351843510714,4.10897879274569,NA,NA,NA,NA,NA,NA,NA,NA
-52,1,35,16930,92387,17,686,3581,94.4444444444444,4.22309775917262,4.03238519919825,NA,NA,NA,NA,NA,NA,NA,NA
-51,2,75,17603,95865,40,673,3478,114.285714285714,3.97519196692262,3.76459891543182,NA,NA,NA,NA,NA,NA,NA,NA
-50,3,104,18309,99989,29,706,4124,38.6666666666667,4.01067999772766,4.30188285609972,NA,NA,NA,NA,NA,NA,NA,NA
-49,4,144,18943,102196,40,634,2207,38.4615384615385,3.46277786880769,2.20724279670764,NA,NA,NA,NA,NA,NA,NA,NA
-48,5,169,19472,105523,25,529,3327,17.3611111111111,2.79258829118936,3.25550902187953,NA,NA,NA,NA,NA,NA,NA,NA
-47,6,218,19918,109038,49,446,3515,28.9940828402367,2.29046836483155,3.3310273589644,NA,NA,NA,NA,NA,NA,NA,NA
-46,7,306,20482,111188,88,564,2150,40.3669724770642,2.83160959935737,1.97178965131422,NA,NA,NA,NA,NA,NA,NA,NA
-45,8,405,21099,113856,99,617,2668,32.3529411764706,3.01240113270188,2.39953951865309,NA,NA,NA,NA,NA,NA,NA,NA
-44,9,546,21680,116264,141,581,2408,34.8148148148148,2.75368500876819,2.11495222034851,NA,NA,NA,NA,NA,NA,NA,NA
-43,10,647,22369,118652,101,689,2388,18.4981684981685,3.1780442804428,2.05394619142641,NA,NA,NA,NA,NA,NA,NA,NA
-42,11,751,22971,121190,104,602,2538,16.0741885625966,2.69122446242568,2.13902841924283,NA,NA,NA,NA,NA,NA,NA,NA
-41,12,898,23434,123717,147,463,2527,19.5739014647137,2.01558486787689,2.08515554088621,NA,NA,NA,NA,NA,NA,NA,NA
-40,13,974,23870,126744,76,436,3027,8.46325167037862,1.86054450797986,2.44671306287737,NA,NA,NA,NA,NA,NA,NA,NA
-39,14,1055,24262,128269,81,392,1525,8.31622176591376,1.64222873900293,1.2032127753582,NA,NA,NA,NA,NA,NA,NA,NA
-38,15,1142,24818,130593,87,556,2324,8.24644549763033,2.29164949303437,1.81181735259494,NA,NA,NA,NA,NA,NA,NA,NA
-37,16,1220,25332,131890,78,514,1297,6.83012259194396,2.0710774437908,0.993161961207722,NA,NA,NA,NA,NA,NA,NA,NA
-36,17,1267,25844,133635,47,512,1745,3.85245901639344,2.02115900836886,1.32307225718402,NA,NA,NA,NA,NA,NA,NA,NA
-35,18,1296,26292,135454,29,448,1819,2.28887134964483,1.73347778981582,1.36117035207842,NA,NA,NA,NA,NA,NA,NA,NA
-34,19,1302,26623,137085,6,331,1631,0.462962962962963,1.25893808002434,1.20409880845158,NA,NA,NA,NA,NA,NA,NA,NA
-33,20,1344,27024,138532,42,401,1447,3.2258064516129,1.50621642940315,1.05554947660211,NA,NA,NA,NA,NA,NA,NA,NA
-32,21,1363,27519,139945,19,495,1413,1.41369047619048,1.83170515097691,1.01998094303121,NA,NA,NA,NA,NA,NA,NA,NA
-31,22,1382,27908,140743,19,389,798,1.39398385913426,1.41356880700607,0.570224016577941,NA,NA,NA,NA,NA,NA,NA,NA
-30,23,1401,28352,141560,19,444,817,1.37481910274964,1.59094166547227,0.580490681596953,NA,NA,NA,NA,NA,NA,NA,NA
-29,24,1414,28698,142704,13,346,1144,0.92790863668808,1.22037246049661,0.808137892059904,NA,NA,NA,NA,NA,NA,NA,NA
-28,25,1427,29040,143905,13,342,1201,0.919377652050919,1.19172067739912,0.84160219755578,NA,NA,NA,NA,NA,NA,NA,NA
-27,26,1441,29295,145089,14,255,1184,0.981079187105816,0.878099173553719,0.822765018588652,NA,NA,NA,NA,NA,NA,NA,NA
-26,27,1458,29602,146334,17,307,1245,1.17973629424011,1.04796040279911,0.85809399747741,NA,NA,NA,NA,NA,NA,NA,NA
-25,28,1484,29909,148039,26,307,1705,1.78326474622771,1.03709208837241,1.16514275561387,NA,NA,NA,NA,NA,NA,NA,NA
-24,29,1499,30184,149013,15,275,974,1.01078167115903,0.919455682236116,0.657934733414843,NA,NA,NA,NA,NA,NA,NA,NA
-23,30,1524,30472,150399,25,288,1386,1.66777851901268,0.954147892923403,0.930120190855831,NA,NA,NA,NA,NA,NA,NA,NA
-22,31,1541,30751,151472,17,279,1073,1.11548556430446,0.915594644263586,0.71343559465156,NA,NA,NA,NA,NA,NA,NA,NA
-21,32,1552,30956,152719,11,205,1247,0.713822193380921,0.666644987154889,0.823254462871026,NA,NA,NA,NA,NA,NA,NA,NA
-20,33,1566,31135,153104,14,179,385,0.902061855670103,0.578240082698023,0.252096988586882,NA,NA,NA,NA,NA,NA,NA,NA
-19,34,1583,31293,154154,17,158,1050,1.08556832694764,0.507467480327606,0.685808339429407,NA,NA,NA,NA,NA,NA,NA,NA
-18,35,1601,31505,155092,18,212,938,1.13708149084018,0.677467804301282,0.608482426664245,NA,NA,NA,NA,NA,NA,NA,NA
-17,36,1617,31711,155764,16,206,672,0.999375390381012,0.653864465957784,0.433291207799242,NA,NA,NA,NA,NA,NA,NA,NA
-16,37,1642,31906,156628,25,195,864,1.5460729746444,0.614928573681057,0.554685293135769,NA,NA,NA,NA,NA,NA,NA,NA
-15,38,1660,32065,157815,18,159,1187,1.09622411693057,0.498338870431894,0.757846617463033,NA,NA,NA,NA,NA,NA,NA,NA
-14,39,1674,32183,158844,14,118,1029,0.843373493975904,0.368002494932169,0.652029274783766,NA,NA,NA,NA,NA,NA,NA,NA
-13,40,1695,32292,159608,21,109,764,1.25448028673835,0.338688127272162,0.480975044697943,NA,NA,NA,NA,NA,NA,NA,NA
-12,41,1713,32498,160445,18,206,837,1.06194690265487,0.637928898798464,0.524409804019849,NA,NA,NA,NA,NA,NA,NA,NA
-11,42,1728,32628,160918,15,130,473,0.875656742556918,0.400024616899501,0.294805073389635,NA,NA,NA,NA,NA,NA,NA,NA
-10,43,1743,32774,161545,15,146,627,0.868055555555556,0.447468432021577,0.389639443691818,NA,NA,NA,NA,NA,NA,NA,NA
-9,44,1759,32890,162068,16,116,523,0.917957544463568,0.35393909806554,0.323748800643783,NA,NA,NA,NA,NA,NA,NA,NA
-8,45,1774,33019,162530,15,129,462,0.852757248436612,0.392216479173001,0.285065528049954,NA,NA,NA,NA,NA,NA,NA,NA
-7,46,1782,33118,163336,8,99,806,0.450958286358512,0.299827372119083,0.495908447671199,NA,NA,NA,NA,NA,NA,NA,NA
-6,47,1790,33184,163893,8,66,557,0.448933782267116,0.199287396581919,0.341014840574031,NA,NA,NA,NA,NA,NA,NA,NA
-5,48,1799,33303,164164,9,119,271,0.502793296089385,0.358606557377049,0.165351784395917,NA,NA,NA,NA,NA,NA,NA,NA
-4,49,1806,33401,164497,7,98,333,0.389105058365759,0.294267783683152,0.202845934553252,NA,NA,NA,NA,NA,NA,NA,NA
-3,50,1810,33495,164796,4,94,299,0.221483942414175,0.281428699739529,0.181766232818836,NA,NA,NA,NA,NA,NA,NA,NA
-2,51,1816,33591,165346,6,96,550,0.331491712707182,0.286609941782356,0.333745964707881,NA,NA,NA,NA,NA,NA,NA,NA
-1,52,1821,33689,165816,5,98,470,0.275330396475771,0.291744812598613,0.284252416145537,NA,NA,NA,NA,NA,NA,NA,NA
0,53,1825,33767,166164,4,78,348,0.219659527732015,0.231529579387931,0.209871182515559,NA,NA,166164,166164,348,348,NA,NA
1,54,1830,33812,NA,5,45,NA,0.273972602739726,0.133266206651464,NA,0.273972602739726,0.133266206651464,166619.243835616,166385.44045962,455.243835616449,221.440459620324,0.273972602739733,0.133266206651455
2,55,1835,33870,NA,5,58,NA,0.273224043715847,0.171536732520998,NA,0.273224043715847,0.171536732520998,167074.487671233,166670.852607575,455.24383561642,285.412147955096,0.273224043715836,0.171536732520994
3,56,1839,33956,NA,4,86,NA,0.217983651226158,0.253912016533806,NA,0.217983651226158,0.253912016533806,167438.682739726,167094.049930405,364.195068493165,423.197322829976,0.217983651226167,0.253912016533802
4,57,1842,34043,NA,3,87,NA,0.163132137030995,0.25621392390152,NA,0.163132137030995,0.25621392390152,167711.829041096,167522.168152338,273.146301369852,428.118221932644,0.163132137030989,0.256213923901512
5,58,1846,34119,NA,4,76,NA,0.217155266015201,0.223247069882208,NA,0.217155266015201,0.223247069882208,168076.024109589,167896.156484141,364.195068493165,373.988331803266,0.21715526601521,0.223247069882224
6,59,1847,34180,NA,1,61,NA,0.0541711809317443,0.178786013658079,NA,0.0541711809317443,0.178786013658079,168167.072876712,168196.331329404,91.0487671232841,300.174845263129,0.0541711809317422,0.178786013658081
7,60,1849,34229,NA,2,49,NA,0.108283703302653,0.143358689291984,NA,0.108283703302653,0.143358689291984,168349.170410959,168437.455385435,182.097534246568,241.124056031025,0.108283703302649,0.143358689291977
8,61,1851,34258,NA,2,29,NA,0.108166576527853,0.0847234800899822,NA,0.108166576527853,0.0847234800899822,168531.267945205,168580.161459413,182.097534246568,142.706073977548,0.108166576527849,0.0847234800899797
9,62,1853,34305,NA,2,47,NA,0.108049702863317,0.137194232004203,NA,0.108049702863317,0.137194232004203,168713.365479452,168811.443717239,182.097534246568,231.282257825689,0.108049702863313,0.137194232004204
10,63,1855,34352,NA,2,47,NA,0.107933081489477,0.137006267307973,NA,0.107933081489477,0.137006267307973,168895.463013699,169042.725975064,182.097534246597,231.282257825689,0.107933081489489,0.137006267307973
11,64,1857,34378,NA,2,26,NA,0.107816711590297,0.075687005123428,NA,0.107816711590297,0.075687005123428,169077.560547945,169170.669351734,182.097534246597,127.943376669544,0.107816711590309,0.0756870051234366
12,65,1859,34454,NA,2,76,NA,0.107700592353258,0.221071615568096,NA,0.107700592353258,0.221071615568096,169259.658082192,169544.657683537,182.097534246568,373.988331803237,0.107700592353254,0.221071615568094
13,66,1860,34494,NA,1,40,NA,0.0537923614846692,0.116096824751843,NA,0.0537923614846692,0.116096824751843,169350.706849315,169741.493647644,91.0487671232841,196.835964106955,0.053792361484667,0.116096824751835
14,67,1863,34523,NA,3,29,NA,0.161290322580645,0.0840725923348988,NA,0.161290322580645,0.0840725923348988,169623.853150685,169884.199721622,273.146301369881,142.706073977548,0.161290322580656,0.0840725923348964
15,68,1864,34564,NA,1,41,NA,0.0536768652710682,0.118761405439852,NA,0.0536768652710682,0.118761405439852,169714.901917808,170085.956584831,91.0487671232841,201.756863209652,0.053676865271066,0.118761405439857
16,69,1865,34605,NA,1,41,NA,0.0536480686695279,0.118620530031246,NA,0.0536480686695279,0.118620530031246,169805.950684932,170287.713448041,91.0487671232841,201.756863209652,0.0536480686695257,0.118620530031252
17,70,1867,34635,NA,2,30,NA,0.107238605898123,0.0866926744690074,NA,0.107238605898123,0.0866926744690074,169988.048219178,170435.340421121,182.097534246568,147.626973080245,0.107238605898119,0.0866926744690184
18,71,1868,34691,NA,1,56,NA,0.0535618639528656,0.161686155622925,NA,0.0535618639528656,0.161686155622925,170079.096986301,170710.910770871,91.0487671232841,275.57034974976,0.0535618639528634,0.161686155622927
19,72,1870,34715,NA,2,24,NA,0.107066381156317,0.0691822086420109,NA,0.107066381156317,0.0691822086420109,170261.194520548,170829.012349335,182.097534246568,118.101578464179,0.107066381156313,0.0691822086420095
20,73,1871,NA,NA,1,NA,NA,0.053475935828877,NA,NA,0.053475935828877,NA,170352.243287671,NA,91.0487671232841,NA,0.0534759358288749,NA
21,74,1872,NA,NA,1,NA,NA,0.0534473543559594,NA,NA,0.0534473543559594,NA,170443.292054795,NA,91.0487671232841,NA,0.0534473543559573,NA
22,75,1872,NA,NA,0,NA,NA,0,NA,NA,0,NA,170443.292054795,NA,0,NA,0,NA
23,76,1873,NA,NA,1,NA,NA,0.0534188034188034,NA,NA,0.0534188034188034,NA,170534.340821918,NA,91.0487671232841,NA,0.0534188034188013,NA
24,77,1875,NA,NA,2,NA,NA,0.106780565936999,NA,NA,0.106780565936999,NA,170716.438356164,NA,182.097534246568,NA,0.106780565936995,NA
25,78,1878,NA,NA,3,NA,NA,0.16,NA,NA,0.16,NA,170989.584657534,NA,273.146301369881,NA,0.160000000000011,NA
26,79,1884,NA,NA,6,NA,NA,0.319488817891374,NA,NA,0.319488817891374,NA,171535.877260274,NA,546.292602739704,NA,0.319488817891361,NA
27,80,1890,NA,NA,6,NA,NA,0.318471337579618,NA,NA,0.318471337579618,NA,172082.169863014,NA,546.292602739733,NA,0.318471337579622,NA
28,81,1895,NA,NA,5,NA,NA,0.264550264550265,NA,NA,0.264550264550265,NA,172537.41369863,NA,455.24383561642,NA,0.264550264550254,NA
29,82,1899,NA,NA,4,NA,NA,0.211081794195251,NA,NA,0.211081794195251,NA,172901.608767123,NA,364.195068493136,NA,0.211081794195242,NA
30,83,1904,NA,NA,5,NA,NA,0.263296471827278,NA,NA,0.263296471827278,NA,173356.85260274,NA,455.243835616449,NA,0.263296471827284,NA
31,84,1909,NA,NA,5,NA,NA,0.262605042016807,NA,NA,0.262605042016807,NA,173812.096438356,NA,455.243835616449,NA,0.262605042016813,NA
32,85,1912,NA,NA,3,NA,NA,0.157150340492404,NA,NA,0.157150340492404,NA,174085.242739726,NA,273.146301369852,NA,0.157150340492398,NA
33,86,1914,NA,NA,2,NA,NA,0.104602510460251,NA,NA,0.104602510460251,NA,174267.340273973,NA,182.097534246568,NA,0.104602510460247,NA
34,87,1917,NA,NA,3,NA,NA,0.156739811912226,NA,NA,0.156739811912226,NA,174540.486575342,NA,273.146301369852,NA,0.15673981191222,NA
35,88,1919,NA,NA,2,NA,NA,0.104329681794471,NA,NA,0.104329681794471,NA,174722.584109589,NA,182.097534246597,NA,0.104329681794483,NA
36,89,1925,NA,NA,6,NA,NA,0.312662845231892,NA,NA,0.312662845231892,NA,175268.876712329,NA,546.292602739704,NA,0.312662845231879,NA
37,90,1927,NA,NA,2,NA,NA,0.103896103896104,NA,NA,0.103896103896104,NA,175450.974246575,NA,182.097534246568,NA,0.1038961038961,NA
38,91,1930,NA,NA,3,NA,NA,0.155682407887909,NA,NA,0.155682407887909,NA,175724.120547945,NA,273.146301369852,NA,0.155682407887903,NA
39,92,1934,NA,NA,4,NA,NA,0.207253886010363,NA,NA,0.207253886010363,NA,176088.315616438,NA,364.195068493165,NA,0.207253886010371,NA
40,93,1939,NA,NA,5,NA,NA,0.258531540847983,NA,NA,0.258531540847983,NA,176543.559452055,NA,455.243835616449,NA,0.25853154084799,NA
41,94,1941,NA,NA,2,NA,NA,0.103145951521403,NA,NA,0.103145951521403,NA,176725.656986301,NA,182.097534246597,NA,0.103145951521415,NA
42,95,1945,NA,NA,4,NA,NA,0.20607934054611,NA,NA,0.20607934054611,NA,177089.852054794,NA,364.195068493136,NA,0.206079340546102,NA
43,96,1952,NA,NA,7,NA,NA,0.359897172236504,NA,NA,0.359897172236504,NA,177727.193424658,NA,637.341369863017,NA,0.359897172236506,NA
44,97,1965,NA,NA,13,NA,NA,0.665983606557377,NA,NA,0.665983606557377,NA,178910.82739726,NA,1183.63397260275,NA,0.665983606557383,NA
45,98,1975,NA,NA,10,NA,NA,0.508905852417303,NA,NA,0.508905852417303,NA,179821.315068493,NA,910.48767123287,NA,0.508905852417299,NA
46,99,1982,NA,NA,7,NA,NA,0.354430379746835,NA,NA,0.354430379746835,NA,180458.656438356,NA,637.341369862988,NA,0.354430379746821,NA
47,100,1987,NA,NA,5,NA,NA,0.252270433905146,NA,NA,0.252270433905146,NA,180913.900273973,NA,455.24383561642,NA,0.252270433905136,NA
48,101,1993,NA,NA,6,NA,NA,0.301962757926522,NA,NA,0.301962757926522,NA,181460.192876712,NA,546.292602739733,NA,0.301962757926527,NA
49,102,1999,NA,NA,6,NA,NA,0.301053687907677,NA,NA,0.301053687907677,NA,182006.485479452,NA,546.292602739704,NA,0.301053687907665,NA
50,103,2008,NA,NA,9,NA,NA,0.450225112556278,NA,NA,0.450225112556278,NA,182825.924383562,NA,819.438904109586,NA,0.450225112556276,NA
51,104,2015,NA,NA,7,NA,NA,0.348605577689243,NA,NA,0.348605577689243,NA,183463.265753425,NA,637.341369863047,NA,0.348605577689261,NA
52,105,2021,NA,NA,6,NA,NA,0.297766749379653,NA,NA,0.297766749379653,NA,184009.558356164,NA,546.292602739704,NA,0.297766749379641,NA
53,106,2030,NA,NA,9,NA,NA,0.445324096981692,NA,NA,0.445324096981692,NA,184828.997260274,NA,819.438904109615,NA,0.445324096981706,NA
54,107,2040,NA,NA,10,NA,NA,0.492610837438424,NA,NA,0.492610837438424,NA,185739.484931507,NA,910.487671232899,NA,0.492610837438436,NA
55,108,2047,NA,NA,7,NA,NA,0.343137254901961,NA,NA,0.343137254901961,NA,186376.82630137,NA,637.341369863017,NA,0.343137254901963,NA
56,109,2053,NA,NA,6,NA,NA,0.293111871030777,NA,NA,0.293111871030777,NA,186923.11890411,NA,546.292602739733,NA,0.293111871030781,NA
57,110,2062,NA,NA,9,NA,NA,0.438382854359474,NA,NA,0.438382854359474,NA,187742.557808219,NA,819.438904109586,NA,0.438382854359472,NA
58,111,2070,NA,NA,8,NA,NA,0.387972841901067,NA,NA,0.387972841901067,NA,188470.947945205,NA,728.390136986302,NA,0.387972841901067,NA
59,112,2079,NA,NA,9,NA,NA,0.434782608695652,NA,NA,0.434782608695652,NA,189290.386849315,NA,819.438904109586,NA,0.43478260869565,NA
60,113,2088,NA,NA,9,NA,NA,0.432900432900433,NA,NA,0.432900432900433,NA,190109.825753425,NA,819.438904109586,NA,0.432900432900431,NA
