"daysFromToday","Day","Korea","Italy","X","dif.Korea","dif.Italy","dif.X","growth.Korea","growth.Italy","growth.X","prj.grKO.X","prj.grIT.X","grKO.prj.tot.X","grIT.prj.tot.X","dif.grKO.prj.tot.X","dif.grIT.prj.tot.X","growth.grKO.prj.tot.X","growth.grIT.prj.tot.X"
-141,0,2,NA,NA,NA,NA,NA,NA,NA,NA,NA,NA,NA,NA,NA,NA,NA,NA
-140,1,4,NA,NA,2,NA,NA,100,NA,NA,NA,NA,NA,NA,NA,NA,NA,NA
-139,2,9,NA,NA,5,NA,NA,125,NA,NA,NA,NA,NA,NA,NA,NA,NA,NA
-138,3,12,NA,NA,3,NA,NA,33.3333333333333,NA,NA,NA,NA,NA,NA,NA,NA,NA,NA
-137,4,17,NA,NA,5,NA,NA,41.6666666666667,NA,NA,NA,NA,NA,NA,NA,NA,NA,NA
-136,5,20,NA,NA,3,NA,NA,17.6470588235294,NA,NA,NA,NA,NA,NA,NA,NA,NA,NA
-135,6,26,NA,NA,6,NA,NA,30,NA,NA,NA,NA,NA,NA,NA,NA,NA,NA
-134,7,36,NA,NA,10,NA,NA,38.4615384615385,NA,NA,NA,NA,NA,NA,NA,NA,NA,NA
-133,8,48,NA,NA,12,NA,NA,33.3333333333333,NA,NA,NA,NA,NA,NA,NA,NA,NA,NA
-132,9,65,NA,NA,17,NA,NA,35.4166666666667,NA,NA,NA,NA,NA,NA,NA,NA,NA,NA
-131,10,77,NA,NA,12,NA,NA,18.4615384615385,NA,NA,NA,NA,NA,NA,NA,NA,NA,NA
-130,11,90,NA,NA,13,NA,NA,16.8831168831169,NA,NA,NA,NA,NA,NA,NA,NA,NA,NA
-129,12,107,NA,NA,17,NA,NA,18.8888888888889,NA,NA,NA,NA,NA,NA,NA,NA,NA,NA
-128,13,116,NA,NA,9,NA,NA,8.41121495327103,NA,NA,NA,NA,NA,NA,NA,NA,NA,NA
-127,14,126,NA,NA,10,NA,NA,8.62068965517241,NA,NA,NA,NA,NA,NA,NA,NA,NA,NA
-126,15,136,NA,NA,10,NA,NA,7.93650793650794,NA,NA,NA,NA,NA,NA,NA,NA,NA,NA
-125,16,145,NA,NA,9,NA,NA,6.61764705882353,NA,NA,NA,NA,NA,NA,NA,NA,NA,NA
-124,17,151,NA,NA,6,NA,NA,4.13793103448276,NA,NA,NA,NA,NA,NA,NA,NA,NA,NA
-123,18,155,NA,NA,4,NA,NA,2.64900662251656,NA,NA,NA,NA,NA,NA,NA,NA,NA,NA
-122,19,155,NA,NA,0,NA,NA,0,NA,NA,NA,NA,NA,NA,NA,NA,NA,NA
-121,20,160,NA,NA,5,NA,NA,3.2258064516129,NA,NA,NA,NA,NA,NA,NA,NA,NA,NA
-120,21,163,NA,NA,3,NA,NA,1.875,NA,NA,NA,NA,NA,NA,NA,NA,NA,NA
-119,22,165,NA,NA,2,NA,NA,1.22699386503067,NA,NA,NA,NA,NA,NA,NA,NA,NA,NA
-118,23,167,NA,NA,2,NA,NA,1.21212121212121,NA,NA,NA,NA,NA,NA,NA,NA,NA,NA
-117,24,169,NA,NA,2,NA,NA,1.19760479041916,NA,NA,NA,NA,NA,NA,NA,NA,NA,NA
-116,25,170,NA,NA,1,NA,NA,0.591715976331361,NA,NA,NA,NA,NA,NA,NA,NA,NA,NA
-115,26,172,NA,NA,2,NA,NA,1.17647058823529,NA,NA,NA,NA,NA,NA,NA,NA,NA,NA
-114,27,174,NA,NA,2,NA,NA,1.16279069767442,NA,NA,NA,NA,NA,NA,NA,NA,NA,NA
-113,28,177,NA,NA,3,NA,NA,1.72413793103448,NA,NA,NA,NA,NA,NA,NA,NA,NA,NA
-112,29,179,NA,NA,2,NA,NA,1.12994350282486,NA,NA,NA,NA,NA,NA,NA,NA,NA,NA
-111,30,182,NA,113,3,NA,NA,1.67597765363128,NA,NA,NA,NA,NA,NA,NA,NA,NA,NA
-110,31,184,NA,129,2,NA,16,1.0989010989011,NA,14.1592920353982,NA,NA,NA,NA,NA,NA,NA,NA
-109,32,185,NA,148,1,NA,19,0.543478260869565,NA,14.7286821705426,NA,NA,NA,NA,NA,NA,NA,NA
-108,33,187,NA,176,2,NA,28,1.08108108108108,NA,18.9189189189189,NA,NA,NA,NA,NA,NA,NA,NA
-107,34,189,NA,217,2,NA,41,1.06951871657754,NA,23.2954545454545,NA,NA,NA,NA,NA,NA,NA,NA
-106,35,191,NA,248,2,NA,31,1.05820105820106,NA,14.2857142857143,NA,NA,NA,NA,NA,NA,NA,NA
-105,36,193,NA,312,2,NA,64,1.04712041884817,NA,25.8064516129032,NA,NA,NA,NA,NA,NA,NA,NA
-104,37,196,NA,417,3,NA,105,1.55440414507772,NA,33.6538461538462,NA,NA,NA,NA,NA,NA,NA,NA
-103,38,198,NA,495,2,NA,78,1.02040816326531,NA,18.705035971223,NA,NA,NA,NA,NA,NA,NA,NA
-102,39,200,NA,568,2,NA,73,1.01010101010101,NA,14.7474747474747,NA,NA,NA,NA,NA,NA,NA,NA
-101,40,202,NA,668,2,NA,100,1,NA,17.6056338028169,NA,NA,NA,NA,NA,NA,NA,NA
-100,41,204,NA,730,2,NA,62,0.99009900990099,NA,9.2814371257485,NA,NA,NA,NA,NA,NA,NA,NA
-99,42,206,NA,831,2,NA,101,0.980392156862745,NA,13.8356164383562,NA,NA,NA,NA,NA,NA,NA,NA
-98,43,208,3,968,2,NA,137,0.970873786407767,NA,16.4861612515042,NA,NA,NA,NA,NA,NA,NA,NA
-97,44,210,4,1150,2,1,182,0.961538461538462,33.3333333333333,18.801652892562,NA,NA,NA,NA,NA,NA,NA,NA
-96,45,212,6,1356,2,2,206,0.952380952380952,50,17.9130434782609,NA,NA,NA,NA,NA,NA,NA,NA
-95,46,212,8,1617,0,2,261,0,33.3333333333333,19.2477876106195,NA,NA,NA,NA,NA,NA,NA,NA
-94,47,213,11,1890,1,3,273,0.471698113207547,37.5,16.8831168831169,NA,NA,NA,NA,NA,NA,NA,NA
-93,48,215,16,2169,2,5,279,0.938967136150235,45.4545454545455,14.7619047619048,NA,NA,NA,NA,NA,NA,NA,NA
-92,49,215,20,2573,0,4,404,0,25,18.6260949746427,NA,NA,NA,NA,NA,NA,NA,NA
-91,50,216,30,2853,1,10,280,0.465116279069767,50,10.8822386319471,NA,NA,NA,NA,NA,NA,NA,NA
-90,51,217,36,3142,1,6,289,0.462962962962963,20,10.1296880476691,NA,NA,NA,NA,NA,NA,NA,NA
-89,52,217,44,3329,0,8,187,0,22.2222222222222,5.95162316995544,NA,NA,NA,NA,NA,NA,NA,NA
-88,53,218,54,3596,1,10,267,0.460829493087558,22.7272727272727,8.02042655452088,NA,NA,NA,NA,NA,NA,NA,NA
-87,54,218,68,3903,0,14,307,0,25.9259259259259,8.53726362625139,NA,NA,NA,NA,NA,NA,NA,NA
-86,55,219,81,4295,1,13,392,0.458715596330275,19.1176470588235,10.0435562387907,NA,NA,NA,NA,NA,NA,NA,NA
-85,56,219,103,4585,0,22,290,0,27.1604938271605,6.75203725261933,NA,NA,NA,NA,NA,NA,NA,NA
-84,57,220,129,4868,1,26,283,0.45662100456621,25.2427184466019,6.17230098146129,NA,NA,NA,NA,NA,NA,NA,NA
-83,58,220,161,5207,0,32,339,0,24.8062015503876,6.96384552177486,NA,NA,NA,NA,NA,NA,NA,NA
-82,59,220,178,5585,0,17,378,0,10.5590062111801,7.25945842135587,NA,NA,NA,NA,NA,NA,NA,NA
-81,60,221,218,5972,1,40,387,0.454545454545455,22.4719101123595,6.92927484333035,NA,NA,NA,NA,NA,NA,NA,NA
-80,61,221,265,6354,0,47,382,0,21.5596330275229,6.39651707970529,NA,NA,NA,NA,NA,NA,NA,NA
-79,62,221,309,6773,0,44,419,0,16.6037735849057,6.59427132514951,NA,NA,NA,NA,NA,NA,NA,NA
-78,63,221,371,7188,0,62,415,0,20.0647249190939,6.12727004281707,NA,NA,NA,NA,NA,NA,NA,NA
-77,64,221,434,7493,0,63,305,0,16.9811320754717,4.24318308291597,NA,NA,NA,NA,NA,NA,NA,NA
-76,65,222,490,7769,1,56,276,0.452488687782805,12.9032258064516,3.68343787535033,NA,NA,NA,NA,NA,NA,NA,NA
-75,66,222,552,7972,0,62,203,0,12.6530612244898,2.61294889947226,NA,NA,NA,NA,NA,NA,NA,NA
-74,67,222,626,8296,0,74,324,0,13.4057971014493,4.06422478675364,NA,NA,NA,NA,NA,NA,NA,NA
-73,68,222,719,8668,0,93,372,0,14.8562300319489,4.48408871745419,NA,NA,NA,NA,NA,NA,NA,NA
-72,69,222,824,9016,0,105,348,0,14.6036161335188,4.0147669589294,NA,NA,NA,NA,NA,NA,NA,NA
-71,70,223,939,9333,1,115,317,0.45045045045045,13.9563106796117,3.51597160603372,NA,NA,NA,NA,NA,NA,NA,NA
-70,71,223,1036,9522,0,97,189,0,10.3301384451544,2.02507232401157,NA,NA,NA,NA,NA,NA,NA,NA
-69,72,223,1120,9703,0,84,181,0,8.10810810810811,1.90086116362109,NA,NA,NA,NA,NA,NA,NA,NA
-68,73,223,1212,9994,0,92,291,0,8.21428571428571,2.99907245181903,NA,NA,NA,NA,NA,NA,NA,NA
-67,74,223,1303,10297,0,91,303,0,7.50825082508251,3.03181909145487,NA,NA,NA,NA,NA,NA,NA,NA
-66,75,223,1412,10639,0,109,342,0,8.36531082118189,3.32135573468,NA,NA,NA,NA,NA,NA,NA,NA
-65,76,223,1516,10910,0,104,271,0,7.36543909348442,2.54723188269574,NA,NA,NA,NA,NA,NA,NA,NA
-64,77,224,1620,11141,1,104,231,0.448430493273543,6.86015831134565,2.1173235563703,NA,NA,NA,NA,NA,NA,NA,NA
-63,78,224,1712,11427,0,92,286,0,5.67901234567901,2.56709451575263,NA,NA,NA,NA,NA,NA,NA,NA
-62,79,225,1783,11613,1,71,186,0.446428571428571,4.14719626168224,1.62772381202415,NA,NA,NA,NA,NA,NA,NA,NA
-61,80,225,1854,11788,0,71,175,0,3.9820527201346,1.50693188667872,NA,NA,NA,NA,NA,NA,NA,NA
-60,81,226,1937,12007,1,83,219,0.444444444444444,4.47680690399137,1.85782151340346,NA,NA,NA,NA,NA,NA,NA,NA
-59,82,227,2019,12203,1,82,196,0.442477876106195,4.23335054207537,1.63238111101857,NA,NA,NA,NA,NA,NA,NA,NA
-58,83,227,2100,12431,0,81,228,0,4.01188707280832,1.8683930181103,NA,NA,NA,NA,NA,NA,NA,NA
-57,84,228,2184,12663,1,84,232,0.440528634361234,4,1.86630198696806,NA,NA,NA,NA,NA,NA,NA,NA
-56,85,228,2259,12915,0,75,252,0,3.43406593406593,1.99004975124378,NA,NA,NA,NA,NA,NA,NA,NA
-55,86,228,2322,13040,0,63,125,0,2.78884462151394,0.967866821525358,NA,NA,NA,NA,NA,NA,NA,NA
-54,87,229,2376,13177,1,54,137,0.43859649122807,2.32558139534884,1.05061349693252,NA,NA,NA,NA,NA,NA,NA,NA
-53,88,229,2443,13392,0,67,215,0,2.81986531986532,1.63163087197389,NA,NA,NA,NA,NA,NA,NA,NA
-52,89,230,2516,13579,1,73,187,0.436681222707424,2.98812934916087,1.39635603345281,NA,NA,NA,NA,NA,NA,NA,NA
-51,90,230,2586,13748,0,70,169,0,2.78219395866455,1.2445688195007,NA,NA,NA,NA,NA,NA,NA,NA
-50,91,230,2668,13949,0,82,201,0,3.17092034029389,1.46203084084958,NA,NA,NA,NA,NA,NA,NA,NA
-49,92,231,2740,14057,1,72,108,0.434782608695652,2.69865067466267,0.774249050111119,NA,NA,NA,NA,NA,NA,NA,NA
-48,93,231,2795,14141,0,55,84,0,2.00729927007299,0.597567048445614,NA,NA,NA,NA,NA,NA,NA,NA
-47,94,232,2847,14211,1,52,70,0.432900432900433,1.86046511627907,0.495014496853122,NA,NA,NA,NA,NA,NA,NA,NA
-46,95,232,2894,14365,0,47,154,0,1.65086055497014,1.08366758145099,NA,NA,NA,NA,NA,NA,NA,NA
-45,96,233,2960,14498,1,66,133,0.431034482758621,2.2805805114029,0.925861468847894,NA,NA,NA,NA,NA,NA,NA,NA
-44,97,234,3021,14630,1,61,132,0.429184549356223,2.06081081081081,0.910470409711684,NA,NA,NA,NA,NA,NA,NA,NA
-43,98,236,3082,14808,2,61,178,0.854700854700855,2.0191989407481,1.21667805878332,NA,NA,NA,NA,NA,NA,NA,NA
-42,99,236,3136,14912,0,54,104,0,1.75210902011681,0.702323068611561,NA,NA,NA,NA,NA,NA,NA,NA
-41,100,237,3175,14988,1,39,76,0.423728813559322,1.24362244897959,0.509656652360515,NA,NA,NA,NA,NA,NA,NA,NA
-40,101,238,3223,15087,1,48,99,0.421940928270042,1.51181102362205,0.660528422738191,NA,NA,NA,NA,NA,NA,NA,NA
-39,102,238,3282,15194,0,59,107,0,1.83059261557555,0.709219858156028,NA,NA,NA,NA,NA,NA,NA,NA
-38,103,239,3329,15299,1,47,105,0.420168067226891,1.4320536258379,0.691062261418981,NA,NA,NA,NA,NA,NA,NA,NA
-37,104,240,3381,15416,1,52,117,0.418410041841004,1.56203063983178,0.764755866396497,NA,NA,NA,NA,NA,NA,NA,NA
-36,105,241,3423,15521,1,42,105,0.416666666666667,1.24223602484472,0.6811105345096,NA,NA,NA,NA,NA,NA,NA,NA
-35,106,242,3463,15589,1,40,68,0.4149377593361,1.1685655857435,0.438116100766703,NA,NA,NA,NA,NA,NA,NA,NA
-34,107,243,3494,15638,1,31,49,0.413223140495868,0.895177591683511,0.314324202963628,NA,NA,NA,NA,NA,NA,NA,NA
-33,108,244,3531,15683,1,37,45,0.411522633744856,1.05895821408128,0.287760583194782,NA,NA,NA,NA,NA,NA,NA,NA
-32,109,245,3567,15751,1,36,68,0.409836065573771,1.01954120645709,0.433590512019384,NA,NA,NA,NA,NA,NA,NA,NA
-31,110,246,3600,15855,1,33,104,0.408163265306122,0.925147182506308,0.660275538061076,NA,NA,NA,NA,NA,NA,NA,NA
-30,111,247,3634,15942,1,34,87,0.40650406504065,0.944444444444444,0.548722800378429,NA,NA,NA,NA,NA,NA,NA,NA
-29,112,248,3668,16023,1,34,81,0.404858299595142,0.935608145294441,0.508091832894242,NA,NA,NA,NA,NA,NA,NA,NA
-28,113,249,3692,16072,1,24,49,0.403225806451613,0.654307524536532,0.305810397553517,NA,NA,NA,NA,NA,NA,NA,NA
-27,114,250,3713,16104,1,21,32,0.401606425702811,0.568797399783315,0.199104031856645,NA,NA,NA,NA,NA,NA,NA,NA
-26,115,250,3732,16180,0,19,76,0,0.511715593859413,0.471932439145554,NA,NA,NA,NA,NA,NA,NA,NA
-25,116,251,3758,16232,1,26,52,0.4,0.696677384780279,0.321384425216316,NA,NA,NA,NA,NA,NA,NA,NA
-24,117,252,3782,16283,1,24,51,0.398406374501992,0.638637573177222,0.314194184327255,NA,NA,NA,NA,NA,NA,NA,NA
-23,118,253,3805,16354,1,23,71,0.396825396825397,0.608143839238498,0.43603758521157,NA,NA,NA,NA,NA,NA,NA,NA
-22,119,254,3824,16413,1,19,59,0.395256916996047,0.49934296977661,0.360768007826831,NA,NA,NA,NA,NA,NA,NA,NA
-21,120,256,3838,16449,2,14,36,0.78740157480315,0.366108786610879,0.219338329373058,NA,NA,NA,NA,NA,NA,NA,NA
-20,121,257,3851,16476,1,13,27,0.390625,0.338718082334549,0.164143716943279,NA,NA,NA,NA,NA,NA,NA,NA
-19,122,257,3876,16535,0,25,59,0,0.649182030641392,0.358096625394513,NA,NA,NA,NA,NA,NA,NA,NA
-18,123,258,3892,16612,1,16,77,0.389105058365759,0.412796697626419,0.465678863017841,NA,NA,NA,NA,NA,NA,NA,NA
-17,124,259,3909,16663,1,17,51,0.387596899224806,0.436793422404933,0.307006982903925,NA,NA,NA,NA,NA,NA,NA,NA
-16,125,260,3923,16708,1,14,45,0.386100386100386,0.358147863903812,0.270059413070876,NA,NA,NA,NA,NA,NA,NA,NA
-15,126,260,3938,16777,0,15,69,0,0.382360438439969,0.412975819966483,NA,NA,NA,NA,NA,NA,NA,NA
-14,127,261,3950,16813,1,12,36,0.384615384615385,0.304723209751143,0.214579483817131,NA,NA,NA,NA,NA,NA,NA,NA
-13,128,263,3958,16835,2,8,22,0.766283524904214,0.20253164556962,0.130851127104027,NA,NA,NA,NA,NA,NA,NA,NA
-12,129,264,3972,16871,1,14,36,0.380228136882129,0.353713996968166,0.213840213840214,NA,NA,NA,NA,NA,NA,NA,NA
-11,130,264,3984,16911,0,12,40,0,0.302114803625378,0.237093236915417,NA,NA,NA,NA,NA,NA,NA,NA
-10,131,266,3995,16976,2,11,65,0.757575757575758,0.276104417670683,0.384365206078884,NA,NA,NA,NA,NA,NA,NA,NA
-9,132,267,4006,17035,1,11,59,0.37593984962406,0.275344180225282,0.347549481621112,NA,NA,NA,NA,NA,NA,NA,NA
-8,133,268,4018,17057,1,12,22,0.374531835205993,0.299550673989016,0.129145876137364,NA,NA,NA,NA,NA,NA,NA,NA
-7,134,269,4027,17084,1,9,27,0.373134328358209,0.223992035838726,0.158292783021633,NA,NA,NA,NA,NA,NA,NA,NA
-6,135,270,4033,17108,1,6,24,0.371747211895911,0.148994288552272,0.140482322641068,NA,NA,NA,NA,NA,NA,NA,NA
-5,136,271,4040,17163,1,7,55,0.37037037037037,0.17356806347632,0.321487023614683,NA,NA,NA,NA,NA,NA,NA,NA
-4,137,272,4050,17204,1,10,41,0.3690036900369,0.247524752475248,0.238885975645283,NA,NA,NA,NA,NA,NA,NA,NA
-3,138,274,4060,17204,2,10,0,0.735294117647059,0.246913580246914,0,NA,NA,NA,NA,NA,NA,NA,NA
-2,139,275,4069,17243,1,9,39,0.364963503649635,0.221674876847291,0.226691467100674,NA,NA,NA,NA,NA,NA,NA,NA
-1,140,276,4077,17312,1,8,69,0.363636363636364,0.196608503317768,0.400162384735835,NA,NA,NA,NA,NA,NA,NA,NA
0,141,276,4082,17312,0,5,0,0,0.122639195486878,0,NA,NA,17312,17312,0,0,NA,NA
1,142,277,4086,NA,1,4,NA,0.36231884057971,0.0979911807937286,NA,0.36231884057971,0.0979911807937286,17374.7246376812,17328.964233219,62.7246376811599,16.9642332190087,0.362318840579713,0.0979911807937197
2,NA,NA,4091,NA,NA,5,NA,NA,0.122369065100343,NA,NA,0.122369065100343,NA,17350.1695247428,NA,21.2052915237655,NA,0.122369065100358
3,NA,NA,4097,NA,NA,6,NA,NA,0.146663407479834,NA,NA,0.146663407479834,NA,17375.6158745713,NA,25.4463498285149,NA,0.146663407479831
4,NA,NA,4100,NA,NA,3,NA,NA,0.0732243104710764,NA,NA,0.0732243104710764,NA,17388.3390494855,NA,12.7231749142593,NA,0.0732243104710854
5,NA,NA,4109,NA,NA,9,NA,NA,0.219512195121951,NA,NA,0.219512195121951,NA,17426.5085742283,NA,38.1695247427742,NA,0.219512195121957
6,NA,NA,4114,NA,NA,5,NA,NA,0.121684108055488,NA,NA,0.121684108055488,NA,17447.7138657521,NA,21.2052915237618,NA,0.121684108055482
7,NA,NA,4117,NA,NA,3,NA,NA,0.0729217306757414,NA,NA,0.0729217306757414,NA,17460.4370406663,NA,12.7231749142593,NA,0.0729217306757504
8,NA,NA,4122,NA,NA,5,NA,NA,0.121447656060238,NA,NA,0.121447656060238,NA,17481.6423321901,NA,21.2052915237618,NA,0.121447656060232
9,NA,NA,4127,NA,NA,5,NA,NA,0.121300339640951,NA,NA,0.121300339640951,NA,17502.8476237139,NA,21.2052915237618,NA,0.121300339640945
10,NA,NA,4131,NA,NA,4,NA,NA,0.0969227041434456,NA,NA,0.0969227041434456,NA,17519.8118569329,NA,16.9642332190124,NA,0.0969227041434576
11,NA,NA,4137,NA,NA,6,NA,NA,0.145243282498184,NA,NA,0.145243282498184,NA,17545.2582067614,NA,25.4463498285149,NA,0.145243282498182
