"daysFromToday","Day","Korea","Italy","X","dif.Korea","dif.Italy","dif.X","growth.Korea","growth.Italy","growth.X","prj.grKO.X","prj.grIT.X","grKO.prj.tot.X","grIT.prj.tot.X","dif.grKO.prj.tot.X","dif.grIT.prj.tot.X","growth.grKO.prj.tot.X","growth.grIT.prj.tot.X"
-62,NA,NA,NA,136,NA,NA,NA,NA,NA,NA,NA,NA,NA,NA,NA,NA,NA,NA
-61,NA,NA,NA,236,NA,NA,100,NA,NA,73.5294117647059,NA,NA,NA,NA,NA,NA,NA,NA
-60,NA,NA,NA,299,NA,NA,63,NA,NA,26.6949152542373,NA,NA,NA,NA,NA,NA,NA,NA
-59,NA,NA,NA,454,NA,NA,155,NA,NA,51.8394648829431,NA,NA,NA,NA,NA,NA,NA,NA
-58,NA,NA,NA,501,NA,NA,47,NA,NA,10.352422907489,NA,NA,NA,NA,NA,NA,NA,NA
-57,NA,NA,NA,730,NA,NA,229,NA,NA,45.7085828343313,NA,NA,NA,NA,NA,NA,NA,NA
-56,NA,NA,NA,776,NA,NA,46,NA,NA,6.3013698630137,NA,NA,NA,NA,NA,NA,NA,NA
-55,NA,NA,NA,875,NA,NA,99,NA,NA,12.7577319587629,NA,NA,NA,NA,NA,NA,NA,NA
-54,NA,NA,NA,972,NA,NA,97,NA,NA,11.0857142857143,NA,NA,NA,NA,NA,NA,NA,NA
-53,NA,NA,NA,1063,NA,NA,91,NA,NA,9.36213991769547,NA,NA,NA,NA,NA,NA,NA,NA
-52,NA,NA,NA,1201,NA,NA,138,NA,NA,12.9821260583255,NA,NA,NA,NA,NA,NA,NA,NA
-51,NA,NA,NA,1373,NA,NA,172,NA,NA,14.3213988343047,NA,NA,NA,NA,NA,NA,NA,NA
-50,NA,NA,NA,1495,NA,NA,122,NA,NA,8.8856518572469,NA,NA,NA,NA,NA,NA,NA,NA
-49,NA,NA,NA,1597,NA,NA,102,NA,NA,6.82274247491639,NA,NA,NA,NA,NA,NA,NA,NA
-48,NA,NA,NA,1717,NA,NA,120,NA,NA,7.51408891671885,NA,NA,NA,NA,NA,NA,NA,NA
-47,NA,NA,NA,1938,NA,NA,221,NA,NA,12.8712871287129,NA,NA,NA,NA,NA,NA,NA,NA
-46,NA,NA,NA,2118,NA,NA,180,NA,NA,9.28792569659443,NA,NA,NA,NA,NA,NA,NA,NA
-45,NA,NA,NA,2421,NA,NA,303,NA,NA,14.3059490084986,NA,NA,NA,NA,NA,NA,NA,NA
-44,NA,NA,NA,2686,NA,NA,265,NA,NA,10.9458901280463,NA,NA,NA,NA,NA,NA,NA,NA
-43,NA,NA,NA,2818,NA,NA,132,NA,NA,4.91437081161579,NA,NA,NA,NA,NA,NA,NA,NA
-42,NA,NA,NA,3157,NA,NA,339,NA,NA,12.0298083747339,NA,NA,NA,NA,NA,NA,NA,NA
-41,NA,NA,NA,3766,NA,NA,609,NA,NA,19.290465631929,NA,NA,NA,NA,NA,NA,NA,NA
-40,NA,NA,NA,4035,NA,NA,269,NA,NA,7.14285714285714,NA,NA,NA,NA,NA,NA,NA,NA
-39,NA,NA,NA,4263,NA,NA,228,NA,NA,5.65055762081784,NA,NA,NA,NA,NA,NA,NA,NA
-38,NA,NA,NA,4489,NA,NA,226,NA,NA,5.30143091719446,NA,NA,NA,NA,NA,NA,NA,NA
-37,NA,NA,554,4695,NA,NA,206,NA,NA,4.58899532189797,NA,NA,NA,NA,NA,NA,NA,NA
-36,NA,NA,819,5011,NA,265,316,NA,47.8339350180505,6.73056443024494,NA,NA,NA,NA,NA,NA,NA,NA
-35,NA,NA,1152,5230,NA,333,219,NA,40.6593406593407,4.37038515266414,NA,NA,NA,NA,NA,NA,NA,NA
-34,NA,NA,1620,5496,NA,468,266,NA,40.625,5.08604206500956,NA,NA,NA,NA,NA,NA,NA,NA
-33,NA,NA,2343,5837,NA,723,341,NA,44.6296296296296,6.20451237263464,NA,NA,NA,NA,NA,NA,NA,NA
-32,NA,NA,3176,6383,NA,833,546,NA,35.5527102005975,9.35412026726058,NA,NA,NA,NA,NA,NA,NA,NA
-31,NA,NA,4034,6919,NA,858,536,NA,27.0151133501259,8.39730534231552,NA,NA,NA,NA,NA,NA,NA,NA
-30,NA,NA,6059,7025,NA,2025,106,NA,50.1983143282102,1.53201329671918,NA,NA,NA,NA,NA,NA,NA,NA
-29,NA,NA,7282,7638,NA,1223,613,NA,20.184848984981,8.72597864768683,NA,NA,NA,NA,NA,NA,NA,NA
-28,NA,NA,8949,8348,NA,1667,710,NA,22.8920626201593,9.29562712752029,NA,NA,NA,NA,NA,NA,NA,NA
-27,NA,NA,11048,8418,NA,2099,70,NA,23.4551346519164,0.838524197412554,NA,NA,NA,NA,NA,NA,NA,NA
-26,NA,NA,13799,9565,NA,2751,1147,NA,24.900434467777,13.6255642670468,NA,NA,NA,NA,NA,NA,NA,NA
-25,NA,NA,16581,10076,NA,2782,511,NA,20.160881223277,5.34239414532148,NA,NA,NA,NA,NA,NA,NA,NA
-24,NA,NA,21041,11155,NA,4460,1079,NA,26.8982570411917,10.7086145295752,NA,NA,NA,NA,NA,NA,NA,NA
-23,NA,NA,26378,11940,NA,5337,785,NA,25.3647640321278,7.03720304796056,NA,NA,NA,NA,NA,NA,NA,NA
-22,NA,NA,32805,12723,NA,6427,783,NA,24.3650011373114,6.55778894472362,NA,NA,NA,NA,NA,NA,NA,NA
-21,NA,NA,36299,13328,NA,3494,605,NA,10.650815424478,4.75516780633498,NA,NA,NA,NA,NA,NA,NA,NA
-20,NA,NA,44572,13915,NA,8273,587,NA,22.791261467258,4.40426170468187,NA,NA,NA,NA,NA,NA,NA,NA
-19,NA,NA,54054,14612,NA,9482,697,NA,21.2734452122409,5.00898311174991,NA,NA,NA,NA,NA,NA,NA,NA
-18,0,440,63163,15525,NA,9109,913,NA,16.8516668516669,6.24828907747057,NA,NA,NA,NA,NA,NA,NA,NA
-17,1,862,75671,16817,422,12508,1292,95.9090909090909,19.8027326124472,8.32206119162641,NA,NA,NA,NA,NA,NA,NA,NA
-16,2,1831,88511,18114,969,12840,1297,112.412993039443,16.9681912489593,7.71243384670274,NA,NA,NA,NA,NA,NA,NA,NA
-15,3,2545,100074,19103,714,11563,989,38.995084653195,13.0639129599711,5.4598652975599,NA,NA,NA,NA,NA,NA,NA,NA
-14,4,3522,112685,20084,977,12611,981,38.3889980353635,12.6016747606771,5.13531905983353,NA,NA,NA,NA,NA,NA,NA,NA
-13,5,4130,127732,20941,608,15047,857,17.2629187961386,13.3531525935129,4.2670782712607,NA,NA,NA,NA,NA,NA,NA,NA
-12,6,5331,146767,22049,1201,19035,1108,29.0799031476998,14.9022954310588,5.29105582350413,NA,NA,NA,NA,NA,NA,NA,NA
-11,7,7466,168177,24073,2135,21410,2024,40.0487713374601,14.5877479269863,9.17955462832782,NA,NA,NA,NA,NA,NA,NA,NA
-10,8,9880,191629,24644,2414,23452,571,32.3332440396464,13.9448319330229,2.371951979396,NA,NA,NA,NA,NA,NA,NA,NA
-9,9,13317,211515,26435,3437,19886,1791,34.7874493927126,10.3773437214618,7.26748904398637,NA,NA,NA,NA,NA,NA,NA,NA
-8,10,15795,228643,28736,2478,17128,2301,18.6077945483217,8.09777084367539,8.70436920749007,NA,NA,NA,NA,NA,NA,NA,NA
-7,11,18327,247417,30334,2532,18774,1598,16.0303893637227,8.21105391374326,5.56096881959911,NA,NA,NA,NA,NA,NA,NA,NA
-6,12,21925,266051,32081,3598,18634,1747,19.6322365908223,7.53141457539296,5.75921408320696,NA,NA,NA,NA,NA,NA,NA,NA
-5,13,23764,288237,34336,1839,22186,2255,8.38768529076397,8.33900267241995,7.02908263458122,NA,NA,NA,NA,NA,NA,NA,NA
-4,14,25738,309371,35298,1974,21134,962,8.30668237670426,7.33216068721226,2.80172413793103,NA,NA,NA,NA,NA,NA,NA,NA
-3,15,27873,330738,35788,2135,21367,490,8.29512782655995,6.90659434788652,1.38818063346365,NA,NA,NA,NA,NA,NA,NA,NA
-2,16,29767,349397,38799,1894,18659,3011,6.79510637534532,5.64162569768215,8.41343467083939,NA,NA,NA,NA,NA,NA,NA,NA
-1,17,30921,363883,38799,1154,14486,0,3.87677629589814,4.1460001087588,0,NA,NA,NA,NA,NA,NA,NA,NA
0,18,31615,378379,40151,694,14496,1352,2.24442935222017,3.98369805679298,3.48462589241991,NA,NA,40151,40151,1352,1352,NA,NA
1,19,31763,395482,NA,148,17103,NA,0.468132215720386,4.5200711455974,NA,0.468132215720386,4.5200711455974,40338.9597659339,41965.8537656688,187.959765933898,1814.85376566881,0.4681322157204,4.5200711455974
2,20,32786,412178,NA,1023,16696,NA,3.22072852060574,4.22168391987499,NA,3.22072852060574,4.22168391987499,41638.168148031,43737.5194659323,1299.2083820971,1771.66570026349,3.22072852060573,4.22168391987498
3,21,33268,428577,NA,482,16399,NA,1.47013969377173,3.97862088709247,NA,1.47013969377173,3.97862088709247,42250.3073857346,45477.6695509,612.139237703617,1740.15008496772,1.47013969377172,3.97862088709247
4,22,33733,445763,NA,465,17186,NA,1.39773956955633,4.01001453647769,NA,1.39773956955633,4.01001453647769,42840.8566503242,47301.3307107424,590.549264589594,1823.66115984238,1.39773956955633,4.01001453647769
5,23,34185,461199,NA,452,15436,NA,1.33993418907301,3.46282665900938,NA,1.33993418907301,3.46282665900938,43414.8959354737,48939.2938006602,574.039285149454,1637.96308991778,1.33993418907301,3.46282665900938
6,24,34506,474072,NA,321,12873,NA,0.939008336989908,2.79120292975483,NA,0.939008336989908,2.79120292975483,43822.5654278033,50305.2888030255,407.669492329587,1365.99500236535,0.939008336989901,2.79120292975483
7,25,34819,484941,NA,313,10869,NA,0.907088622268591,2.29268971801752,NA,0.907088622268591,2.29268971801752,44220.0749327851,51458.6329870315,397.509504981805,1153.34418400599,0.907088622268573,2.29268971801753
8,26,35174,498661,NA,355,13720,NA,1.01955828714208,2.829210151338,NA,1.01955828714208,2.829210151338,44670.9243713427,52914.5058552404,450.849438557649,1455.87286820885,1.01955828714208,2.82921015133799
9,27,35568,513697,NA,394,15036,NA,1.12014556206289,3.0152749061988,NA,1.12014556206289,3.0152749061988,45171.3037482208,54510.0236720325,500.37937687806,1595.51781679215,1.12014556206288,3.01527490619879
10,28,36210,527828,NA,642,14131,NA,1.80499325236167,2.75084339600971,NA,1.80499325236167,2.75084339600971,45986.6427328799,56009.509058378,815.338984659182,1499.48538634543,1.80499325236168,2.7508433960097
11,29,36578,544617,NA,368,16789,NA,1.01629384148025,3.1807710087377,NA,1.01629384148025,3.1807710087377,46454.0021508777,57791.0432846432,467.359417997788,1781.5342262652,1.01629384148026,3.1807710087377
12,30,37200,559253,NA,622,14636,NA,1.70047569577342,2.6873931588621,NA,1.70047569577342,2.6873931588621,47243.9411671675,59344.1158283097,789.939016289733,1553.07254366654,1.70047569577341,2.6873931588621
13,31,37614,570530,NA,414,11277,NA,1.11290322580645,2.01643978664397,NA,1.11290322580645,2.01643978664397,47769.720512415,60540.7541909038,525.779345247516,1196.63836259412,1.11290322580647,2.01643978664397
14,32,37884,581160,NA,270,10630,NA,0.717817833785293,1.86317985031462,NA,0.717817833785293,1.86317985031462,48112.6200854025,61668.7373242172,342.899572987502,1127.98313331342,0.717817833785285,1.86317985031461
15,33,38206,590698,NA,322,9538,NA,0.849963045084996,1.64120035790488,NA,0.849963045084996,1.64120035790488,48521.5595761506,62680.8448618977,408.939490748067,1012.10753768047,0.849963045085006,1.64120035790487
16,34,38628,604240,NA,422,13542,NA,1.1045385541538,2.29254204348076,NA,1.1045385541538,2.29254204348076,49057.4989087458,64117.8295835657,535.939332595291,1436.98472166796,1.10453855415381,2.29254204348077
17,35,39068,616733,NA,440,12493,NA,1.13907010458735,2.06755593803787,NA,1.13907010458735,2.06755593803787,49616.2982128736,65443.5015764617,558.79930412778,1325.67199289602,1.13907010458733,2.06755593803787
18,36,39453,629219,NA,385,12486,NA,0.985461247056415,2.02453898202301,NA,0.985461247056415,2.02453898202301,50105.2476039854,66768.430777078,488.949391111812,1324.92920061632,0.98546124705641,2.02453898202302
19,37,40070,640117,NA,617,10898,NA,1.5638861430056,1.73198838560183,NA,1.5638861430056,1.73198838560183,50888.8366281828,67924.8522433856,783.589024197376,1156.42146630758,1.5638861430056,1.73198838560182
20,38,40514,648186,NA,444,8069,NA,1.10806089343649,1.26055080555586,NA,1.10806089343649,1.26055080555586,51452.7159259845,68781.0795155122,563.879297801679,856.22727212662,1.10806089343649,1.26055080555585
21,39,40844,657946,NA,330,9760,NA,0.814533247766204,1.50574063617542,NA,0.814533247766204,1.50574063617542,51871.8154040803,69816.7441797774,419.099478095843,1035.66466426519,0.814533247766208,1.50574063617541
22,40,41372,669999,NA,528,12053,NA,1.29272353344432,1.83191325731899,NA,1.29272353344432,1.83191325731899,52542.3745690337,71095.7263722352,670.559164953338,1278.98219245783,1.29272353344431,1.83191325731899
23,41,41799,679463,NA,427,9464,NA,1.0320990041574,1.41253942170063,NA,1.0320990041574,1.41253942170063,53084.6638937213,72099.9815343875,542.289324687641,1004.25516215223,1.03209900415739,1.41253942170062
24,42,42176,690268,NA,377,10805,NA,0.901935453001268,1.59022639937716,NA,0.901935453001268,1.59022639937716,53563.4532974854,73246.5344746933,478.789403764044,1146.55294030589,0.901935453001282,1.59022639937716
25,43,42539,698698,NA,363,8430,NA,0.860679059180577,1.22126478411284,NA,0.860679059180577,1.22126478411284,54024.4627233908,74141.0686058158,461.009425905424,894.534131122506,0.860679059180576,1.22126478411285
26,44,42937,707010,NA,398,8312,NA,0.935612026610875,1.18964130425448,NA,0.935612026610875,1.18964130425448,54529.9220939427,75023.0813813663,505.459370551951,882.012775550436,0.935612026610871,1.18964130425448
27,45,43279,713230,NA,342,6220,NA,0.796515825511796,0.87976124807287,NA,0.796515825511796,0.87976124807287,54964.2615530602,75683.1053784697,434.339459117502,660.023997103432,0.796515825511786,0.879761248072868
28,46,43478,720709,NA,199,7479,NA,0.459807296841424,1.04860984535143,NA,0.459807296841424,1.04860984535143,55216.9912383362,76476.725872736,252.729685275983,793.620494266332,0.459807296841436,1.04860984535143
29,47,43676,728170,NA,198,7461,NA,0.455402732416395,1.0352305854374,NA,0.455402732416395,1.0352305854374,55468.4509251937,77268.4363297117,251.45968685751,791.710456975678,0.455402732416405,1.0352305854374
30,48,43900,734865,NA,224,6695,NA,0.512867478706841,0.919428155513136,NA,0.512867478706841,0.919428155513136,55752.9305709315,77978.8640886518,284.479645737789,710.427758940117,0.512867478706852,0.919428155513145
31,49,44065,741893,NA,165,7028,NA,0.375854214123007,0.956366135276547,NA,0.375854214123007,0.956366135276547,55962.4803099794,78724.627537469,209.549739047921,745.76344881719,0.375854214123009,0.956366135276546
32,50,44179,748689,NA,114,6796,NA,0.258708725746057,0.916035061659835,NA,0.258708725746057,0.916035061659835,56107.2601296853,79445.7727278734,144.779819705829,721.145190404321,0.258708725746045,0.916035061659823
33,51,44306,753657,NA,127,4968,NA,0.287466896036578,0.663559902709937,NA,0.287466896036578,0.663559902709937,56268.5499288312,79972.9430200936,161.289799145976,527.170292220238,0.28746689603658,0.663559902709943
34,52,44442,758024,NA,136,4367,NA,0.306956168464768,0.579441310835035,NA,0.306956168464768,0.579441310835035,56441.2697137435,80436.3392894426,172.719784912224,463.396269348974,0.306956168464766,0.57944131083502
35,53,44547,761869,NA,105,3845,NA,0.236262994464696,0.507239876309985,NA,0.236262994464696,0.507239876309985,56574.619547683,80844.3444773626,133.349833939581,408.005187920047,0.236262994464687,0.507239876309984
36,54,44661,767033,NA,114,5164,NA,0.255909488854468,0.677806814557358,NA,0.255909488854468,0.677806814557358,56719.3993673889,81392.3129534144,144.779819705844,547.968476051785,0.255909488854482,0.677806814557353
37,55,44776,772044,NA,115,5011,NA,0.25749535388818,0.653296533525937,NA,0.25749535388818,0.653296533525937,56865.4491855132,81924.0461124956,146.049818124302,531.733159081225,0.257495353888169,0.65329653352592
38,56,44869,776791,NA,93,4747,NA,0.207700553868144,0.614861329147043,NA,0.207700553868144,0.614861329147043,56983.5590384311,82427.765391314,118.109852917914,503.719278818331,0.207700553868136,0.614861329147048
39,57,44962,780664,NA,93,3873,NA,0.207270052820433,0.498589710745876,NA,0.207270052820433,0.498589710745876,57101.668891349,82838.7417483528,118.109852917922,410.976357038846,0.207270052820438,0.498589710745881
40,58,45038,783532,NA,76,2868,NA,0.169031626706997,0.367379564063413,NA,0.169031626706997,0.367379564063413,57198.1887711529,83143.0743566635,96.5198798038982,304.332608310709,0.16903162670701,0.367379564063406
41,59,45072,786193,NA,34,2661,NA,0.0754918069186021,0.339615995262478,NA,0.0754918069186021,0.339615995262478,57241.368717381,83425.4415361317,43.1799462280542,282.367179468216,0.0754918069185984,0.339615995262491
42,60,45126,791208,NA,54,5015,NA,0.119808306709265,0.637884081898465,NA,0.119808306709265,0.637884081898465,57309.9486319785,83957.5991479442,68.5799145974961,532.157611812494,0.119808306709256,0.637884081898464
43,61,45165,794384,NA,39,3176,NA,0.0864246775694721,0.401411512522624,NA,0.0864246775694721,0.401411512522624,57359.4785702989,84294.6146165617,49.5299383204183,337.015468617436,0.0864246775694735,0.401411512522613
44,62,45211,797932,NA,46,3548,NA,0.101848776707628,0.446635380370199,NA,0.101848776707628,0.446635380370199,57417.8984975486,84671.1041891859,58.4199272497208,376.489572624268,0.101848776707623,0.446635380370193
45,63,45270,800754,NA,59,2822,NA,0.13049921479286,0.353664222013906,NA,0.13049921479286,0.353664222013906,57492.8284042385,84970.5555910872,74.9299066898675,299.451401901271,0.130499214792869,0.35366422201391
46,64,45312,803884,NA,42,3130,NA,0.0927766732935719,0.390881594097563,NA,0.0927766732935719,0.390881594097563,57546.1683378143,85302.6898532952,53.3399335758368,332.134262207997,0.0927766732935763,0.390881594097563
47,65,45355,806298,NA,43,2414,NA,0.0948975988700565,0.300292081942171,NA,0.0948975988700565,0.300292081942171,57600.7782698086,85558.8470766083,54.6099319943023,256.157223313145,0.0948975988700492,0.300292081942184
48,66,45397,NA,NA,42,NA,NA,0.0926028001322897,NA,NA,0.0926028001322897,NA,57654.1182033845,NA,53.3399335758295,NA,0.0926028001322815,NA
49,67,45456,NA,NA,59,NA,NA,0.129964535101438,NA,NA,0.129964535101438,NA,57729.0481100743,NA,74.9299066898602,NA,0.129964535101435,NA
50,68,45494,NA,NA,38,NA,NA,0.0835973248856037,NA,NA,0.0835973248856037,NA,57777.3080499763,NA,48.2599399019455,NA,0.083597324885604,NA
51,69,45511,NA,NA,17,NA,NA,0.0373675649536203,NA,NA,0.0373675649536203,NA,57798.8980230903,NA,21.5899731140307,NA,0.0373675649536247,NA
52,70,45549,NA,NA,38,NA,NA,0.0834962975983828,NA,NA,0.0834962975983828,NA,57847.1579629922,NA,48.2599399019455,NA,0.0834962975983832,NA
53,71,45575,NA,NA,26,NA,NA,0.0570813848822148,NA,NA,0.0570813848822148,NA,57880.1779218725,NA,33.0199588802716,NA,0.0570813848822031,NA
54,72,45630,NA,NA,55,NA,NA,0.120680197476687,NA,NA,0.120680197476687,NA,57950.0278348885,NA,69.8499130159762,NA,0.120680197476692,NA
55,73,45663,NA,NA,33,NA,NA,0.0723208415516108,NA,NA,0.0723208415516108,NA,57991.9377826981,NA,41.9099478095886,NA,0.0723208415516187,NA
56,74,45676,NA,NA,13,NA,NA,0.0284694391520487,NA,NA,0.0284694391520487,NA,58008.4477621382,NA,16.5099794401394,NA,0.0284694391520492,NA
57,75,45685,NA,NA,9,NA,NA,0.0197040021017602,NA,NA,0.0197040021017602,NA,58019.8777479045,NA,11.4299857662481,NA,0.0197040021017567,NA
58,76,45701,NA,NA,16,NA,NA,0.0350224362482215,NA,NA,0.0350224362482215,NA,58040.1977226,NA,20.3199746955579,NA,0.035022436248225,NA
59,77,45752,NA,NA,51,NA,NA,0.111594932277193,NA,NA,0.111594932277193,NA,58104.9676419421,NA,64.7699193420849,NA,0.111594932277194,NA
60,78,45828,NA,NA,76,NA,NA,0.166112956810631,NA,NA,0.166112956810631,NA,58201.487521746,NA,96.5198798038909,NA,0.166112956810632,NA
61,79,45972,NA,NA,144,NA,NA,0.314218381775334,NA,NA,0.314218381775334,NA,58384.367294006,NA,182.879772260007,NA,0.31421838177534,NA
62,80,46120,NA,NA,148,NA,NA,0.321935090924911,NA,NA,0.321935090924911,NA,58572.3270599399,NA,187.959765933891,NA,0.321935090924908,NA
63,81,46234,NA,NA,114,NA,NA,0.247181266261925,NA,NA,0.247181266261925,NA,58717.1068796457,NA,144.779819705836,NA,0.247181266261926,NA
64,82,46344,NA,NA,110,NA,NA,0.23792014534758,NA,NA,0.23792014534758,NA,58856.8067056777,NA,139.699826031945,NA,0.237920145347577,NA
65,83,46467,NA,NA,123,NA,NA,0.26540652511652,NA,NA,0.26540652511652,NA,59013.0165111498,NA,156.209805472092,NA,0.26540652511653,NA
66,84,46581,NA,NA,114,NA,NA,0.245335399315643,NA,NA,0.245335399315643,NA,59157.7963308556,NA,144.779819705829,NA,0.245335399315632,NA
67,85,46661,NA,NA,80,NA,NA,0.17174384405659,NA,NA,0.17174384405659,NA,59259.3962043334,NA,101.599873477775,NA,0.171743844056582,NA
68,86,46716,NA,NA,55,NA,NA,0.117871455819635,NA,NA,0.117871455819635,NA,59329.2461173493,NA,69.8499130159689,NA,0.117871455819628,NA
69,87,46780,NA,NA,64,NA,NA,0.136998030653309,NA,NA,0.136998030653309,NA,59410.5260161316,NA,81.2798987822171,NA,0.136998030653298,NA
