"daysFromToday","Day","Korea","Italy","X","dif.Korea","dif.Italy","dif.X","growth.Korea","growth.Italy","growth.X","prj.grKO.X","prj.grIT.X","grKO.prj.tot.X","grIT.prj.tot.X","dif.grKO.prj.tot.X","dif.grIT.prj.tot.X","growth.grKO.prj.tot.X","growth.grIT.prj.tot.X"
-98,0,0,NA,NA,NA,NA,NA,NA,NA,NA,NA,NA,NA,NA,NA,NA,NA,NA
-97,1,0,NA,NA,0,NA,NA,NA,NA,NA,NA,NA,NA,NA,NA,NA,NA,NA
-96,2,1,NA,NA,1,NA,NA,Inf,NA,NA,NA,NA,NA,NA,NA,NA,NA,NA
-95,3,1,NA,NA,0,NA,NA,0,NA,NA,NA,NA,NA,NA,NA,NA,NA,NA
-94,4,2,NA,NA,1,NA,NA,100,NA,NA,NA,NA,NA,NA,NA,NA,NA,NA
-93,5,2,NA,NA,0,NA,NA,0,NA,NA,NA,NA,NA,NA,NA,NA,NA,NA
-92,6,3,NA,NA,1,NA,NA,50,NA,NA,NA,NA,NA,NA,NA,NA,NA,NA
-91,7,4,NA,NA,1,NA,NA,33.3333333333333,NA,NA,NA,NA,NA,NA,NA,NA,NA,NA
-90,8,5,NA,NA,1,NA,NA,25,NA,NA,NA,NA,NA,NA,NA,NA,NA,NA
-89,9,7,NA,NA,2,NA,NA,40,NA,NA,NA,NA,NA,NA,NA,NA,NA,NA
-88,10,9,NA,NA,2,NA,NA,28.5714285714286,NA,NA,NA,NA,NA,NA,NA,NA,NA,NA
-87,11,10,NA,NA,1,NA,NA,11.1111111111111,NA,NA,NA,NA,NA,NA,NA,NA,NA,NA
-86,12,12,NA,NA,2,NA,NA,20,NA,NA,NA,NA,NA,NA,NA,NA,NA,NA
-85,13,13,NA,NA,1,NA,NA,8.33333333333333,NA,NA,NA,NA,NA,NA,NA,NA,NA,NA
-84,14,14,NA,NA,1,NA,NA,7.69230769230769,NA,NA,NA,NA,NA,NA,NA,NA,NA,NA
-83,15,15,NA,NA,1,NA,NA,7.14285714285714,NA,NA,NA,NA,NA,NA,NA,NA,NA,NA
-82,16,16,NA,NA,1,NA,NA,6.66666666666667,NA,NA,NA,NA,NA,NA,NA,NA,NA,NA
-81,17,17,NA,NA,1,NA,NA,6.25,NA,NA,NA,NA,NA,NA,NA,NA,NA,NA
-80,18,17,NA,NA,0,NA,NA,0,NA,NA,NA,NA,NA,NA,NA,NA,NA,NA
-79,19,18,NA,NA,1,NA,NA,5.88235294117647,NA,NA,NA,NA,NA,NA,NA,NA,NA,NA
-78,20,18,NA,NA,0,NA,NA,0,NA,NA,NA,NA,NA,NA,NA,NA,NA,NA
-77,21,18,NA,NA,0,NA,NA,0,NA,NA,NA,NA,NA,NA,NA,NA,NA,NA
-76,22,19,NA,NA,1,NA,NA,5.55555555555556,NA,NA,NA,NA,NA,NA,NA,NA,NA,NA
-75,23,19,NA,NA,0,NA,NA,0,NA,NA,NA,NA,NA,NA,NA,NA,NA,NA
-74,24,19,NA,NA,0,NA,NA,0,NA,NA,NA,NA,NA,NA,NA,NA,NA,NA
-73,25,19,NA,NA,0,NA,NA,0,NA,NA,NA,NA,NA,NA,NA,NA,NA,NA
-72,26,19,NA,NA,0,NA,NA,0,NA,NA,NA,NA,NA,NA,NA,NA,NA,NA
-71,27,20,NA,NA,1,NA,NA,5.26315789473684,NA,NA,NA,NA,NA,NA,NA,NA,NA,NA
-70,28,20,NA,NA,0,NA,NA,0,NA,NA,NA,NA,NA,NA,NA,NA,NA,NA
-69,29,20,NA,NA,0,NA,NA,0,NA,NA,NA,NA,NA,NA,NA,NA,NA,NA
-68,30,21,NA,NA,1,NA,NA,5,NA,NA,NA,NA,NA,NA,NA,NA,NA,NA
-67,31,21,NA,NA,0,NA,NA,0,NA,NA,NA,NA,NA,NA,NA,NA,NA,NA
-66,32,21,NA,NA,0,NA,NA,0,NA,NA,NA,NA,NA,NA,NA,NA,NA,NA
-65,33,21,NA,NA,0,NA,NA,0,NA,NA,NA,NA,NA,NA,NA,NA,NA,NA
-64,34,21,NA,NA,0,NA,NA,0,NA,NA,NA,NA,NA,NA,NA,NA,NA,NA
-63,35,22,NA,NA,1,NA,NA,4.76190476190476,NA,NA,NA,NA,NA,NA,NA,NA,NA,NA
-62,36,22,NA,NA,0,NA,NA,0,NA,NA,NA,NA,NA,NA,NA,NA,NA,NA
-61,37,22,NA,NA,0,NA,NA,0,NA,NA,NA,NA,NA,NA,NA,NA,NA,NA
-60,38,22,0,NA,0,NA,NA,0,NA,NA,NA,NA,NA,NA,NA,NA,NA,NA
-59,39,23,0,NA,1,0,NA,4.54545454545455,NA,NA,NA,NA,NA,NA,NA,NA,NA,NA
-58,40,23,0,NA,0,0,NA,0,NA,NA,NA,NA,NA,NA,NA,NA,NA,NA
-57,41,23,1,NA,0,1,NA,0,Inf,NA,NA,NA,NA,NA,NA,NA,NA,NA
-56,42,23,1,NA,0,0,NA,0,0,NA,NA,NA,NA,NA,NA,NA,NA,NA
-55,43,23,1,NA,0,0,NA,0,0,NA,NA,NA,NA,NA,NA,NA,NA,NA
-54,44,24,2,58,1,1,NA,4.34782608695652,100,NA,NA,NA,NA,NA,NA,NA,NA,NA
-53,45,24,2,66,0,0,8,0,0,13.7931034482759,NA,NA,NA,NA,NA,NA,NA,NA
-52,46,24,3,66,0,1,0,0,50,0,NA,NA,NA,NA,NA,NA,NA,NA
-51,47,24,4,70,0,1,4,0,33.3333333333333,6.06060606060606,NA,NA,NA,NA,NA,NA,NA,NA
-50,48,24,5,70,0,1,0,0,25,0,NA,NA,NA,NA,NA,NA,NA,NA
-49,49,24,6,79,0,1,9,0,20,12.8571428571429,NA,NA,NA,NA,NA,NA,NA,NA
-48,50,24,8,79,0,2,0,0,33.3333333333333,0,NA,NA,NA,NA,NA,NA,NA,NA
-47,51,24,9,92,0,1,13,0,12.5,16.4556962025316,NA,NA,NA,NA,NA,NA,NA,NA
-46,52,25,12,101,1,3,9,4.16666666666667,33.3333333333333,9.78260869565217,NA,NA,NA,NA,NA,NA,NA,NA
-45,53,25,15,110,0,3,9,0,25,8.91089108910891,NA,NA,NA,NA,NA,NA,NA,NA
-44,54,25,18,130,0,3,20,0,20,18.1818181818182,NA,NA,NA,NA,NA,NA,NA,NA
-43,55,25,20,142,0,2,12,0,11.1111111111111,9.23076923076923,NA,NA,NA,NA,NA,NA,NA,NA
-42,56,25,25,160,0,5,18,0,25,12.6760563380282,NA,NA,NA,NA,NA,NA,NA,NA
-41,57,25,30,204,0,5,44,0,20,27.5,NA,NA,NA,NA,NA,NA,NA,NA
-40,58,25,35,221,0,5,17,0,16.6666666666667,8.33333333333333,NA,NA,NA,NA,NA,NA,NA,NA
-39,59,25,42,280,0,7,59,0,20,26.6968325791855,NA,NA,NA,NA,NA,NA,NA,NA
-38,60,25,49,326,0,7,46,0,16.6666666666667,16.4285714285714,NA,NA,NA,NA,NA,NA,NA,NA
-37,61,25,55,333,0,6,7,0,12.2448979591837,2.14723926380368,NA,NA,NA,NA,NA,NA,NA,NA
-36,62,25,62,396,0,7,63,0,12.7272727272727,18.9189189189189,NA,NA,NA,NA,NA,NA,NA,NA
-35,63,25,71,396,0,9,0,0,14.5161290322581,0,NA,NA,NA,NA,NA,NA,NA,NA
-34,64,25,81,499,0,10,103,0,14.0845070422535,26.010101010101,NA,NA,NA,NA,NA,NA,NA,NA
-33,65,25,93,572,0,12,73,0,14.8148148148148,14.6292585170341,NA,NA,NA,NA,NA,NA,NA,NA
-32,66,25,106,684,0,13,112,0,13.9784946236559,19.5804195804196,NA,NA,NA,NA,NA,NA,NA,NA
-31,67,25,117,766,0,11,82,0,10.377358490566,11.9883040935673,NA,NA,NA,NA,NA,NA,NA,NA
-30,68,25,127,818,0,10,52,0,8.54700854700855,6.78851174934726,NA,NA,NA,NA,NA,NA,NA,NA
-29,69,25,137,876,0,10,58,0,7.8740157480315,7.09046454767726,NA,NA,NA,NA,NA,NA,NA,NA
-28,70,25,147,907,0,10,31,0,7.2992700729927,3.53881278538813,NA,NA,NA,NA,NA,NA,NA,NA
-27,71,25,159,971,0,12,64,0,8.16326530612245,7.05622932745314,NA,NA,NA,NA,NA,NA,NA,NA
-26,72,25,171,1027,0,12,56,0,7.54716981132075,5.76725025746653,NA,NA,NA,NA,NA,NA,NA,NA
-25,73,25,183,1101,0,12,74,0,7.01754385964912,7.20545277507303,NA,NA,NA,NA,NA,NA,NA,NA
-24,74,25,193,1101,0,10,0,0,5.46448087431694,0,NA,NA,NA,NA,NA,NA,NA,NA
-23,75,25,201,1124,0,8,23,0,4.14507772020725,2.08900999091735,NA,NA,NA,NA,NA,NA,NA,NA
-22,76,25,209,1179,0,8,55,0,3.98009950248756,4.8932384341637,NA,NA,NA,NA,NA,NA,NA,NA
-21,77,25,219,1327,0,10,148,0,4.78468899521531,12.5530110262935,NA,NA,NA,NA,NA,NA,NA,NA
-20,78,25,228,1421,0,9,94,0,4.10958904109589,7.08364732479277,NA,NA,NA,NA,NA,NA,NA,NA
-19,79,25,237,1462,0,9,41,0,3.94736842105263,2.88529204785362,NA,NA,NA,NA,NA,NA,NA,NA
-18,80,25,247,2080,0,10,618,0,4.21940928270042,42.2708618331053,NA,NA,NA,NA,NA,NA,NA,NA
-17,81,26,255,2129,1,8,49,4,3.23886639676113,2.35576923076923,NA,NA,NA,NA,NA,NA,NA,NA
-16,82,26,262,2129,0,7,0,0,2.74509803921569,0,NA,NA,NA,NA,NA,NA,NA,NA
-15,83,26,268,2145,0,6,16,0,2.29007633587786,0.751526538280883,NA,NA,NA,NA,NA,NA,NA,NA
-14,84,26,276,2193,0,8,48,0,2.98507462686567,2.23776223776224,NA,NA,NA,NA,NA,NA,NA,NA
-13,85,26,284,2196,0,8,3,0,2.89855072463768,0.136798905608755,NA,NA,NA,NA,NA,NA,NA,NA
-12,86,26,292,2202,0,8,6,0,2.8169014084507,0.273224043715847,NA,NA,NA,NA,NA,NA,NA,NA
-11,87,26,301,2229,0,9,27,0,3.08219178082192,1.22615803814714,NA,NA,NA,NA,NA,NA,NA,NA
-10,88,26,309,2238,0,8,9,0,2.6578073089701,0.403768506056528,NA,NA,NA,NA,NA,NA,NA,NA
-9,89,26,316,2238,0,7,0,0,2.26537216828479,0,NA,NA,NA,NA,NA,NA,NA,NA
-8,90,26,322,2238,0,6,0,0,1.89873417721519,0,NA,NA,NA,NA,NA,NA,NA,NA
-7,91,26,327,2251,0,5,13,0,1.5527950310559,0.580875781948168,NA,NA,NA,NA,NA,NA,NA,NA
-6,92,26,334,2266,0,7,15,0,2.14067278287462,0.666370501999112,NA,NA,NA,NA,NA,NA,NA,NA
-5,93,26,341,2276,0,7,10,0,2.09580838323353,0.441306266548985,NA,NA,NA,NA,NA,NA,NA,NA
-4,94,26,348,2317,0,7,41,0,2.05278592375367,1.80140597539543,NA,NA,NA,NA,NA,NA,NA,NA
-3,95,26,354,2321,0,6,4,0,1.72413793103448,0.172637030643073,NA,NA,NA,NA,NA,NA,NA,NA
-2,96,26,359,2321,0,5,0,0,1.41242937853107,0,NA,NA,NA,NA,NA,NA,NA,NA
-1,97,26,364,2354,0,5,33,0,1.39275766016713,1.4218009478673,NA,NA,NA,NA,NA,NA,NA,NA
0,98,27,371,2432,1,7,78,3.84615384615385,1.92307692307692,3.31350892098556,NA,NA,2432,2432,78,78,NA,NA
1,99,27,376,NA,0,5,NA,0,1.34770889487871,NA,0,1.34770889487871,2432,2464.77628032345,0,32.77628032345,0,1.3477088948787
2,100,27,382,NA,0,6,NA,0,1.59574468085106,NA,0,1.59574468085106,2432,2504.10781671159,0,39.3315363881402,0,1.59574468085107
3,101,27,387,NA,0,5,NA,0,1.30890052356021,NA,0,1.30890052356021,2432,2536.88409703504,0,32.77628032345,0,1.3089005235602
4,102,27,391,NA,0,4,NA,0,1.03359173126615,NA,0,1.03359173126615,2432,2563.1051212938,0,26.2210242587603,0,1.03359173126616
5,103,27,395,NA,0,4,NA,0,1.0230179028133,NA,0,1.0230179028133,2432,2589.32614555256,0,26.2210242587598,0,1.02301790281329
